COUNTY|DELTA
01001|-803
01003|-1658
01005|-306
01007|-189
01009|-702
01011|53
01013|-750
01015|-1786
01017|-605
01019|-130
01021|-652
01023|-187
01025|-588
01027|66
01029|-217
01031|-430
01033|-371
01035|-224
01037|-65
01039|-601
01041|-170
01043|-810
01045|-888
01047|-1031
01049|-679
01051|-675
01053|-20
01055|-1900
01057|-284
01059|-281
01061|-419
01063|-49
01065|-12
01067|-234
01069|-1128
01071|-137
01073|-9158
01075|-231
01077|-155
01079|-183
01081|-1063
01083|-1751
01085|-547
01087|-852
01089|-4611
01091|39
01093|-598
01095|-819
01097|-3585
01099|-187
01101|-4811
01103|-1209
01105|-115
01107|-225
01109|-288
01111|-215
01113|-1151
01115|-897
01117|-651
01119|-59
01121|-900
01123|-457
01125|511
01127|-878
01129|240
01131|-113
01133|-459
02110|5400
04001|-4858
04003|-2659
04005|-3017
04007|-1724
04009|-191
04011|-8
04013|-61827
04015|-3155
04017|-2161
04019|-20520
04021|-4476
04023|-1475
04025|-3083
04027|-5163
04029|-703
05001|-285
05003|-402
05005|-518
05007|-1064
05009|-380
05011|-142
05013|-58
05015|-228
05017|-229
05019|-44
05021|2
05023|-136
05025|-129
05027|40
05029|-312
05031|-1030
05033|-1073
05035|-693
05037|-318
05039|-145
05041|-461
05043|-95
05045|-422
05047|-68
05049|-218
05051|-1070
05053|-190
05055|-180
05057|-401
05059|-121
05061|-253
05063|-363
05065|-97
05067|-298
05069|-2141
05071|-112
05073|-10
05075|-325
05077|130
05079|-333
05081|14
05083|-500
05085|-968
05087|-12
05089|-361
05091|-585
05093|148
05095|-140
05097|-94
05099|3
05101|-251
05103|-823
05105|-82
05107|-121
05109|-201
05111|-390
05113|-445
05115|-297
05117|-75
05119|-5954
05121|-416
05123|-680
05125|-688
05127|-175
05129|-45
05131|-2157
05133|-232
05135|44
05137|-181
05139|-279
05141|-193
05143|-735
05145|-252
05147|-173
05149|-430
06001|-20434
06003|-55
06005|61
06007|-2579
06009|-339
06011|-378
06013|-7956
06015|-63
06017|250
06019|8922
06021|-373
06023|-1461
06025|-4426
06027|-287
06029|-11224
06031|-1428
06033|-1793
06035|-512
06037|-110254
06039|-901
06041|-660
06043|-254
06045|-925
06047|-3355
06049|-153
06051|-59
06053|-3902
06055|-199
06057|13
06059|-26662
06061|-892
06063|-182
06065|-13996
06067|-17237
06069|-519
06071|-32044
06073|-26356
06075|-3775
06077|-4617
06079|-904
06081|-2328
06083|-3636
06085|-13916
06087|-2359
06089|-3003
06091|-19
06093|-445
06095|-3740
06097|-910
06099|-5106
06101|-490
06103|-1248
06105|-197
06107|-5965
06109|-69
06111|-5382
06113|-2560
06115|-422
08003|-54
08007|-30
08009|-10
08011|91
08013|-1214
08015|104
08017|38
08021|68
08023|-58
08025|-95
08027|-5
08029|-65
08031|-15757
08033|-3
08037|-34
08039|-47
08041|25208
08043|-222
08045|8
08051|-70
08055|-149
08057|103
08059|-821
08061|6
08063|5
08065|35
08067|-95
08069|-1008
08071|-65
08073|-24
08075|-307
08077|317
08081|-122
08083|128
08085|0
08087|-74
08089|112
08091|47
08093|1
08095|21
08099|252
08101|-1045
08103|17
08105|-95
08107|26
08109|-64
08111|12
08113|34
08115|35
08117|26
08119|129
08121|59
08123|-1284
08125|7
09901|-9854
09903|-11435
09905|-6445
09907|-9740
09909|-5693
09911|-1293
09913|-2306
09915|-5070
10001|-634
10002|-6043
10003|-2533
11001|-9620
12001|-2787
12003|-699
12005|-2366
12007|-529
12009|-923
12011|-24064
12013|-252
12015|-895
12017|-2515
12019|-1820
12021|-2573
12023|-1745
12025|-56191
12027|-680
12029|-528
12031|-12139
12033|-5628
12035|-752
12037|116
12039|-1080
12041|308
12045|6
12047|-196
12049|-871
12051|-1035
12053|-2755
12055|-1607
12057|-22237
12059|-444
12061|-1087
12063|-441
12065|-202
12067|-235
12069|-3375
12071|-4586
12073|-3555
12075|-563
12077|-101
12079|-319
12081|-4061
12083|-7304
12085|-1646
12087|-813
12089|-928
12091|-1362
12093|-784
12095|-14264
12097|-3176
12099|-13145
12101|-5615
12103|-11688
12105|-11921
12107|-2809
12109|-1377
12111|-3265
12113|-1945
12115|-2041
12117|-5356
12119|-1355
12121|-1162
12123|-1221
12125|-142
12127|-3928
12129|-452
12131|-102
12133|-511
13001|-295
13003|-360
13005|-168
13007|-194
13009|-485
13011|-156
13013|-741
13015|-1139
13017|-393
13019|-485
13021|-4180
13023|-149
13025|-286
13027|-143
13029|-348
13031|-630
13033|-417
13035|-243
13037|-161
13039|-630
13043|-274
13045|-1514
13047|-759
13049|-334
13051|-690
13053|-265
13055|-267
13057|-1045
13059|-1330
13061|60
13063|-4613
13065|-171
13067|-5083
13069|-545
13071|-1182
13073|-548
13075|-467
13077|-1130
13079|-227
13081|-453
13083|-295
13085|-291
13087|-863
13089|-16415
13091|-325
13093|-169
13095|-1290
13097|-870
13099|-39
13100|-23
13103|-288
13105|-385
13107|-206
13109|-149
13111|-73
13113|4
13115|-1435
13117|-328
13119|-265
13121|-19006
13123|-487
13125|-29
13127|-1231
13129|-918
13131|-518
13133|-543
13135|-2517
13137|-367
13139|-1588
13141|-127
13143|-581
13145|-250
13147|-324
13149|-381
13151|-664
13153|-1339
13155|-234
13157|-781
13159|-183
13161|-164
13163|-6
13165|-111
13167|-278
13169|-392
13171|-379
13173|-271
13175|-581
13177|-269
13179|-1313
13181|-16
13183|-113
13185|-1807
13187|-274
13189|-647
13191|-362
13193|-270
13195|-800
13197|-264
13199|-508
13201|23
13205|-448
13207|-607
13209|-175
13211|-140
13213|-619
13215|-3117
13217|-1294
13219|-255
13221|-84
13223|-763
13225|-423
13227|-480
13229|-264
13231|-255
13233|-685
13235|-90
13237|-193
13239|12
13241|-104
13243|-252
13245|-3229
13247|-522
13249|-161
13251|-75
13253|-260
13255|-1499
13257|-603
13259|-168
13261|-859
13263|-403
13265|-59
13267|-336
13269|-180
13271|-124
13273|-431
13275|-696
13277|-796
13279|-475
13281|-63
13283|-107
13285|-1424
13287|-20
13289|-241
13291|-118
13293|-655
13295|-971
13297|-1238
13299|158
13301|-47
13303|-458
13305|-385
13307|6
13309|-4
13311|-249
13313|-1328
13315|-184
13317|-203
13319|-183
13321|-283
14000|2170
15001|454
15003|-2020
15007|-166
15009|256
16001|811
16003|-42
16005|-700
16007|46
16009|179
16011|-111
16013|64
16015|-121
16017|-112
16019|-889
16021|59
16023|18
16025|5
16027|286
16029|143
16031|77
16033|7
16035|123
16037|-14
16039|-257
16041|-62
16043|-177
16045|156
16047|44
16049|129
16051|62
16053|-69
16055|-591
16057|-310
16059|-26
16061|-80
16063|6
16065|-216
16067|71
16069|217
16071|-23
16073|165
16075|264
16077|-108
16079|216
16081|28
16083|-358
16085|104
16087|89
17001|15
17003|-66
17005|100
17007|-469
17009|14
17011|-169
17013|-13
17015|26
17017|-15
17019|-1312
17021|153
17023|-51
17025|-128
17027|-162
17029|-272
17031|-45860
17033|-50
17035|-186
17037|-527
17039|-151
17041|-98
17043|-2292
17045|-31
17047|47
17049|-242
17051|-170
17053|63
17055|-317
17057|180
17059|-25
17061|-145
17063|-159
17065|185
17067|-69
17069|1
17071|-79
17073|-150
17075|-302
17077|-564
17079|-83
17081|-618
17083|-295
17085|-94
17087|-84
17089|-2910
17091|-182
17093|-216
17095|105
17097|-1778
17099|-387
17101|44
17103|-186
17105|-429
17107|-101
17109|142
17111|-970
17113|-349
17115|-779
17117|164
17119|-1461
17121|-627
17123|33
17125|94
17127|-128
17129|13
17131|-266
17133|-302
17135|-160
17137|-30
17139|-155
17141|-315
17143|-262
17145|-266
17147|-5
17149|-91
17151|63
17153|74
17155|-44
17157|-144
17159|-106
17161|-208
17163|-2716
17165|-79
17167|-979
17169|56
17171|-65
17173|-168
17175|-85
17177|-465
17179|353
17181|-179
17183|-1479
17185|-174
17187|21
17189|-11
17191|72
17193|207
17195|-341
17197|-1856
17199|-759
17201|-1928
17203|-149
18001|-764
18003|-4844
18005|-213
18007|-86
18009|-405
18011|-220
18013|-152
18015|-78
18017|-692
18019|-1100
18021|48
18023|-570
18025|25
18027|-170
18029|-357
18031|-102
18033|-263
18035|-1632
18037|-227
18039|-4583
18041|-341
18043|-463
18045|-404
18047|-156
18049|-85
18051|-171
18053|-863
18055|-541
18057|-755
18059|-302
18061|-227
18063|-335
18065|-357
18067|-816
18069|-752
18071|-310
18073|-498
18075|-516
18077|-46
18079|-113
18081|-599
18083|-193
18085|-1343
18087|-544
18089|-4099
18091|-945
18093|-610
18095|-1494
18097|-17546
18099|-502
18101|-135
18103|-756
18105|-647
18107|-429
18109|-756
18111|-139
18113|-568
18115|-91
18117|-353
18119|-165
18121|33
18123|-119
18125|-18
18127|-237
18129|-182
18131|-328
18133|-214
18135|-659
18137|-37
18139|-255
18141|-4939
18143|-350
18145|-593
18147|-140
18149|-227
18151|-742
18153|227
18155|-63
18157|-1135
18159|-106
18161|-93
18163|-3627
18165|-56
18167|-437
18169|-325
18171|-136
18173|-181
18175|-343
18177|-1427
18179|-305
18181|-398
18183|-341
19001|-43
19003|-12
19005|37
19007|102
19009|-13
19011|-160
19013|1236
19015|-22
19017|1
19019|123
19021|-30
19023|67
19025|-53
19027|68
19029|-89
19031|-36
19033|-263
19035|-21
19037|95
19039|-30
19041|35
19043|160
19045|-255
19047|-109
19049|-129
19051|200
19053|6
19055|222
19057|-143
19059|122
19061|464
19063|-24
19065|153
19067|12
19069|-75
19071|-24
19073|-85
19075|-61
19077|43
19079|-129
19081|-98
19083|25
19085|-47
19087|-207
19089|76
19091|73
19093|-70
19095|-89
19097|66
19099|-62
19101|-131
19103|-385
19105|85
19107|-184
19109|-35
19111|-51
19113|-397
19115|-29
19117|3
19119|13
19121|-32
19123|-123
19125|-94
19127|-174
19129|-181
19131|12
19133|-75
19135|123
19137|-29
19139|-293
19141|-27
19143|15
19145|-157
19147|-23
19149|106
19151|-141
19153|-1737
19155|-1188
19157|-165
19159|39
19161|-21
19163|-937
19165|-93
19167|188
19169|-118
19171|-76
19173|-51
19175|-53
19177|-38
19179|54
19181|-69
19183|-27
19185|21
19187|-194
19189|-131
19191|67
19193|-529
19195|-38
19197|-183
20001|-127
20003|-95
20005|-59
20007|27
20009|-218
20011|-170
20013|-35
20015|-222
20017|-62
20019|27
20021|-322
20023|-27
20025|-50
20027|-31
20029|-101
20031|-132
20033|-39
20035|-502
20037|-403
20039|-23
20041|-52
20043|-73
20045|-832
20047|-30
20049|-42
20051|-181
20053|1
20055|-589
20057|-312
20059|-172
20061|-382
20063|-10
20065|-15
20067|19
20069|-54
20071|-20
20073|-16
20075|-21
20077|-128
20079|-234
20081|-28
20083|-22
20085|-155
20087|-25
20089|-14
20091|-1959
20093|-72
20095|-22
20097|-23
20099|-166
20101|-12
20103|-833
20105|11
20107|34
20109|-21
20111|-302
20113|-416
20115|-54
20117|-59
20119|-14
20121|-273
20123|-50
20125|-757
20127|-167
20129|-18
20131|-27
20133|-309
20135|1
20137|-92
20139|-304
20141|-7
20143|44
20145|-5
20147|-59
20149|-118
20151|-100
20153|-43
20155|-1058
20157|-75
20159|-135
20161|-370
20163|-21
20165|34
20167|-50
20169|-431
20171|-44
20173|-7215
20175|-293
20177|-2390
20179|17
20181|-69
20183|8
20185|-95
20187|-74
20189|-11
20191|-153
20193|-86
20195|43
20197|-104
20199|-5
20201|-47
20203|-25
20205|-148
20207|14
20209|-2602
21001|-290
21003|-235
21005|-58
21007|-62
21009|82
21011|-309
21013|-99
21015|-909
21017|-507
21019|-449
21021|-113
21023|-228
21025|-332
21027|-232
21029|-573
21031|-151
21033|-150
21035|-631
21037|-1406
21039|2
21041|-264
21043|-28
21045|-58
21047|-1423
21049|-579
21051|-612
21053|-134
21055|-138
21057|-236
21059|-1131
21061|-293
21063|-29
21065|-683
21067|-3630
21069|-82
21071|197
21073|-290
21075|-359
21077|-186
21079|-317
21081|-497
21083|-448
21085|-416
21087|-57
21089|-642
21091|-199
21093|-1108
21095|-17
21097|-255
21099|-56
21101|-746
21103|-183
21105|-115
21107|-652
21109|-364
21111|-10381
21113|-427
21115|-345
21117|-1651
21119|-99
21121|-871
21123|-207
21125|-1525
21127|-455
21129|-257
21131|-123
21133|-367
21135|-37
21137|-704
21139|-149
21141|-691
21143|-19
21145|-870
21147|-717
21149|12
21151|-1433
21153|-411
21155|-156
21157|-647
21159|-127
21161|46
21163|-471
21165|-164
21167|-355
21169|-33
21171|-112
21173|-524
21175|-222
21177|-484
21179|-128
21181|-161
21183|-421
21185|-377
21187|-268
21189|-170
21191|-388
21193|-880
21195|457
21197|-725
21199|-1248
21201|18
21203|-456
21205|-301
21207|-257
21209|-567
21211|11
21213|-268
21215|-85
21217|-246
21219|-238
21221|-40
21223|-141
21225|-212
21227|-579
21229|-59
21231|-469
21233|-157
21235|-633
21237|-360
21239|-222
22001|506
22003|-57
22005|-147
22007|217
22009|304
22011|-334
22013|11
22015|-733
22017|-1956
22019|-196
22021|-234
22023|142
22025|42
22027|-87
22029|340
22031|-144
22033|-2782
22035|37
22037|-338
22039|-69
22041|337
22043|-267
22045|927
22047|349
22049|-336
22051|-3106
22053|449
22055|2085
22057|221
22059|29
22061|-221
22063|20
22065|222
22067|-143
22069|-294
22071|-3267
22073|-2494
22075|-542
22077|220
22079|-1163
22081|43
22083|-274
22085|-270
22087|-843
22089|-535
22091|-414
22093|-66
22095|-788
22097|1479
22099|592
22101|924
22103|-2038
22105|-1090
22107|-66
22109|169
22111|-154
22113|742
22115|-1067
22117|-458
22119|-156
22121|-297
22123|19
22125|204
22127|21
23000|-29538
24001|-848
24003|-2561
24005|-6134
24009|-429
24011|-320
24013|-617
24015|-575
24017|-742
24019|-388
24021|-1388
24023|-428
24025|-1176
24027|-650
24029|-212
24031|-3696
24033|-7346
24035|-237
24037|-578
24039|-604
24041|-354
24043|-1334
24045|-1320
24047|-589
24510|-11932
25000|-75134
26001|-50
26003|7
26005|-956
26007|-17
26009|-346
26011|-193
26013|63
26015|-649
26017|-605
26019|-257
26021|-1494
26023|-781
26025|-1799
26027|-1346
26029|-278
26031|-415
26033|-163
26035|-639
26037|-269
26039|-74
26041|-95
26043|155
26045|-778
26047|-136
26049|-5184
26051|-148
26053|172
26055|-339
26057|-210
26059|-657
26061|77
26063|-509
26065|-2900
26067|-625
26069|-307
26071|8
26073|-604
26075|-1503
26077|-2388
26079|-358
26081|-6727
26083|14
26085|-293
26087|-843
26089|-178
26091|-878
26093|-390
26095|-99
26097|-86
26099|-5268
26101|-285
26103|-662
26105|-241
26107|-705
26109|-210
26111|-293
26113|-193
26115|-286
26117|-1685
26119|-113
26121|-2351
26123|-650
26125|-7655
26127|-392
26129|-415
26131|107
26133|-561
26135|-186
26137|-76
26139|-1489
26141|-180
26143|-308
26145|-2416
26147|-1233
26149|-1802
26151|-856
26153|-78
26155|-235
26157|-778
26159|-1623
26161|-1766
26163|-29677
26165|-518
27001|-204
27003|-2215
27005|-680
27007|-799
27009|-250
27011|-10
27013|-149
27015|-61
27017|-260
27019|-216
27021|-963
27023|114
27025|-326
27027|-829
27029|-4
27031|69
27033|-386
27035|1742
27037|-1622
27039|-146
27041|-248
27043|-47
27045|72
27047|-647
27049|-195
27051|-54
27053|-17220
27055|-84
27057|-98
27059|-426
27061|-14
27063|-134
27065|-123
27067|88
27069|-7
27071|311
27073|67
27075|-51
27077|26
27079|88
27081|-10
27083|-35
27085|-121
27087|-154
27089|-40
27091|13
27093|-144
27095|-338
27097|-134
27099|-368
27101|-25
27103|-161
27105|-60
27107|-43
27109|-395
27111|17
27113|-262
27115|53
27117|8
27119|-577
27121|-40
27123|-7208
27125|15
27127|21
27129|-14
27131|-402
27133|-57
27135|-92
27137|-817
27139|-684
27141|-458
27143|-61
27145|-659
27147|-320
27149|51
27151|-49
27153|7
27155|-9
27157|-145
27159|37
27161|-13
27163|-664
27165|-37
27167|-29
27169|-599
27171|-582
27173|-14
28001|-295
28003|-90
28005|219
28007|403
28009|-9
28011|428
28013|-213
28015|8
28017|-605
28019|-63
28021|255
28023|7
28025|-631
28027|26
28029|-421
28031|-148
28033|-410
28035|82
28037|202
28039|-33
28041|78
28043|-601
28045|-1020
28047|-2256
28049|-2819
28051|19
28053|-24
28055|14
28057|-149
28059|235
28061|466
28063|-261
28065|113
28067|-338
28069|250
28071|81
28073|-179
28075|-625
28077|48
28079|210
28081|-1781
28083|-317
28085|460
28087|-151
28089|-181
28091|-468
28093|-209
28095|-80
28097|124
28099|51
28101|-2
28103|143
28105|-50
28107|70
28109|-933
28111|-119
28113|88
28115|-81
28117|-526
28119|45
28121|-1180
28123|404
28125|216
28127|-209
28129|-173
28131|69
28133|90
28135|-11
28137|-135
28139|-132
28141|-43
28143|48
28145|-35
28147|-348
28149|-476
28151|-115
28153|138
28155|72
28157|238
28159|1
28161|-162
28163|-40
29001|-44
29003|-65
29005|-131
29007|-309
29009|-700
29011|-113
29013|-176
29015|-260
29017|-78
29019|-1311
29021|-1029
29023|-357
29025|-160
29027|-177
29029|-370
29031|-709
29033|-102
29035|-157
29037|-793
29039|-197
29041|-10
29043|-681
29045|84
29047|-2349
29049|-163
29051|-639
29053|-76
29055|-306
29057|-106
29059|-357
29061|-114
29063|-25
29065|9
29067|-309
29069|-775
29071|-1390
29073|-85
29075|-91
29077|-2699
29079|-75
29081|43
29083|-607
29085|-66
29087|-53
29089|-34
29091|-398
29093|-77
29095|-16114
29097|-1753
29099|-2178
29101|-553
29103|-27
29105|-603
29107|-754
29109|-587
29111|34
29113|-482
29115|-119
29117|-32
29119|-187
29121|-63
29123|-104
29125|-53
29127|-317
29129|-15
29131|-563
29133|-329
29135|-100
29137|-29
29139|-198
29141|-326
29143|-541
29145|-957
29147|50
29149|-74
29151|-23
29153|-63
29155|-87
29157|-57
29159|-413
29161|-367
29163|-127
29165|-723
29167|-365
29169|-654
29171|-20
29173|-108
29175|-285
29177|-219
29179|-83
29181|-143
29183|-1905
29185|-41
29187|-1168
29189|-8397
29193|-60
29195|-541
29197|-64
29199|64
29201|-571
29203|-236
29205|-55
29207|-225
29209|-334
29211|-4
29213|-345
29215|-373
29217|-358
29219|-274
29221|-786
29223|-315
29225|-673
29227|-75
29229|-372
29510|-11412
30001|-12
30003|-15
30005|222
30007|18
30009|75
30011|-4
30013|-341
30015|-6
30017|-58
30019|2
30021|-40
30023|77
30025|-10
30027|16
30029|-365
30031|87
30033|9
30035|-284
30037|-20
30039|39
30041|-264
30043|-36
30045|-1
30047|-185
30049|203
30053|-133
30055|-2
30057|-53
30059|-18
30063|-402
30065|-66
30067|-32
30071|-17
30073|-21
30075|-16
30077|-3083
30079|1
30081|-28
30083|192
30085|-258
30087|-288
30089|-122
30091|20
30093|3432
30095|-21
30097|-4
30099|-72
30101|6
30103|-11
30105|74
30107|-26
30109|-9
30111|-918
31001|61
31019|-103
31023|-179
31033|11
31041|35
31043|178
31045|-75
31047|242
31053|-277
31055|-5804
31067|175
31079|131
31095|-79
31109|-1147
31111|320
31119|-263
31131|-212
31139|255
31141|-480
31145|-238
31147|-109
31153|2288
31157|-203
31173|-44
32001|-208
32003|-13856
32005|-189
32007|-191
32009|28
32011|-15
32013|-136
32015|-18
32017|-63
32019|-539
32021|-109
32023|-258
32027|-29
32029|-3
32031|-3330
32033|-89
32510|-678
33000|-23693
34001|-3550
34003|-2307
34005|-2324
34007|-4599
34009|-618
34011|-1892
34013|-4532
34015|-1659
34017|-2822
34019|-243
34021|1761
34023|-4501
34025|-3681
34027|-1287
34029|-4713
34031|-5939
34033|-223
34035|-1286
34037|-811
34039|-3659
34041|-775
35001|-4518
35003|-137
35005|-504
35006|-461
35007|-78
35009|-1083
35011|-55
35013|-6118
35015|-695
35017|-709
35019|-18
35021|-3
35023|-286
35025|-430
35027|-334
35029|-544
35031|-2549
35033|-150
35035|-316
35037|-352
35039|-574
35041|-231
35043|-1014
35045|-818
35047|-876
35049|-854
35051|-381
35053|-362
35055|-97
35057|-440
35059|-49
35061|-1599
36001|-3988
36003|-552
36007|-1520
36009|-46
36011|2311
36013|-170
36015|-1980
36017|-805
36019|-1044
36021|-879
36023|-428
36025|-886
36027|-2261
36029|-2235
36031|756
36033|2288
36035|-543
36037|-143
36039|-685
36041|-3
36043|-553
36045|-2338
36049|337
36051|-653
36053|-209
36055|-21025
36057|-1065
36059|-6515
36062|966742
36063|-3096
36065|410
36067|-2692
36069|-1310
36071|-3705
36073|-271
36075|-439
36077|-590
36079|-174
36083|-1613
36087|-1562
36089|664
36091|-1308
36093|-1897
36095|-470
36097|80
36099|-59
36101|-118
36103|-15530
36105|-1179
36107|-575
36109|551
36111|-2844
36113|-713
36115|-1139
36117|-784
36119|-13698
36121|-182
36123|-500
37001|-1069
37003|-327
37005|-38
37007|-172
37009|-230
37011|-383
37013|-1088
37015|-185
37017|-165
37019|-926
37021|-2367
37023|-1084
37025|-961
37027|-981
37029|-73
37031|-1133
37033|-359
37035|-1560
37037|-636
37039|-332
37041|-433
37043|-107
37045|-1725
37047|-1133
37049|-1515
37051|-3764
37053|-633
37055|-388
37057|-2033
37059|-264
37061|-927
37063|-3666
37065|-1373
37067|-2998
37069|-957
37071|-3578
37073|-50
37075|-224
37077|-523
37079|-132
37081|-5892
37083|-1500
37085|-1190
37087|-707
37089|-779
37091|-395
37093|-355
37095|-99
37097|-1403
37099|-577
37101|-1913
37103|-49
37105|-899
37107|-265
37109|-717
37111|-551
37113|-589
37115|-1554
37117|1596
37119|-7042
37121|-110
37123|-402
37125|-788
37127|-750
37129|-839
37131|-106
37133|-1850
37135|-643
37137|-282
37139|-788
37141|-631
37143|-179
37145|-168
37147|-1727
37149|-125
37151|-1017
37153|-1028
37155|-3143
37157|-1020
37159|-1510
37161|-1071
37163|-682
37165|-448
37167|-973
37169|-612
37171|-713
37173|-349
37175|-394
37177|-118
37179|-1952
37181|-838
37183|-4850
37185|-423
37187|-272
37189|-358
37191|-1645
37193|-680
37195|-876
37197|-373
37199|-375
38001|6
38003|-4
38005|-67
38009|84
38011|29
38013|53
38015|-57
38017|-811
38019|80
38021|29
38023|-37
38025|27
38027|39
38029|28
38031|-8
38033|3
38035|-579
38037|52
38039|-39
38041|-39
38043|23
38045|36
38047|62
38049|56
38051|70
38053|145
38055|47
38057|25
38059|-481
38061|-23
38063|0
38065|-11
38067|4
38069|16
38071|-135
38073|46
38075|0
38077|4
38079|-375
38081|59
38083|8
38085|-264
38089|-77
38091|5
38093|-22
38095|-12
38097|-77
38099|9
38101|-395
38103|-41
38105|18
39001|66
39003|-436
39005|154
39007|-995
39009|-348
39011|-119
39013|-101
39015|-751
39017|-2197
39019|989
39021|551
39023|-2370
39025|-442
39027|-471
39029|-1128
39031|-472
39033|-948
39035|191808
39037|-271
39039|-404
39041|-505
39043|-795
39045|-912
39047|-124
39049|-16347
39051|-316
39053|-234
39055|-233
39057|-634
39059|-515
39061|-6872
39063|-906
39065|-106
39067|-168
39069|-285
39071|-97
39073|-426
39075|-163
39077|-1706
39079|-157
39081|-730
39083|-190
39085|59
39087|-563
39089|-1035
39091|-499
39093|-2355
39095|-6062
39097|-851
39099|7193
39101|-669
39103|-674
39105|-157
39107|-136
39109|-1320
39111|82
39113|-5352
39115|-63
39117|-1
39119|-1036
39121|-288
39123|-486
39125|-615
39127|-556
39129|-214
39131|-464
39133|-390
39135|209
39137|197
39139|-2357
39141|-1476
39143|-1037
39145|-1958
39147|-655
39149|-230
39151|-4229
39153|-3901
39155|-2885
39157|-57
39159|44
39161|-286
39163|-253
39165|-457
39167|-442
39169|-856
39171|-388
39173|-1497
39175|-180
40001|153
40003|68
40005|-39
40007|-58
40009|-233
40011|21
40013|-249
40015|255
40017|-741
40019|172
40021|-503
40023|-104
40025|5
40027|-2781
40029|141
40031|-1393
40033|29
40035|8
40037|-510
40039|-206
40041|-325
40043|55
40045|-13
40047|-542
40049|-197
40051|-354
40053|-12
40055|-53
40057|-1
40059|-24
40061|-18
40063|82
40065|43
40067|-181
40069|-3
40071|-531
40073|230
40075|-151
40077|97
40079|-920
40081|-217
40083|-404
40085|99
40087|-271
40089|-548
40091|-59
40093|-36
40095|267
40097|61
40099|80
40101|-436
40103|-80
40105|133
40107|-51
40109|-10545
40111|-787
40113|55
40115|-103
40117|146
40119|-621
40121|405
40123|-157
40125|-1127
40127|154
40129|2
40131|187
40133|37
40135|90
40137|-320
40139|-80
40141|6
40143|-5833
40145|-306
40147|-314
40149|-150
40151|-8
40153|39
41000|199344
42001|-867
42003|-3800
42005|226
42007|-16
42009|-507
42011|11563
42013|-955
42015|-450
42017|-3204
42019|1463
42021|-954
42023|-62
42025|-544
42027|-739
42029|-1756
42031|-334
42033|-1028
42035|-20
42037|-553
42039|-660
42041|-744
42043|-3002
42045|-5202
42047|58
42049|-2405
42051|-427
42053|-5
42055|-849
42057|-205
42059|-133
42061|-95
42063|-695
42065|-638
42067|-145
42069|-1924
42071|-5714
42073|-428
42075|-645
42077|-3218
42079|-1651
42081|-1791
42083|-127
42085|-678
42087|-188
42089|-2042
42091|-3814
42093|-92
42095|-2818
42097|-505
42099|-405
42101|-37382
42103|-681
42105|-132
42107|-1212
42109|-334
42111|-177
42113|-24
42115|-745
42117|-546
42119|-431
42121|-300
42123|-42
42125|83
42127|-700
42129|-366
42131|-319
42133|-1921
44935|-18486
45001|-277
45003|-1595
45005|-393
45007|-2146
45009|-539
45011|-593
45013|-1162
45015|-1294
45017|-341
45019|-2339
45021|-720
45023|-1201
45025|-998
45027|-676
45029|-618
45031|-655
45033|-1131
45035|-1048
45037|-389
45039|-1003
45041|-1158
45043|-2198
45045|-6552
45047|-628
45049|-689
45051|-3832
45053|-415
45055|-322
45057|-1250
45059|-2176
45061|-542
45063|-1212
45065|-99
45067|-1692
45069|-446
45071|-515
45073|-944
45075|-2444
45077|-1675
45079|-5750
45081|-371
45083|-4984
45085|-2203
45087|-555
45089|-1323
45091|-2759
46003|1
46005|-107
46007|-89
46009|9
46011|41
46013|-66
46015|76
46019|105
46021|-6
46023|-84
46025|21
46027|-72
46029|110
46031|-122
46033|-84
46035|23
46037|20
46039|90
46041|1
46043|4
46045|56
46047|-24
46049|20
46051|72
46053|69
46055|1
46057|93
46059|19
46061|46
46063|-3
46065|-132
46067|55
46069|-11
46071|-87
46073|51
46075|13
46077|-13
46079|16
46081|61
46083|-62
46085|-148
46087|49
46089|3
46091|39
46093|222
46095|-26
46097|17
46099|93
46101|76
46103|-244
46105|1
46107|36
46109|68
46111|-48
46113|68
46115|16
46117|53
46119|23
46121|-366
46123|-8
46125|5
46127|22
46129|107
46135|-30
46137|-39
47001|-1072
47003|-898
47005|-434
47007|-362
47009|-1519
47011|-2053
47013|-791
47015|-146
47017|-306
47019|-1022
47021|-770
47023|-288
47025|-484
47027|-134
47029|-341
47031|-1128
47033|-233
47035|-676
47037|-11389
47039|-285
47041|-256
47043|-1184
47045|-738
47047|-535
47049|-375
47051|-592
47053|-1075
47055|-333
47057|-560
47059|-1338
47061|-685
47063|-1236
47065|-4791
47067|-9
47069|-561
47071|-798
47073|-973
47075|-55
47077|-679
47079|-374
47081|-404
47083|-134
47085|-320
47087|-258
47089|-889
47091|-248
47093|-4750
47095|-73
47097|-1013
47099|-719
47101|-190
47103|-441
47105|-510
47107|-1069
47109|-672
47111|-335
47113|-332
47115|-606
47117|-438
47119|-1185
47121|-389
47123|-1343
47125|-2516
47127|-114
47129|-573
47131|-1656
47133|-530
47135|-167
47137|-41
47139|-317
47141|-1168
47143|-606
47145|-882
47147|-794
47149|-1886
47151|-665
47153|-147
47155|-1168
47157|-12732
47159|-248
47161|-165
47163|-1474
47165|-2232
47167|-950
47169|-249
47171|-331
47173|-463
47175|-132
47177|-698
47179|-1059
47181|-195
47183|-558
47185|-796
47187|-848
47189|-1654
48001|-1248
48003|-371
48005|-1137
48007|-424
48009|-58
48011|-45
48013|-511
48015|-178
48017|-261
48019|-230
48021|-904
48023|-77
48025|-622
48027|-5674
48029|-52187
48031|9
48033|14
48035|-636
48037|-1491
48039|-3786
48041|-3741
48043|-220
48045|0
48047|-145
48049|-1226
48051|-394
48053|-915
48055|-706
48057|-269
48059|-386
48061|-13786
48063|-440
48065|-28
48067|-641
48069|-253
48071|33
48073|-1513
48075|-215
48077|-285
48079|-371
48081|-35
48083|-392
48085|-2828
48087|-130
48089|-336
48091|-1731
48093|-344
48095|-64
48097|-652
48099|-1127
48101|9
48103|-31
48105|-107
48107|-157
48109|-166
48111|-142
48113|-64214
48115|-403
48117|-444
48119|-108
48121|-3020
48123|-193
48125|31
48127|-101
48129|-39
48131|225
48133|-370
48135|-5276
48137|-130
48139|-2509
48141|-32237
48143|-624
48145|-560
48147|-610
48149|-168
48151|12
48153|-408
48155|-42
48157|-4047
48159|-346
48161|-485
48163|445
48165|-349
48167|-7554
48169|-39
48171|-258
48173|-10
48175|66
48177|-299
48179|-549
48181|-2939
48183|-2958
48185|-375
48187|-2312
48189|-1235
48191|-119
48193|-87
48195|-136
48197|-119
48199|-86
48201|-92851
48203|-1398
48205|-1
48207|-276
48209|-761
48211|-35
48213|-1784
48215|-24729
48217|-864
48219|-702
48221|-642
48223|-523
48225|-351
48227|-547
48229|268
48231|-1892
48233|-694
48235|27
48237|-323
48239|-207
48241|-124
48243|22
48245|-2761
48247|-60
48249|-232
48251|-2590
48253|-375
48255|-108
48257|-1731
48259|-454
48261|-6
48263|-22
48265|-925
48267|-160
48269|9
48271|-50
48273|-587
48275|-64
48277|-1388
48279|-565
48281|-646
48283|-32
48285|-275
48287|-218
48289|-420
48291|-413
48293|-711
48295|5
48297|-168
48299|-105
48301|0
48303|-8805
48305|-197
48307|-541
48309|-7654
48311|45
48313|-271
48315|-300
48317|-156
48319|-69
48321|-508
48323|-2237
48325|-559
48327|-143
48329|-2724
48331|-621
48333|-131
48335|-246
48337|-275
48339|-3882
48341|-391
48343|-204
48345|-54
48347|-1199
48349|-1128
48351|-120
48353|-231
48355|-9227
48357|-103
48359|-27
48361|-1025
48363|-901
48365|-551
48367|-1020
48369|-177
48371|-550
48373|-992
48375|-5263
48377|-112
48379|-169
48381|-1449
48383|83
48385|-350
48387|-257
48389|-107
48391|1
48393|8
48395|-319
48397|-756
48399|-230
48401|-431
48403|-74
48405|-28
48407|-236
48409|-1206
48411|-217
48413|-38
48415|-128
48417|-103
48419|-795
48421|21
48423|-3834
48425|-293
48427|-3384
48429|-359
48431|-46
48433|-3
48435|-16
48437|-126
48439|-34766
48441|-4416
48443|94
48445|-267
48447|-25
48449|-659
48451|-2019
48453|-17682
48455|-308
48457|-620
48459|-679
48461|-62
48463|-1393
48465|-1906
48467|-1538
48469|-994
48471|-542
48473|-1301
48475|-283
48477|-327
48479|-5000
48481|-653
48483|-144
48485|-3117
48487|-171
48489|-771
48491|-1728
48493|-637
48495|-320
48497|-1020
48499|-1140
48501|-308
48503|-193
48505|-341
48507|-175
49003|-415
49007|-313
49011|-1210
49035|-5387
49037|-294
49039|-299
49045|-149
49047|7
49049|-658
49053|-1079
49057|-1675
50000|22203
51001|2634
51003|-194
51007|-44
51009|-352
51011|-43
51013|205
51017|-30
51019|-342
51021|34
51023|-175
51025|-99
51027|107
51029|-362
51031|-307
51033|-319
51035|-256
"5103|-84
51037|-18
51041|-1240
51043|-101
51045|-55
51047|-389
51049|-146
51051|64
51053|-112
51057|-186
51059|-4094
51061|-479
51063|-141
51065|31
51067|-529
51069|-460
51071|77
51073|-494
51075|-115
51077|-171
51079|-28
51081|6
51083|1
51085|-312
51087|-1098
51089|-1274
51091|-46
51093|-320
51095|-455
51097|-6
51099|-168
51101|-131
51103|-141
51105|45
51107|-595
51109|-72
51111|-206
51113|-223
51115|-107
51117|-152
51119|-117
51121|-533
51125|-51
51127|1
51131|-316
51133|-54
51135|-124
51137|-213
51139|-712
51141|-215
51143|-655
51145|-29
51147|-120
51149|-149
51153|-3090
51155|-311
51157|-61
51159|-53
51161|-260
51163|54
51165|-709
51167|114
51169|184
51171|-830
51173|-9
51175|65
51177|-729
51179|-808
51181|-155
51183|133
51185|362
51187|-576
51191|-15
51193|-207
51195|-150
51197|-55
51199|-203
51510|-1481
51520|-286
51540|-572
51550|-2289
51560|-40
51580|252
51590|-740
51620|-203
51630|-576
51640|-134
51650|-1815
51660|-313
51670|-572
51680|-987
51683|-454
51685|-155
51690|-428
51700|-2869
51710|-2161
51720|-65
51730|-406
51740|-1777
51750|-159
51760|-1493
51770|-1273
51790|-126
51800|-727
51810|-2457
51820|-149
51830|-218
51840|-670
52001|2865
52005|249
53001|322
53003|-186
53005|-100
53007|-1141
53009|1931
53011|-1649
53013|-17
53015|-876
53017|-297
53019|-86
53021|-1173
53023|-48
53025|665
53027|-1791
53029|-75
53031|-41
53033|40050
53035|-918
53037|-129
53039|268
53041|-980
53043|-156
53045|-755
53047|-680
53049|-286
53051|-550
53053|34161
53055|-5
53057|111
53059|197
53061|6437
53063|4986
53065|-360
53067|-1218
53069|58
53071|-934
53073|506
53075|-175
53077|16306
54000|-14769
55001|-9
55003|90
55005|-42
55007|118
55009|-21
55011|279
55013|149
55015|-42
55017|300
55019|329
55021|203
55023|298
55025|-1520
55027|-184
55029|165
55031|229
55033|-37
55035|473
55037|77
55039|548
55041|191
55043|270
55045|294
55047|142
55049|243
55051|94
55053|192
55055|217
55057|24
55059|-395
55061|172
55063|313
55065|87
55067|348
55069|225
55071|766
55073|62
55075|477
55077|30
55078|-107
55079|-3461
55081|278
55083|134
55085|405
55087|749
55089|7
55091|-33
55093|190
55095|85
55097|43
55099|82
55101|247
55103|216
55105|73
55107|238
55109|45
55111|375
55113|126
55115|370
55117|-421
55119|-29
55121|151
55123|343
55125|-27
55127|74
55129|107
55131|-43
55133|4
55135|402
55137|-32
55139|485
55141|276
55143|-234
55145|4
55147|35
55149|-9
55151|-79
56000|-2660
U.S.|-3238773
|0
b|0
