COUNTY|DELTA
01001|-694
01003|-1438
01005|-342
01007|-289
01009|-842
01011|-179
01013|-609
01015|-2944
01017|-1339
01019|-447
01021|-865
01023|69
01025|-1374
01027|-181
01029|-254
01031|-570
01033|-837
01035|-239
01037|-273
01039|-511
01041|-451
01043|-1150
01045|-1590
01047|-702
01049|-1084
01051|-1028
01053|-330
01055|-2557
01057|-206
01059|-436
01061|-436
01063|-141
01065|-157
01067|-245
01069|-1975
01071|-822
01073|-12294
01075|-365
01077|-531
01079|-571
01081|-2077
01083|-2724
01085|-484
01087|-1165
01089|-12192
01091|42
01093|-361
01095|-959
01097|-8388
01099|-245
01101|-5297
01103|-1996
01105|-71
01107|-361
01109|-440
01111|-420
01113|-1510
01115|-1829
01117|-1364
01119|-93
01121|-1935
01123|-1024
01125|-1948
01127|-1540
01129|-148
01131|-144
01133|-346
02110|-5503
04001|-4968
04003|-3325
04005|-4561
04007|-1566
04009|-654
04011|3
04013|-79471
04015|-5859
04017|-5536
04019|-20019
04021|-6504
04023|-873
04025|-3286
04027|-5781
04029|-935
05001|-341
05003|-584
05005|-656
05007|-1032
05009|-394
05011|-236
05013|-39
05015|-254
05017|-253
05019|-345
05021|-247
05023|-427
05025|-195
05027|-180
05029|-310
05031|-1238
05033|-1470
05035|-752
05037|-599
05039|-330
05041|-266
05043|-403
05045|-935
05047|-149
05049|-71
05051|-1831
05053|-367
05055|-433
05057|-268
05059|-483
05061|-121
05063|-297
05065|-98
05067|-504
05069|-1917
05071|-441
05073|-74
05075|-463
05077|-186
05079|-304
05081|-295
05083|-413
05085|-883
05087|-74
05089|-382
05091|-1149
05093|-143
05095|-351
05097|26
05099|-45
05101|-198
05103|-849
05105|-175
05107|-358
05109|-230
05111|-571
05113|-513
05115|-485
05117|-159
05119|-6429
05121|-682
05123|-546
05125|-791
05127|-156
05129|-83
05131|-2426
05133|-187
05135|-123
05137|-161
05139|-14
05141|-48
05143|-1351
05145|-878
05147|-358
05149|-474
06001|-21170
06003|11
06005|-151
06007|-3591
06009|-427
06011|-412
06013|-11180
06015|-624
06017|-958
06019|6487
06021|-764
06023|-1703
06025|-7267
06027|-344
06029|-16604
06031|-3526
06033|-2076
06035|-561
06037|-201974
06039|-2882
06041|-986
06043|-414
06045|-1409
06047|-7636
06049|-315
06051|-199
06053|-3863
06055|-882
06057|-1123
06059|-42907
06061|-2793
06063|-96
06065|-8895
06067|-24853
06069|-881
06071|-52346
06073|-45387
06075|-5361
06077|-8828
06079|-1650
06081|-3361
06083|-4752
06085|-23561
06087|-1750
06089|-2280
06091|-78
06093|-766
06095|-5237
06097|-3665
06099|-8537
06101|-1385
06103|-1807
06105|-356
06107|-12218
06109|-425
06111|-8845
06113|-2355
06115|-1497
08003|-203
08007|-102
08009|-54
08011|-47
08013|-1287
08015|-99
08017|3
08021|-186
08023|-178
08025|-138
08027|-36
08029|-357
08031|26281
08033|-14
08037|-40
08039|-128
08043|-332
08045|-700
08051|-3
08055|-144
08057|708
08059|-1902
08061|-21
08063|-58
08065|-62
08067|-243
08069|-2464
08071|71
08073|56
08075|-826
08077|-1659
08081|-335
08083|-372
08085|-506
08087|-210
08089|-212
08091|-26
08093|-190
08095|-55
08099|-254
08101|-2947
08103|-71
08105|-217
08107|-76
08109|-196
08111|-26
08113|-5
08115|-25
08117|94
08119|-5
08121|-64
08123|-1144
08125|-9
09901|-12062
09903|-17694
09905|-8893
09907|-11033
09909|-6931
09911|-2095
09913|-3020
09915|-5974
10001|-2129
10002|-10814
10003|-3801
11001|-21248
12001|-5743
12003|-1164
12005|-5310
12007|-489
12009|-15775
12011|-43701
12013|-600
12015|-3370
12017|-4056
12019|-4192
12021|-6192
12023|-2554
12025|-99428
12027|-1792
12029|-485
12031|-33726
12033|-10423
12035|-1426
12037|-157
12039|-3293
12041|-491
12045|-634
12047|-332
12049|-2253
12051|-2440
12053|-3838
12055|-3345
12057|-49000
12059|-888
12061|-3971
12063|-1739
12065|-273
12067|-137
12069|-5488
12071|-15623
12073|-7593
12075|-1357
12077|-385
12079|-384
12081|-9287
12083|-10989
12085|-3923
12087|-2159
12089|-2239
12091|-2624
12093|-2467
12095|-36527
12097|-7039
12099|-36759
12101|-11172
12103|-26101
12105|-27577
12107|-3657
12109|-3918
12111|-9958
12113|-3105
12115|-7442
12117|-12233
12119|-1559
12121|-961
12123|-1104
12125|-342
12127|-12879
12129|-641
12131|-1073
12133|-866
13001|-780
13003|-367
13005|-218
13007|-267
13009|-908
13011|-312
13013|-1328
13015|-2362
13017|-550
13019|-463
13021|-5819
13023|-228
13025|-604
13027|-517
13029|-339
13031|2085
13033|-578
13035|-708
13037|-92
13039|-946
13043|-345
13045|-2913
13047|-1512
13049|-462
13051|-6345
13053|-354
13055|-438
13057|-1882
13059|-2073
13061|-94
13063|-9409
13065|-101
13067|-6365
13069|-1050
13071|-1293
13073|-758
13075|-600
13077|-1821
13079|-325
13081|-729
13083|-540
13085|-357
13087|-1299
13089|-21693
13091|-221
13093|-372
13095|-3496
13097|-1947
13099|-588
13100|-70
13103|-731
13105|-706
13107|-591
13109|-270
13111|-196
13113|-503
13115|-2460
13117|-944
13119|-536
13121|-33601
13123|-457
13125|-78
13127|-2335
13129|-1023
13131|-936
13133|-686
13135|-5424
13137|-489
13139|-3043
13141|-681
13143|-890
13145|-362
13147|-493
13149|-374
13151|-1237
13153|-2540
13155|-256
13157|-1256
13159|-384
13161|-498
13163|-499
13165|-161
13167|-272
13169|-714
13171|-575
13173|-340
13175|-1231
13177|-330
13179|-1450
13181|-63
13183|-107
13185|-1503
13187|-529
13189|-676
13191|-650
13193|-523
13195|-1042
13197|-294
13199|-831
13201|-229
13205|-814
13207|-772
13209|-259
13211|-540
13213|-1130
13215|-6007
13217|-1634
13219|-455
13221|-261
13223|-1285
13225|-832
13227|-564
13229|-486
13231|-231
13233|-1200
13235|-200
13237|-437
13239|-38
13241|-384
13243|-252
13245|-7650
13247|-1181
13249|-115
13251|-100
13253|-326
13255|-2112
13257|-816
13259|-220
13261|-1138
13263|-278
13265|-29
13267|-700
13269|-32
13271|-452
13273|-336
13275|-1689
13277|-939
13279|-1062
13281|-132
13283|-231
13285|-2131
13287|-253
13289|-398
13291|-295
13293|-805
13295|-1876
13297|-1593
13299|-511
13301|-231
13303|-728
13305|-611
13307|-1
13309|-115
13311|-399
13313|-2037
13315|-300
13317|-292
13319|-358
13321|-616
14000|433
15001|-2259
15003|-5950
15007|-765
15009|-553
16001|-2095
16003|-86
16005|-1036
16007|-70
16009|-235
16011|-353
16013|-188
16015|-60
16017|-675
16019|-533
16021|-230
16023|24
16025|-16
16027|-1058
16029|8
16031|-219
16033|-16
16035|-115
16037|-9
16039|-200
16041|-201
16043|25
16045|-161
16047|40
16049|-141
16051|-148
16053|-427
16055|-945
16057|-251
16059|-12
16061|-115
16063|-23
16065|-69
16067|40
16069|-336
16071|-21
16073|83
16075|12
16077|-142
16079|-757
16081|-14
16083|-292
16085|-455
16087|-8
17001|-354
17003|-241
17005|-144
17007|-404
17009|-39
17011|-355
17013|-66
17015|-90
17017|-86
17019|-1992
17021|-166
17023|-90
17025|-187
17027|-251
17029|-564
17031|-85856
17033|-116
17035|-279
17037|-938
17039|-243
17041|-217
17043|-4118
17045|-33
17047|-53
17049|-420
17051|-513
17053|-8
17055|-637
17057|-241
17059|-36
17061|-19
17063|-475
17065|-85
17067|-419
17069|-80
17071|-45
17073|-580
17075|-220
17077|-973
17079|-183
17081|-684
17083|-349
17085|-141
17087|-148
17089|-5354
17091|-1200
17093|-359
17095|-416
17097|-3877
17099|-1006
17101|98
17103|-408
17105|-603
17107|-234
17109|-368
17111|-1304
17113|-1152
17115|-1531
17117|-283
17119|-3578
17121|-782
17123|-146
17125|-180
17127|-89
17129|-99
17131|-257
17133|-208
17135|-262
17137|-124
17139|-98
17141|-488
17143|-2454
17145|-206
17147|10
17149|-101
17151|-1
17153|-43
17155|-53
17157|-526
17159|-271
17161|-1546
17163|-5277
17165|-199
17167|-1371
17169|38
17171|10
17173|-327
17175|-99
17177|-693
17179|-1213
17181|-529
17183|-1773
17185|-123
17187|-78
17189|-125
17191|-98
17193|-121
17195|-745
17197|-3577
17199|-992
17201|-4820
17203|-243
18001|-825
18003|-9440
18005|-799
18007|-158
18009|-333
18011|-462
18013|-324
18015|-41
18017|-931
18019|-1651
18021|-165
18023|-483
18025|-254
18027|-419
18029|-659
18031|-441
18033|-486
18035|-3728
18037|-292
18039|-4044
18041|-491
18043|-1013
18045|-555
18047|-397
18049|-311
18051|-223
18053|-1804
18055|-898
18057|-922
18059|-585
18061|-516
18063|-751
18065|-1424
18067|-1828
18069|-863
18071|-836
18073|-595
18075|-564
18077|-567
18079|-314
18081|-1902
18083|-406
18085|-1000
18087|-532
18089|-9038
18091|-1995
18093|-1065
18095|-3196
18097|-32570
18099|-613
18101|-223
18103|-1251
18105|-1047
18107|-667
18109|-1388
18111|-259
18113|-430
18115|-147
18117|-681
18119|-449
18121|-119
18123|-209
18125|-291
18127|-1508
18129|-381
18131|-330
18133|-424
18135|-792
18137|-435
18139|-352
18141|-7433
18143|-786
18145|-815
18147|-382
18149|-872
18151|-767
18153|-314
18155|-163
18157|-1951
18159|-148
18161|-132
18163|-6230
18165|-211
18167|-1148
18169|-599
18171|-201
18173|-282
18175|-744
18177|-2651
18179|-409
18181|-552
18183|-516
19001|-4
19003|-62
19005|-19
19007|-127
19009|-57
19011|-64
19013|-71
19015|-320
19017|0
19019|-81
19021|-194
19023|-35
19025|-58
19027|10
19029|-106
19031|-50
19033|-283
19035|-91
19037|-89
19039|-155
19041|-173
19043|57
19045|-256
19047|-14
19049|-176
19051|32
19053|-120
19055|141
19057|-360
19059|-36
19061|77
19063|-7
19065|-221
19067|-56
19069|-45
19071|-116
19073|-120
19075|-69
19077|-166
19079|-220
19081|-124
19083|-197
19085|-152
19087|-289
19089|55
19091|-44
19093|-28
19095|-63
19097|-46
19099|-176
19101|-93
19103|-551
19105|-47
19107|-55
19109|-248
19111|-549
19113|-1303
19115|-239
19117|-73
19119|15
19121|-111
19123|-160
19125|-223
19127|-389
19129|-262
19131|-71
19133|-133
19135|36
19137|-192
19139|-241
19141|-114
19143|-52
19145|-68
19147|-85
19149|30
19151|-200
19153|-4412
19155|-1649
19157|-256
19159|-37
19161|-47
19163|-1611
19165|-222
19167|59
19169|-408
19171|-194
19173|-53
19175|-81
19177|0
19179|-450
19181|-245
19183|-80
19185|-6
19187|-299
19189|-90
19191|-59
19193|-1296
19195|-5
19197|-133
20001|32
20003|-148
20005|-154
20007|-7
20009|-572
20011|-433
20013|-289
20015|-401
20017|-49
20019|11
20021|-505
20023|-44
20025|17
20027|-130
20029|-51
20031|-78
20033|-7
20035|-410
20037|-507
20039|-51
20041|-113
20043|-193
20045|-799
20047|-112
20049|5
20051|-107
20053|-13
20055|-252
20057|-362
20059|-200
20061|-885
20063|-16
20065|-4
20067|22
20069|-59
20071|-14
20073|-40
20075|-60
20077|-168
20079|-330
20081|-25
20083|-28
20085|-165
20087|-301
20089|-18
20091|-2208
20093|-8
20095|-70
20097|4
20099|-427
20101|-13
20103|-897
20105|-4
20107|3
20109|-5
20111|-492
20113|-774
20115|1
20117|161
20119|13
20121|-257
20123|-27
20125|-680
20127|-155
20129|21
20131|-83
20133|-369
20135|-12
20137|-105
20139|-189
20141|11
20143|29
20145|49
20147|-15
20149|-141
20151|-70
20153|-55
20155|-1192
20157|-72
20159|-81
20161|-183
20163|0
20165|-28
20167|-104
20169|-384
20171|-4
20173|-4594
20175|-281
20177|-2693
20179|8
20181|17
20183|-10
20185|-58
20187|8
20189|-69
20191|-400
20193|-28
20195|14
20197|-82
20199|1
20201|-13
20203|-47
20205|-169
20207|-69
20209|-4459
21001|-157
21003|-101
21005|-97
21007|-103
21009|-372
21011|-390
21013|-712
21015|-743
21017|-466
21019|-1174
21021|-84
21023|-71
21025|-647
21027|-279
21029|-832
21031|-249
21033|-15
21035|-303
21037|-1354
21039|1
21041|-49
21043|-326
21045|-69
21047|-1255
21049|-612
21051|-594
21053|-59
21055|-81
21057|-42
21059|-1867
21061|-298
21063|-76
21065|-439
21067|-3224
21069|-308
21071|-911
21073|-545
21075|-433
21077|-229
21079|-396
21081|-510
21083|-332
21085|-459
21087|-74
21089|-999
21091|-67
21093|-1307
21095|-1431
21097|-163
21099|-275
21101|-873
21103|-450
21105|-124
21107|-1129
21109|-616
21111|-11295
21113|-810
21115|-660
21117|-2023
21119|-362
21121|-891
21123|-109
21125|-1446
21127|-588
21129|-166
21131|-496
21133|-1288
21135|-235
21137|-637
21139|-195
21141|-282
21143|7
21145|-721
21147|-455
21149|-212
21151|-1660
21153|-174
21155|4
21157|-389
21159|-335
21161|-155
21163|-459
21165|-164
21167|-333
21169|-56
21171|-232
21173|-651
21175|-314
21177|-597
21179|-468
21181|-257
21183|-859
21185|-426
21187|-247
21189|-65
21191|-267
21193|-1575
21195|-1126
21197|-497
21199|-1311
21201|-4
21203|-341
21205|-289
21207|-333
21209|-705
21211|-119
21213|-296
21215|-165
21217|-279
21219|-148
21221|-61
21223|-106
21225|-21
21227|-1591
21229|-162
21231|-409
21233|-308
21235|-1025
21237|-311
21239|-217
22001|51
22003|-340
22005|-521
22007|64
22009|502
22011|-448
22013|-148
22015|-283
22017|-1963
22019|-173
22021|-197
22023|130
22025|-42
22027|-182
22029|246
22031|-277
22033|-4003
22035|98
22037|-163
22039|-27
22041|111
22043|-119
22045|321
22047|105
22049|-166
22051|-4571
22053|69
22055|908
22057|-328
22059|-306
22061|-380
22063|-606
22065|85
22067|-654
22069|-229
22071|-10492
22073|-1994
22075|-369
22077|139
22079|-1943
22081|6
22083|24
22085|-454
22087|-621
22089|-381
22091|-520
22093|-288
22095|-977
22097|764
22099|260
22101|107
22103|-1932
22105|-954
22107|83
22109|-328
22111|-154
22113|135
22115|-669
22117|-745
22119|-151
22121|34
22123|-74
22125|174
22127|-113
23000|-38939
24001|-1488
24003|-4780
24005|-8959
24009|-945
24011|-484
24013|-945
24015|2796
24017|-1662
24019|-745
24021|-2369
24023|-581
24025|-2210
24027|-1114
24029|-325
24031|-6043
24033|-13290
24035|-536
24037|-1577
24039|-895
24041|-578
24043|-2330
24045|-2390
24047|-981
24510|-22782
25000|-82990
26001|-94
26003|-46
26005|-838
26007|-87
26009|-211
26011|-118
26013|-72
26015|-488
26017|-59
26019|-252
26021|-2331
26023|-168
26025|-1388
26027|-974
26029|-288
26031|-431
26033|-251
26035|-366
26037|-304
26039|-100
26041|-74
26043|-170
26045|-304
26047|-148
26049|-2566
26051|-141
26053|80
26055|-89
26057|-26
26059|-483
26061|-169
26063|-361
26065|-2347
26067|-220
26069|-19
26071|-10
26073|-524
26075|-2135
26077|-1323
26079|-368
26081|-5223
26083|7
26085|-90
26087|-482
26089|-23
26091|-1181
26093|-688
26095|-241
26097|37
26099|-6434
26101|-101
26103|-435
26105|-313
26107|-541
26109|-67
26111|-107
26113|-349
26115|-716
26117|-1271
26119|51
26121|-2056
26123|-556
26125|-6548
26127|-171
26129|-236
26131|-14
26133|-373
26135|-82
26137|-220
26139|-1793
26141|-132
26143|-271
26145|-1475
26147|-604
26149|-908
26151|-585
26153|-167
26155|-477
26157|-573
26159|-1173
26161|-1691
26163|-25304
26165|-497
27001|-337
27003|-1952
27005|-417
27007|-2916
27009|-308
27011|-28
27013|-288
27015|-145
27017|-214
27019|-146
27021|-391
27023|18
27025|-446
27027|-993
27029|19
27031|79
27033|-243
27035|-180
27037|-2549
27039|-197
27041|-349
27043|-53
27045|-59
27047|-661
27049|123
27051|-69
27053|59411
27055|-12
27057|-148
27059|-256
27061|-69
27063|69
27065|-175
27067|-232
27069|-35
27071|-57
27073|-98
27075|-97
27077|-24
27079|-135
27081|26
27083|-127
27085|-203
27087|-94
27089|-121
27091|-130
27093|-155
27095|-239
27097|-25
27099|-558
27101|-20
27103|-194
27105|-203
27107|-35
27109|-622
27111|-414
27113|-107
27115|-224
27117|118
27119|-851
27121|-119
27123|36316
27125|20
27127|-2
27129|-100
27131|-349
27133|-74
27135|-96
27137|16815
27139|-363
27141|-472
27143|-100
27145|-952
27147|-356
27149|-14
27151|-120
27153|-161
27155|-9
27157|-194
27159|-70
27161|-95
27163|-624
27165|-95
27167|-55
27169|-479
27171|-731
27173|-37
28001|88
28003|34
28005|70
28007|22
28009|-120
28011|867
28013|29
28015|60
28017|-107
28019|-17
28021|-94
28023|58
28025|-402
28027|-141
28029|-1046
28031|-160
28033|-1271
28035|-1230
28037|64
28039|-89
28041|-203
28043|-432
28045|-692
28047|-2699
28049|-4707
28051|108
28053|-164
28055|-54
28057|-241
28059|-279
28061|119
28063|-331
28065|-296
28067|-970
28069|180
28071|-45
28073|-649
28075|-732
28077|-24
28079|34
28081|-1663
28083|-349
28085|-328
28087|-1265
28089|-335
28091|-1071
28093|-786
28095|-434
28097|202
28099|-69
28101|-237
28103|110
28105|-213
28107|-949
28109|-1279
28111|-556
28113|-499
28115|-356
28117|-317
28119|-47
28121|-1664
28123|148
28125|176
28127|-402
28129|-288
28131|-120
28133|-171
28135|554
28137|-347
28139|-267
28141|36
28143|-6
28145|-333
28147|-376
28149|-754
28151|-1010
28153|-25
28155|-45
28157|10
28159|-345
28161|-81
28163|-94
29001|-2
29003|-186
29005|-164
29007|-433
29009|-714
29011|-150
29013|-372
29015|-478
29017|-239
29019|-1987
29021|-2043
29023|-953
29025|-146
29027|-421
29029|-663
29031|-855
29033|-242
29035|-207
29037|-894
29039|-178
29041|-46
29043|-781
29045|-39
29047|-2685
29049|-313
29051|-851
29053|-243
29055|-632
29057|-108
29059|-449
29061|-280
29063|-249
29065|-360
29067|-261
29069|-756
29071|-2358
29073|-196
29075|-11
29077|-4404
29079|-128
29081|-232
29083|-486
29085|-348
29087|-56
29089|-150
29091|-845
29093|-452
29095|-19978
29097|-2317
29099|-3725
29101|-800
29103|-1
29105|-1015
29107|-1009
29109|-563
29111|-106
29113|-777
29115|-101
29117|-275
29119|-568
29121|-224
29123|-373
29125|-155
29127|-676
29129|-32
29131|-677
29133|-702
29135|-183
29137|-19
29139|-267
29141|-465
29143|-672
29145|-995
29147|-69
29149|-172
29151|-149
29153|-60
29155|-266
29157|-197
29159|-645
29161|-876
29163|-236
29165|-1042
29167|-749
29169|-882
29171|-104
29173|-144
29175|-672
29177|-411
29179|-61
29181|-334
29183|-2811
29185|-135
29187|-2016
29189|-13628
29193|-232
29195|-784
29197|8
29199|16
29201|-1166
29203|-134
29205|-55
29207|-727
29209|-372
29211|-25
29213|-465
29215|-626
29217|-326
29219|-596
29221|-1064
29223|-565
29225|-911
29227|-81
29229|-507
29510|-16816
30001|-42
30003|-316
30005|69
30007|-138
30009|-13
30011|-13
30013|-749
30015|-19
30017|-184
30019|2
30021|-61
30023|-164
30025|-25
30027|-115
30029|-887
30031|-182
30033|18
30035|236
30037|-41
30039|30
30041|-399
30043|-99
30045|-9
30047|-474
30049|-464
30053|-350
30055|-14
30057|-8
30059|-17
30063|-1558
30065|-90
30067|-225
30071|-12
30073|1
30075|6
30077|3161
30079|8
30081|-363
30083|15
30085|-610
30087|54
30089|-241
30091|-10
30095|-60
30097|-45
30099|-92
30101|-42
30103|-10
30105|-98
30107|-33
30109|-5
30111|-1112
31001|-200
31019|-129
31023|-434
31033|-32
31041|-77
31043|-211
31045|2256
31047|-52
31053|-632
31055|-5999
31067|145
31079|-335
31095|-269
31109|-2440
31111|-13
31119|-446
31131|-327
31139|263
31141|-678
31145|-413
31147|-291
31157|-3118
31173|-94
32001|-333
32003|-20250
32005|-469
32007|-270
32009|9
32011|-23
32013|-207
32015|-66
32017|-53
32019|-654
32021|-33
32023|-459
32027|-70
32029|-28
32031|-4757
32033|-345
32510|-1219
33000|-29611
34001|-4866
34003|-3870
34005|-4264
34007|-8817
34009|-1918
34011|-2129
34013|-22567
34015|-2010
34017|-13667
34019|-258
34021|-2621
34023|-5479
34025|-5521
34027|-1961
34029|-5801
34031|-7112
34033|-575
34035|-1765
34037|-1007
34039|-5583
34041|-781
35001|25994
35003|-46
35005|-3196
35006|-868
35007|-177
35009|-1633
35011|-12
35013|-9024
35015|-1599
35017|-917
35019|-32
35021|1
35023|-222
35025|-1892
35027|-601
35029|-1228
35031|-4053
35033|-118
35035|-1111
35037|-508
35039|-1141
35041|-644
35043|-1349
35045|-3970
35047|-1010
35049|-1786
35051|-430
35053|-443
35055|-1045
35057|-574
35059|-20
35061|-2380
36001|-11798
36003|-1020
36007|-7108
36009|-1540
36011|-1626
36013|-2311
36015|1016
36017|-1046
36019|-1463
36021|-1156
36023|-1089
36025|-1164
36027|-3881
36029|-13615
36031|-819
36033|-1202
36035|-2347
36037|-918
36039|-1045
36041|-114
36043|-1490
36045|-3977
36049|-368
36051|-1234
36053|-967
36055|-3605
36057|-1028
36059|-6023
36062|-2986
36063|-1762
36065|-4179
36067|-8621
36069|-2002
36071|-6660
36073|-403
36075|-2572
36077|-1307
36079|-212
36083|-2083
36087|-2648
36089|-1737
36091|-2446
36093|-3814
36095|-679
36097|-380
36099|64
36101|-1661
36103|-13634
36105|-1772
36107|-1513
36109|-1221
36111|-2894
36113|-1078
36115|-963
36117|-1321
36119|-7672
36121|-433
36123|-792
37001|-2025
37003|-442
37005|-184
37007|-1036
37009|-394
37011|-503
37013|-2271
37015|-678
37017|-909
37019|-1391
37021|-4080
37023|-1426
37025|-2369
37027|-1858
37029|-101
37031|-1835
37033|-679
37035|-3146
37037|-1070
37039|-509
37041|-509
37043|-225
37045|-3169
37047|-1946
37049|-2758
37051|-6577
37053|-741
37055|-621
37057|-3265
37059|-581
37061|-1748
37063|-4415
37065|-2658
37067|-5874
37069|-1628
37071|-6197
37073|-199
37075|-362
37077|-1123
37079|-275
37081|-8136
37083|-2161
37085|-2097
37087|-830
37089|-1537
37091|-914
37093|-663
37095|-352
37097|-1631
37099|-1040
37101|-2920
37103|-415
37105|-1169
37107|-1750
37109|-1003
37111|-795
37113|-765
37115|-423
37117|-434
37119|-15189
37121|-220
37123|-825
37125|-1725
37127|-2024
37129|-2670
37131|-741
37133|-3298
37135|-1532
37137|-390
37139|-1117
37141|-1218
37143|-409
37145|-698
37147|-3250
37149|-202
37151|-1659
37153|-1743
37155|-4052
37157|-2515
37159|-3189
37161|-1707
37163|-1294
37165|-1114
37167|-1383
37169|-1055
37171|-1464
37173|-512
37175|-545
37177|-143
37179|-2808
37181|-1527
37183|-6902
37185|-726
37187|-455
37189|-459
37191|-2671
37193|-1187
37195|-1118
37197|-639
37199|-478
38001|-35
38003|-7
38005|-50
38009|-93
38011|-35
38013|-27
38015|-428
38017|-1194
38019|-16
38021|-126
38023|-10
38025|-15
38027|21
38029|37
38031|14
38033|26
38035|-995
38037|28
38039|0
38041|-25
38043|1
38045|2
38047|-3
38049|-22
38051|2
38053|-102
38055|-51
38057|-38
38059|-103
38061|26
38063|-19
38065|14
38067|-14
38069|-20
38071|-121
38073|-47
38075|-11
38077|-95
38079|-547
38081|6
38083|20
38085|-317
38089|-196
38091|-31
38093|-224
38095|25
38097|-46
38099|54
38101|-385
38103|-34
38105|-206
39001|-40
39003|-1610
39005|-643
39007|-1829
39009|-508
39011|-760
39013|-740
39015|-937
39017|-5330
39019|-1215
39021|-1769
39023|-5760
39025|-2262
39027|-671
39029|-1755
39031|548
39033|-1047
39035|-2148
39037|-702
39039|-335
39041|-2256
39043|-1640
39045|-882
39047|-353
39049|-62904
39051|-635
39053|-266
39055|-417
39057|-2356
39059|-784
39061|-7976
39063|-889
39065|-346
39067|-272
39069|-410
39071|-620
39073|-301
39075|-506
39077|-1456
39079|-16
39081|-1564
39083|-443
39085|109
39087|-985
39089|-943
39091|480
39093|-2520
39095|-21565
39097|-891
39099|-2413
39101|-2997
39103|-1170
39105|-250
39107|-160
39109|-1454
39111|-194
39113|-8206
39115|-262
39117|-496
39119|-1194
39121|-365
39123|-1614
39125|-315
39127|-621
39129|-470
39131|-514
39133|-728
39135|-490
39137|-483
39139|-2386
39141|-1627
39143|-974
39145|-610
39147|-468
39149|895
39151|-4269
39153|-5623
39155|-5219
39157|-1374
39159|-515
39161|-216
39163|-530
39165|-1307
39167|1988
39169|-1632
39171|-517
39173|-1264
39175|-141
40001|-500
40003|-31
40005|-1
40007|-107
40009|-885
40011|-295
40013|-831
40015|66
40017|-1385
40019|-891
40021|-1156
40023|-365
40025|-25
40027|-4087
40029|-54
40031|-3420
40033|126
40035|-310
40037|-1808
40039|-533
40041|-1033
40043|-80
40045|-70
40047|-1711
40049|-584
40051|-774
40053|-25
40055|-194
40057|-60
40059|-53
40061|-122
40063|-56
40065|-644
40067|-186
40069|-108
40071|-1326
40073|-293
40075|-269
40077|-253
40079|-1614
40081|-927
40083|-768
40085|-105
40087|-421
40089|-1281
40091|-188
40093|-103
40095|-40
40097|-793
40099|-356
40101|-1866
40103|-254
40105|-149
40107|-242
40109|-19752
40111|-1582
40113|-747
40115|-311
40117|-143
40119|-1192
40121|-535
40123|-654
40125|-2015
40127|-392
40129|-71
40131|-698
40133|-865
40135|-689
40137|-917
40139|-266
40141|-342
40143|-10118
40145|-1156
40147|-696
40149|-345
40151|-226
40153|-312
41000|-1579
42001|-926
42003|-10663
42005|-732
42007|-24
42009|-593
42011|11723
42013|-2548
42015|-1231
42017|-6199
42019|-1617
42021|-935
42023|4
42025|-1257
42027|-1277
42029|-3038
42031|-792
42033|-1767
42035|-284
42037|-882
42039|-1409
42041|-1489
42043|-4250
42045|-6464
42047|-86
42049|-4983
42051|-1706
42053|-52
42055|-1676
42057|-328
42059|-222
42061|-781
42063|-1217
42065|-908
42067|-230
42069|-2828
42071|-6482
42073|-1114
42075|-1319
42077|-5747
42079|-4380
42081|-982
42083|-651
42085|-1639
42087|-406
42089|-3205
42091|-6079
42093|-170
42095|-3276
42097|-1310
42099|-600
42101|-53688
42103|-1040
42105|-256
42107|-2381
42109|-482
42111|-568
42113|-40
42115|-1197
42117|-635
42119|-478
42121|-995
42123|-527
42125|-1147
42127|-1238
42129|-2220
42131|-490
42133|-4108
44935|-24983
45001|-600
45003|-1407
45005|-348
45007|-3512
45009|-463
45011|-494
45013|-2005
45015|-4011
45017|-567
45019|-10923
45021|-1435
45023|-1450
45025|-1110
45027|-1222
45029|-1548
45031|-2102
45033|-1499
45035|-2204
45037|-772
45039|-1249
45041|-4084
45043|-2679
45045|-9004
45047|-1313
45049|-939
45051|-5106
45053|-651
45055|-1300
45057|-2135
45059|-2351
45061|-970
45063|-3371
45065|-254
45067|-1560
45069|-965
45071|-835
45073|-1533
45075|-3760
45077|-2054
45079|-8040
45081|-601
45083|-5963
45085|-4495
45087|-983
45089|-1302
45091|-3593
46003|-33
46005|-155
46007|-118
46009|11
46011|43
46013|-189
46015|-70
46019|29
46021|-4
46023|155
46025|6
46027|-36
46029|-4
46031|-18
46033|-11
46035|-59
46037|111
46039|75
46041|-84
46043|-13
46045|47
46047|16
46049|-7
46051|-36
46053|103
46055|14
46057|-2
46059|-20
46061|52
46063|-19
46065|-100
46067|85
46069|1
46071|-97
46073|25
46075|-16
46077|-28
46079|-34
46081|-22
46083|-92
46085|-77
46087|-75
46089|-17
46091|45
46093|-43
46095|-61
46097|17
46099|-754
46101|-33
46103|-898
46105|-21
46107|25
46109|-108
46111|19
46113|-408
46115|-14
46117|23
46119|16
46121|-214
46123|10
46125|-44
46127|-16
46129|-82
46135|-56
46137|-80
47001|-2286
47003|-1162
47005|-690
47007|-536
47009|-2042
47011|-3471
47013|-1878
47015|-518
47017|-935
47019|-2061
47021|-1136
47023|-281
47025|-1264
47027|-248
47029|-1308
47031|-1510
47033|-575
47035|-1066
47037|-19875
47039|-378
47041|-486
47043|-1638
47045|-1314
47047|-660
47049|-475
47051|-1162
47053|-1072
47055|-760
47057|-788
47059|-2321
47061|-1067
47063|-2300
47065|-10810
47067|-209
47069|-695
47071|-1048
47073|-1283
47075|-481
47077|-533
47079|-981
47081|-820
47083|-230
47085|-784
47087|-304
47089|-1134
47091|-397
47093|-8243
47095|-339
47097|-1282
47099|-799
47101|-397
47103|-1329
47105|-1033
47107|-1909
47109|-821
47111|-677
47113|-2049
47115|-1315
47117|-599
47119|-2523
47121|-414
47123|-1705
47125|-3058
47127|-112
47129|-738
47131|-1300
47133|-712
47135|-192
47137|-90
47139|-478
47141|-1749
47143|-156
47145|-1396
47147|-1464
47149|-3012
47151|-1312
47153|-366
47155|-2056
47157|-14719
47159|-443
47161|-277
47163|-4123
47165|-4254
47167|-1004
47169|-343
47171|-568
47173|-672
47175|-63
47177|-1534
47179|-3060
47181|-470
47183|-743
47185|-858
47187|-1375
47189|-2410
48001|-1349
48003|-341
48005|-1937
48007|-381
48009|-159
48011|-40
48013|-246
48015|-286
48017|-149
48019|-174
48021|-579
48023|-131
48025|-559
48027|-5659
48029|-44235
48031|-37
48033|20
48035|-609
48037|-2153
48039|-4086
48041|-2726
48043|53
48045|-37
48047|-375
48049|-978
48051|-571
48053|-989
48055|-621
48057|-366
48059|-319
48061|-17784
48063|-315
48065|-54
48067|-932
48069|-72
48071|121
48073|-1496
48075|-123
48077|-101
48079|-259
48081|-79
48083|-450
48085|-3810
48087|-205
48089|-331
48091|-1040
48093|-477
48095|-138
48097|-703
48099|-800
48101|-6
48103|-109
48105|-100
48107|-203
48109|12
48111|-73
48113|-74229
48115|-351
48117|-567
48119|-225
48121|-4754
48123|-344
48125|-131
48127|29
48129|-44
48131|-137
48133|-385
48135|-6161
48137|-138
48139|-3499
48141|-31723
48143|-875
48145|-237
48147|-642
48149|-286
48151|-18
48153|-179
48155|5
48157|-4801
48159|-464
48161|-477
48163|-74
48165|-86
48167|-7992
48169|-93
48171|-250
48173|-42
48175|-52
48177|-328
48179|-717
48181|-3229
48183|-4244
48185|-279
48187|-2039
48189|-1194
48191|-172
48193|-187
48195|-64
48197|-42
48199|-413
48201|-104145
48203|-1315
48205|-3
48207|-221
48209|-385
48211|-17
48213|-2537
48215|-26626
48217|-927
48219|-580
48221|-920
48223|-773
48225|-601
48227|-473
48229|70
48231|-1968
48233|-508
48235|7
48237|-268
48239|-276
48241|-456
48243|35
48245|-2391
48247|-138
48249|-1429
48251|-3949
48253|-90
48255|62
48257|-3018
48259|-274
48261|26
48263|17
48265|-1143
48267|-124
48269|10
48271|-72
48273|-281
48275|-143
48277|-1711
48279|-235
48281|-419
48283|-228
48285|-39
48287|-276
48289|-380
48291|-1555
48293|-557
48295|2
48297|-317
48299|-56
48301|-3
48303|-8295
48305|-112
48307|-418
48309|-6333
48311|32
48313|-312
48315|-426
48317|1
48319|-61
48321|-602
48323|-3177
48325|-210
48327|-166
48329|-3050
48331|-720
48333|-207
48335|-33
48337|-634
48339|-5058
48341|-260
48343|-219
48345|69
48347|-1015
48349|-1547
48351|-278
48353|-402
48355|-10950
48357|-211
48359|-26
48361|-1236
48363|-937
48365|-820
48367|-1483
48369|-38
48371|-723
48373|-1346
48375|-3546
48377|-119
48379|-215
48381|-2548
48383|-93
48385|-225
48387|-311
48389|-260
48391|-50
48393|6
48395|-349
48397|-751
48399|-354
48401|-785
48403|-152
48405|-15
48407|-551
48409|-2023
48411|-155
48413|-46
48415|-442
48417|-140
48419|-360
48421|-34
48423|-4414
48425|-182
48427|-3428
48429|-85
48431|-57
48433|19
48435|-115
48437|-347
48439|-41489
48441|-3767
48443|-9
48445|-131
48447|8
48449|-1031
48451|-1645
48453|-15605
48455|-423
48457|-326
48459|-1149
48461|0
48463|-1157
48465|-1855
48467|-1806
48469|-2336
48471|-791
48473|-1316
48475|-431
48477|-225
48479|-6056
48481|-604
48483|-81
48485|-3150
48487|-288
48489|-748
48491|-2346
48493|-420
48495|-475
48497|-1678
48499|-831
48501|-129
48503|-223
48505|-332
48507|-292
49003|3926
49007|3517
49011|6162
49035|39403
49037|3090
49039|2910
49045|1144
49047|2931
49049|12244
49053|4679
49057|10800
50000|-953
51001|-103
51003|-1254
51007|-215
51009|-599
51011|-316
51013|-790
51017|-36
51019|-1239
51021|-128
51023|-380
51025|-664
51027|-1011
51029|-656
51031|-1152
51033|-909
51035|-453
"5103|-189
51037|-367
51041|-3355
51043|-215
51045|-99
51047|-1132
51049|-275
51051|-428
51053|-517
51057|-368
51059|-8220
51061|-1317
51063|-192
51065|-205
51067|-1263
51069|-957
51071|-314
51073|-971
51075|-303
51077|-506
51079|-316
51081|-552
51083|-709
51085|-718
51087|-4584
51089|-1853
51091|-19
51093|-666
51095|-908
51097|-205
51099|-416
51101|-279
51103|-364
51105|-515
51107|-1278
51109|-612
51111|-666
51113|-405
51115|-243
51117|-698
51119|-303
51121|-1378
51125|-349
51127|-217
51131|-470
51133|-218
51135|-473
51137|-716
51139|-901
51141|-514
51143|-1403
51145|-194
51147|-445
51149|-358
51153|-5376
51155|-959
51157|-187
51159|-162
51161|-884
51163|-561
51165|-1094
51167|-524
51169|-94
51171|-818
51173|-381
51175|-158
51177|-1803
51179|-1563
51181|-333
51183|-143
51185|-806
51187|-1088
51191|-447
51193|-618
51195|-1185
51197|-507
51199|-587
51510|-3057
51520|-304
51540|-1426
51550|-3971
51560|-112
51580|-374
51590|-2390
51620|-218
51630|-970
51640|-222
51650|-4347
51660|-730
51670|-1089
51680|-2713
51683|-725
51685|-392
51690|-612
51700|-5629
51710|-10510
51720|-165
51730|-1652
51740|-3688
51750|-328
51760|-7333
51770|-3906
51790|-1154
51800|-1917
51810|-9962
51820|-670
51830|-259
51840|-955
52001|-1459
52005|-557
53001|78987
53003|-165
53005|-1344
53007|-1220
53009|1601
53011|-5723
53013|-122
53015|-1957
53017|-603
53019|-178
53021|-1854
53023|0
53025|-1816
53027|-2477
53029|-484
53031|-384
53033|31789
53035|-1877
53037|-315
53039|-405
53041|-2000
53043|-147
53045|-1001
53047|-1475
53049|-611
53051|-708
53053|29238
53055|-82
53057|-1295
53059|-171
53061|-616
53063|-4890
53065|-933
53067|-3160
53069|-77
53071|-1098
53073|-1444
53075|-399
53077|15701
54000|-43601
55001|-240
55003|-244
55005|-1076
55007|44
55009|-1547
55011|-132
55013|-108
55015|-246
55017|-387
55019|-220
55021|-236
55023|-69
55025|-3647
55027|-522
55029|-158
55031|-397
55033|-557
55035|-309
55037|-83
55039|-474
55041|-10
55043|-352
55045|116
55047|-169
55049|-126
55051|-43
55053|-111
55055|-37
55057|-260
55059|-1532
55061|-5
55063|-954
55065|6
55067|-177
55069|-16
55071|-59
55073|-1152
55075|-356
55077|-97
55078|-28
55079|-22662
55081|-219
55083|-521
55085|-136
55087|-164
55089|-133
55091|-22
55093|-187
55095|-500
55097|-558
55099|-224
55101|-1792
55103|-240
55105|-2179
55107|-104
55109|-338
55111|-212
55113|-140
55115|-264
55117|-970
55119|-217
55121|-355
55123|-123
55125|-142
55127|-628
55129|-164
55131|-670
55133|-1017
55135|-330
55137|-320
55139|-926
55141|-625
55143|-219
55145|0
55147|5
55149|-8
55151|-157
56000|-5513
U.S.|-5374369
|0
b|0
