COUNTY|DELTA
01001|398
01003|-297
01005|248
01007|-62
01009|-234
01011|-145
01013|416
01015|-1025
01017|-138
01019|155
01021|-361
01023|235
01025|440
01027|-2
01029|-64
01031|-174
01033|-442
01035|-33
01037|-47
01039|-391
01041|36
01043|162
01045|-1123
01047|-354
01049|163
01051|-253
01053|-337
01055|-72
01057|-106
01059|256
01061|-68
01063|51
01065|70
01067|-242
01069|-159
01071|30
01073|-4605
01075|-55
01077|-325
01079|218
01081|-152
01083|1038
01085|127
01087|-266
01089|3296
01091|-126
01093|82
01095|109
01097|-5806
01099|246
01101|-1685
01103|314
01105|-144
01107|-471
01109|-159
01111|-62
01113|-982
01115|-607
01117|-286
01119|-18
01121|-176
01123|-728
01125|-677
01127|410
01129|-144
01131|176
01133|250
02110|-3186
04001|-1009
04003|-2517
04005|-1606
04007|-552
04009|-388
04011|-132
04013|-35591
04015|-4012
04017|-2147
04019|-9074
04021|-1764
04023|-1270
04025|-1258
04027|-4714
04029|-580
05001|-256
05003|-388
05005|-278
05007|-438
05009|-87
05011|-104
05013|-45
05015|-51
05017|-39
05019|-184
05021|168
05023|-355
05025|81
05027|-601
05029|202
05031|-239
05033|121
05035|-336
05037|-188
05039|3
05041|132
05043|23
05045|-177
05047|-94
05049|-287
05051|-171
05053|-88
05055|73
05057|-497
05059|-144
05061|-304
05063|-166
05065|-198
05067|-15
05069|148
05071|261
05073|-105
05075|328
05077|401
05079|271
05081|-85
05083|218
05085|-275
05087|-33
05089|-278
05091|-1034
05093|307
05095|162
05097|72
05099|-70
05101|99
05103|-180
05105|143
05107|-155
05109|8
05111|-218
05113|-230
05115|-133
05117|17
05119|-3246
05121|-223
05123|250
05125|-312
05127|302
05129|-43
05131|-807
05133|-70
05135|-166
05137|-10
05139|138
05141|-183
05143|-800
05145|-529
05147|-126
05149|268
06001|-11956
06003|14
06005|-475
06007|-3679
06009|-706
06011|-166
06013|-4938
06015|-358
06017|-932
06019|-13152
06021|-295
06023|-550
06025|-3237
06027|-245
06029|-33898
06031|-1699
06033|-519
06035|-145
06037|-231450
06039|-3240
06041|-1103
06043|-180
06045|-395
06047|-9119
06049|87
06051|-40
06053|-5666
06055|-884
06057|-512
06059|-45971
06061|-1259
06063|39
06065|-49668
06067|-23489
06069|-205
06071|-43992
06073|-27761
06075|-8848
06077|-6906
06079|-2717
06081|-4025
06083|-5610
06085|-17833
06087|-6748
06089|-1550
06091|42
06093|-324
06095|-1961
06097|-3861
06099|-7758
06101|-704
06103|-527
06105|-47
06107|-8591
06109|-790
06111|-10946
06113|-1982
06115|-506
08003|-61
08007|77
08009|70
08011|-33
08013|-213
08015|-51
08017|-26
08021|146
08023|-97
08025|-59
08027|9
08029|7
08031|-6097
08033|25
08037|-53
08039|-87
08041|-4087
08043|-116
08045|-95
08051|-17
08055|22
08059|-918
08061|-5
08063|11
08065|68
08067|25
08069|-660
08071|44
08073|-15
08075|-118
08077|-206
08081|-11
08083|494
08085|145
08087|21
08089|21
08091|12
08093|76
08095|-6
08099|-307
08101|-586
08103|-54
08105|-194
08107|8
08109|-103
08111|-35
08113|-20
08115|-31
08117|35
08119|-336
08121|-14
08123|-102
08125|-51
08127|-5980
08129|6483
09901|-3461
09903|-6286
09905|-3788
09907|-3705
09909|-585
09911|-1045
09913|-1212
09915|-2281
10001|-1343
10002|-6813
10003|-2645
11001|-4748
12001|-4077
12003|-887
12005|-1176
12007|-812
12009|-2814
12011|-18010
12013|-71
12015|-974
12017|-1635
12019|73
12021|-1407
12023|-1483
12025|-52559
12027|-729
12029|-549
12031|-4047
12033|-3809
12035|-420
12037|217
12039|-701
12041|-106
12045|-180
12047|32
12049|-438
12051|-675
12053|-806
12055|-752
12057|3152
12059|-362
12061|741
12063|-119
12065|-518
12067|-111
12069|-2888
12071|2149
12073|-3369
12075|-456
12077|49
12079|-189
12081|-406
12083|-2119
12085|-1
12087|-958
12089|99
12091|-2151
12093|929
12095|-9267
12097|-3374
12099|-2905
12101|-2414
12103|-9751
12105|13
12107|-1463
12109|-481
12111|1994
12113|-457
12115|-1978
12117|-1790
12119|-617
12121|-613
12123|1
12125|-152
12127|-6751
12129|-156
12131|-773
12133|189
13001|285
13003|97
13005|-141
13007|5
13009|-523
13011|-128
13013|17
13015|-27
13017|234
13019|-109
13021|-1519
13023|-108
13025|-184
13027|-109
13029|-199
13031|-3815
13033|-461
13035|112
13037|-201
13039|-582
13043|-198
13045|-1623
13047|-156
13049|-181
13051|-6442
13053|-13
13055|164
13057|-97
13059|-314
13061|-91
13063|-4168
13065|-82
13067|-3687
13069|-66
13071|42
13073|-903
13075|-152
13077|520
13079|-196
13081|-132
13083|61
13085|-16
13087|-452
13089|-13114
13091|-377
13093|26
13095|-2131
13097|-979
13099|-206
13100|-2
13103|-256
13105|-82
13107|-193
13109|-166
13111|-149
13113|-382
13115|-265
13117|-76
13119|-280
13121|-7933
13123|44
13125|-9
13127|-409
13129|45
13131|-113
13133|-300
13135|-1654
13137|-177
13139|-1553
13141|-94
13143|-106
13145|-162
13147|-75
13149|-164
13151|72
13153|-1240
13155|117
13157|-268
13159|62
13161|-161
13163|-211
13165|-119
13167|7
13169|16
13171|-158
13173|129
13175|-187
13177|60
13179|-593
13181|-218
13183|-443
13185|-2489
13187|19
13189|-382
13191|36
13193|-218
13195|127
13197|20
13199|-269
13201|37
13205|-5
13207|-195
13209|79
13211|-135
13213|14
13215|-3821
13217|-874
13219|-55
13221|-139
13223|40
13225|-443
13227|-113
13229|-95
13231|-51
13233|-260
13235|16
13237|-65
13239|-25
13241|46
13243|-58
13245|-4741
13247|-267
13249|46
13251|65
13253|-81
13255|-758
13257|-222
13259|79
13261|-487
13263|53
13265|-37
13267|-283
13269|-416
13271|-76
13273|-134
13275|-190
13277|-378
13279|24
13281|-154
13283|49
13285|-498
13287|-182
13289|-23
13291|14
13293|-222
13295|-452
13297|-357
13299|-153
13301|-251
13303|-266
13305|-229
13307|-29
13309|-37
13311|-6
13313|-175
13315|-14
13317|-199
13319|-78
13321|-109
14000|-3247
15001|-5497
15003|-13295
15007|-1159
15009|-2628
16000|-11724
16001|10581
16003|285
16005|5180
16007|198
16009|938
16011|2953
16013|321
16015|252
16017|3132
16019|4409
16021|849
16023|147
16025|33
16027|9217
16029|286
16031|1279
16033|22
16035|625
16037|141
16039|1289
16041|577
16043|484
16045|1370
16047|546
16049|1087
16051|1045
16053|1337
16055|5612
16057|1297
16059|585
16061|313
16063|104
16065|746
16067|1204
16069|2440
16071|221
16073|972
16075|2020
16077|592
16079|2360
16081|109
16083|3175
16085|906
16087|1035
17001|-201
17003|-104
17005|-29
17007|-93
17009|-66
17011|-84
17013|-34
17015|-120
17017|58
17019|-658
17021|-259
17023|-58
17025|91
17027|-134
17029|-82
17031|-23361
17033|227
17035|-64
17037|10
17039|-169
17041|1
17043|-1564
17045|-104
17047|19
17049|222
17051|-26
17053|-56
17055|-14
17057|-22
17059|-57
17061|177
17063|-77
17065|31
17067|-68
17069|88
17071|12
17073|45
17075|14
17077|-665
17079|146
17081|-203
17083|7
17085|58
17087|-72
17089|-1320
17091|86
17093|-30
17095|-321
17097|-1176
17099|8
17101|193
17103|124
17105|-11
17107|-300
17109|-48
17111|-70
17113|-850
17115|-460
17117|-104
17119|-729
17121|-37
17123|-71
17125|272
17127|161
17129|-56
17131|14
17133|82
17135|-23
17137|-320
17139|-10
17141|-54
17143|211
17145|5
17147|-94
17149|105
17151|49
17153|26
17155|-62
17157|-218
17159|65
17161|-211
17163|431
17165|-520
17167|-547
17169|-37
17171|-19
17173|-21
17175|34
17177|-247
17179|-140
17181|-126
17183|-183
17185|85
17187|14
17189|134
17191|167
17193|18
17195|-27
17197|-1139
17199|-273
17201|-841
17203|-44
18001|-129
18003|-5513
18005|-506
18007|-98
18009|-127
18011|-405
18013|-253
18015|-134
18017|-593
18019|-1897
18021|-234
18023|16
18025|-124
18027|-308
18029|-278
18031|30
18033|-606
18035|-2164
18037|-74
18039|-2147
18041|-211
18043|-1500
18045|39
18047|-153
18049|-165
18051|-380
18053|-2166
18055|-385
18057|-774
18059|-256
18061|-543
18063|-675
18065|-842
18067|-1318
18069|-27
18071|-401
18073|-210
18075|-140
18077|-249
18079|-615
18081|-1402
18083|-563
18085|-215
18087|82
18089|-14412
18091|-2040
18093|-230
18095|-2835
18097|-24197
18099|-512
18101|-99
18103|-448
18105|-1302
18107|-546
18109|-849
18111|-219
18113|-325
18115|-22
18117|5
18119|-531
18121|-190
18123|-54
18125|-190
18127|-1236
18129|-202
18131|-93
18133|-234
18135|-511
18137|-205
18139|-127
18141|-3987
18143|138
18145|-505
18147|-189
18149|-214
18151|-236
18153|-416
18155|-126
18157|-1572
18159|-201
18161|17
18163|-2952
18165|-118
18167|-2489
18169|-227
18171|117
18173|-794
18175|-314
18177|-736
18179|-117
18181|-324
18183|-138
19001|-51
19003|10
19005|-6
19007|66
19009|44
19011|74
19013|-342
19015|-20
19017|-240
19019|9
19021|36
19023|38
19025|-14
19027|-97
19029|-212
19031|-82
19033|-238
19035|-34
19037|39
19039|-44
19041|77
19043|111
19045|-212
19047|-132
19049|24
19051|26
19053|-141
19055|-64
19057|-282
19059|32
19061|45
19063|50
19065|4
19067|-76
19069|4
19071|-107
19073|-62
19075|109
19077|0
19079|-28
19081|76
19083|-235
19085|120
19087|-62
19089|-98
19091|28
19093|-42
19095|-48
19097|-8
19099|-4
19101|-73
19103|-313
19105|-67
19107|-26
19109|-1
19111|11
19113|1238
19115|1
19117|-110
19119|-60
19121|-20
19123|153
19125|-92
19127|-190
19129|23
19131|50
19133|90
19135|-86
19137|-34
19139|30
19141|-19
19143|4
19145|18
19147|93
19149|8
19151|78
19153|-1017
19155|-367
19157|15
19159|-5
19161|32
19163|-1279
19165|138
19167|136
19169|-221
19171|161
19173|19
19175|-26
19177|44
19179|96
19181|-122
19183|-21
19185|2
19187|-142
19189|-10
19191|-70
19193|934
19195|15
19197|-49
20001|-148
20003|-113
20005|-186
20007|-43
20009|-35
20011|-117
20013|87
20015|-511
20017|-17
20019|-11
20021|-114
20023|-11
20025|4
20027|27
20029|-59
20031|-134
20033|6
20035|-417
20037|-343
20039|-6
20041|-98
20043|19
20045|-693
20047|35
20049|-69
20051|-166
20053|-60
20055|-38
20057|-447
20059|-108
20061|-223
20063|-17
20065|-19
20067|-57
20069|-32
20071|34
20073|-157
20075|19
20077|-36
20079|-283
20081|-188
20083|14
20085|-112
20087|-33
20089|-12
20091|-1142
20093|-49
20095|-89
20097|-26
20099|-228
20101|-13
20103|-240
20105|-19
20107|-71
20109|17
20111|-416
20113|12
20115|33
20117|31
20119|-49
20121|-81
20123|10
20125|-232
20127|6
20129|5
20131|5
20133|-236
20135|-36
20137|12
20139|-158
20141|-39
20143|-55
20145|-72
20147|-27
20149|-113
20151|-123
20153|42
20155|-662
20157|34
20159|12
20161|-244
20163|-36
20165|-35
20167|-98
20169|-497
20171|27
20173|-6684
20175|-310
20177|-898
20179|-16
20181|90
20183|-58
20185|-49
20187|-10
20189|59
20191|-274
20193|-52
20195|-39
20197|-10
20199|-1
20201|-6
20203|10
20205|12
20207|-36
20209|-2796
21001|-65
21003|128
21005|-8
21007|0
21009|595
21011|-39
21013|234
21015|-165
21017|60
21019|-403
21021|46
21023|-55
21025|417
21027|178
21029|130
21031|8
21033|15
21035|-35
21037|-348
21039|67
21041|201
21043|-491
21045|-234
21047|-104
21049|286
21051|69
21053|-11
21055|40
21057|-137
21059|180
21061|260
21063|42
21065|298
21067|313
21069|-169
21071|-431
21073|-171
21075|173
21077|-133
21079|127
21081|-228
21083|117
21085|-51
21087|18
21089|-173
21091|107
21093|-444
21095|-196
21097|88
21099|225
21101|807
21103|17
21105|162
21107|163
21109|154
21111|2577
21113|-286
21115|-142
21117|-645
21119|-127
21121|31
21123|-207
21125|74
21127|-38
21129|-154
21131|480
21133|-37
21135|-185
21137|257
21139|-4
21141|55
21143|25
21145|263
21147|435
21149|101
21151|-24
21153|78
21155|157
21157|94
21159|-285
21161|-179
21163|221
21165|29
21167|-176
21169|162
21171|70
21173|-67
21175|155
21177|518
21179|-59
21181|18
21183|225
21185|125
21187|-142
21189|-88
21191|-194
21193|-167
21195|-115
21197|167
21199|-321
21201|-36
21203|81
21205|61
21207|19
21209|62
21211|160
21213|84
21215|-40
21217|-164
21219|-43
21221|-17
21223|-7
21225|77
21227|169
21229|142
21231|87
21233|106
21235|134
21237|14
21239|-121
22001|595
22003|360
22005|-86
22007|-77
22009|751
22011|-99
22013|222
22015|-398
22017|841
22019|807
22021|73
22023|-77
22025|296
22027|218
22029|508
22031|97
22033|-234
22035|208
22037|351
22039|117
22041|141
22043|0
22045|-144
22047|242
22049|-104
22051|-4638
22053|515
22055|-252
22057|-82
22059|289
22061|-93
22063|-285
22065|125
22067|406
22069|584
22071|-6487
22073|-110
22075|-510
22077|257
22079|1029
22081|544
22083|89
22085|532
22087|-450
22089|142
22091|-19
22093|143
22095|-461
22097|1143
22099|-433
22101|-313
22103|158
22105|1256
22107|190
22109|-4
22111|183
22113|144
22115|820
22117|258
22119|-87
22121|-3
22123|236
22125|46
22127|370
23000|-5939
24001|-717
24003|15222
24005|26393
24009|-161
24011|-396
24013|-611
24015|-5555
24017|5984
24019|-440
24021|-1009
24023|-375
24025|-2239
24027|-868
24029|-85
24031|18740
24033|32966
24035|19
24037|-623
24039|2827
24041|-48
24043|8407
24045|-806
24047|-453
24510|154460
25000|-16532
26001|74
26003|-19
26005|159
26007|84
26009|343
26011|88
26013|48
26015|121
26017|-220
26019|170
26021|-625
26023|-18
26025|-566
26027|379
26029|-78
26031|39
26033|258
26035|-156
26037|-52
26039|-59
26041|-93
26043|56
26045|-744
26047|-139
26049|-3699
26051|182
26053|66
26055|122
26057|30
26059|544
26061|149
26063|-87
26065|-2923
26067|-152
26069|-154
26071|65
26073|-96
26075|-1327
26077|-868
26079|210
26081|-1886
26083|16
26085|87
26087|453
26089|-51
26091|360
26093|-152
26095|-52
26097|147
26099|-3303
26101|-101
26103|-35
26105|-1
26107|-79
26109|-29
26111|-655
26113|107
26115|-689
26117|280
26119|23
26121|-1269
26123|14
26125|-6638
26127|-81
26129|134
26131|8
26133|345
26135|31
26137|50
26139|-487
26141|-67
26143|119
26145|-1314
26147|-34
26149|832
26151|234
26153|-115
26155|-105
26157|290
26159|32
26161|-2457
26163|-24756
26165|115
27001|-182
27003|-882
27005|277
27007|104
27009|-107
27011|-1
27013|197
27015|-141
27017|69
27019|-104
27021|-179
27023|-70
27025|-5
27027|-384
27029|10
27031|-71
27033|-2
27035|-430
27037|-811
27039|-69
27041|-124
27043|-13
27045|-153
27047|14
27049|91
27051|54
27053|-1950
27055|-121
27057|117
27059|230
27061|18
27063|113
27065|-1
27067|-257
27069|-27
27071|-161
27073|18
27075|70
27077|9
27079|55
27081|-23
27083|-67
27085|96
27087|65
27089|32
27091|-183
27093|14
27095|-39
27097|-23
27099|116
27101|-61
27103|18
27105|54
27107|-9
27109|-984
27111|-171
27113|25
27115|136
27117|-130
27119|284
27121|2
27123|2318
27125|-34
27127|-188
27129|-114
27131|-183
27133|76
27135|33
27137|-18329
27139|-1
27141|-50
27143|-90
27145|-41
27147|153
27149|61
27151|32
27153|-80
27155|-30
27157|128
27159|76
27161|-7
27163|43
27165|50
27167|-68
27169|18
27171|182
27173|-35
28001|247
28003|485
28005|-186
28007|-59
28009|375
28011|367
28013|-12
28015|228
28017|178
28019|113
28021|146
28023|243
28025|-75
28027|436
28029|-381
28031|408
28033|625
28035|-107
28037|132
28039|55
28041|272
28043|106
28045|408
28047|205
28049|-3606
28051|449
28053|3
28055|46
28057|-32
28059|27
28061|350
28063|495
28065|-127
28067|547
28069|-73
28071|169
28073|602
28075|168
28077|32
28079|-214
28081|551
28083|140
28085|-59
28087|-163
28089|61
28091|-38
28093|593
28095|363
28097|32
28099|-279
28101|-154
28103|-75
28105|220
28107|-167
28109|-153
28111|185
28113|91
28115|229
28117|453
28119|319
28121|-662
28123|104
28125|54
28127|-228
28129|61
28131|-187
28133|-632
28135|425
28137|527
28139|470
28141|242
28143|966
28145|468
28147|472
28149|518
28151|-419
28153|586
28155|121
28157|218
28159|200
28161|258
28163|133
29001|60
29003|-17
29005|-122
29007|-165
29009|-185
29011|-120
29013|-163
29015|138
29017|-53
29019|-1393
29021|-1432
29023|-126
29025|-178
29027|-306
29029|103
29031|-500
29033|78
29035|69
29037|-724
29039|-155
29041|-63
29043|-45
29045|-5
29047|-830
29049|-24
29051|-694
29053|-21
29055|-201
29057|-203
29059|-156
29061|59
29063|-183
29065|-83
29067|30
29069|-286
29071|-656
29073|-117
29075|72
29077|-2165
29079|-69
29081|107
29083|139
29085|-35
29087|64
29089|38
29091|-11
29093|-63
29095|-9459
29097|-1309
29099|-1930
29101|-384
29103|40
29105|-164
29107|-173
29109|-242
29111|1
29113|-93
29115|-141
29117|-89
29119|-155
29121|-162
29123|-45
29125|-93
29127|-63
29129|32
29131|-110
29133|14
29135|-10
29137|-115
29139|-58
29141|-196
29143|281
29145|-501
29147|-165
29149|-33
29151|-97
29153|9
29155|-120
29157|-145
29159|-371
29161|-427
29163|-84
29165|-220
29167|-97
29169|-551
29171|-137
29173|-26
29175|-444
29177|7
29179|8
29181|-403
29183|-1931
29185|-2
29187|-416
29189|-10414
29193|-147
29195|-24
29197|10
29199|28
29201|-404
29203|-92
29205|-46
29207|79
29209|-110
29211|-99
29213|25
29215|-126
29217|-204
29219|-394
29221|-58
29223|-319
29225|-142
29227|23
29229|-140
29510|-6163
30001|-55
30003|-380
30005|-135
30007|20
30009|-49
30011|3
30013|-523
30015|-3
30017|-138
30019|-22
30021|-3
30023|-61
30025|2
30027|-116
30029|-173
30031|-60
30033|-27
30035|-278
30037|21
30039|-35
30041|-81
30043|-50
30045|5
30047|-233
30049|-551
30053|-620
30055|3
30057|-36
30059|-12
30063|28
30065|-73
30067|33
30071|-21
30073|-114
30075|-17
30077|-113
30079|-8
30081|-299
30083|-95
30085|-494
30087|32
30089|-109
30091|9
30093|-284
30095|44
30097|-51
30099|-43
30101|-57
30103|30
30105|-66
30107|-79
30109|14
30111|-553
31001|2832
31019|3134
31023|2513
31033|1032
31041|3085
31043|1599
31047|1318
31053|3548
31055|42624
31067|1288
31079|4975
31095|1606
31109|-99362
31111|3432
31119|1931
31131|2167
31139|2031
31141|2476
31145|1685
31147|1602
31157|7986
31173|1594
32001|-208
32003|-14545
32005|-78
32007|-316
32009|-27
32011|-21
32013|-27
32015|-42
32017|-48
32019|24
32021|-130
32023|-737
32027|-8
32029|27
32031|-2512
32033|-202
32510|-203
33000|-4038
34001|-2136
34003|-3410
34005|-2465
34007|-3812
34009|-780
34011|-805
34013|-6627
34015|-1000
34017|-5048
34019|-205
34021|-1875
34023|-4602
34025|-2869
34027|-1034
34029|-2959
34031|-8566
34033|-131
34035|-1082
34037|-195
34039|-5001
34041|-118
35001|9487
35003|-42
35005|-1258
35006|-15
35007|-73
35009|-718
35011|54
35013|-6648
35015|-1340
35017|-571
35019|150
35021|6
35023|-126
35025|-1538
35027|-272
35028|-41
35029|-923
35031|-2235
35033|80
35035|-804
35037|-262
35039|-254
35041|-243
35043|1298
35045|2351
35047|-191
35049|-960
35051|-351
35053|-866
35055|-311
35057|-229
35059|-21
35061|151
36001|20490
36003|6347
36007|17163
36009|8397
36011|7372
36013|15942
36015|6920
36017|4388
36019|7535
36021|4207
36023|4071
36025|3975
36027|10304
36029|102742
36031|3740
36033|5251
36035|6006
36037|3164
36039|3116
36041|340
36043|4811
36045|10959
36049|2383
36051|4247
36053|3871
36055|67759
36057|4794
36059|24276
36062|-1297
36063|19037
36065|23612
36067|36798
36069|5836
36071|20623
36073|3346
36075|10160
36077|3637
36079|961
36083|11232
36087|12852
36089|11986
36091|6758
36093|10261
36095|2502
36097|1609
36099|1288
36101|9372
36103|52876
36105|5740
36107|3850
36109|4867
36111|10277
36113|3563
36115|3885
36117|5608
36119|45576
36121|2203
36123|2320
37001|-333
37003|-174
37005|54
37007|-88
37009|87
37011|-42
37013|-339
37015|-34
37017|-212
37019|-480
37021|-1107
37023|-264
37025|-683
37027|247
37029|-77
37031|-173
37033|-107
37035|-893
37037|106
37039|-130
37041|-296
37043|-24
37045|-1188
37047|-590
37049|-1084
37051|-3898
37053|-101
37055|-190
37057|-1122
37059|99
37061|-160
37063|-282
37065|-533
37067|-2137
37069|-341
37071|-447
37073|-239
37075|52
37077|-510
37079|-82
37081|-2961
37083|-1148
37085|-398
37087|-243
37089|-288
37091|-292
37093|133
37095|29
37097|-161
37099|-155
37101|73
37103|22
37105|-113
37107|-390
37109|-222
37111|-572
37113|-244
37115|23
37117|-343
37119|-5539
37121|-72
37123|-171
37125|-746
37127|-418
37129|-1133
37131|-589
37133|-2031
37135|-362
37137|203
37139|-590
37141|-381
37143|-11
37145|54
37147|-1227
37149|-131
37151|-143
37153|-633
37155|202
37157|20
37159|-1405
37161|-568
37163|-471
37165|224
37167|-162
37169|15
37171|-101
37173|-253
37175|-196
37177|92
37179|160
37181|-359
37183|-3317
37185|-50
37187|-172
37189|-145
37191|-490
37193|-451
37195|91
37197|-11
37199|-212
38001|-11
38003|18
38005|-220
38009|59
38011|96
38013|20
38015|-254
38017|-789
38019|9
38021|30
38023|-14
38025|36
38027|-36
38029|49
38031|16
38033|11
38035|55
38037|34
38039|12
38041|-5
38043|44
38045|22
38047|49
38049|-9
38051|67
38053|57
38055|-72
38057|-13
38059|-19
38061|94
38063|43
38065|20
38067|19
38069|-45
38071|-76
38073|13
38075|37
38077|22
38079|-63
38081|5
38083|31
38085|-94
38089|-180
38091|2
38093|-79
38095|9
38097|20
38099|-41
38101|-243
38103|19
38105|-197
39001|235
39003|412
39005|11
39007|556
39009|-154
39011|236
39013|122
39015|-24
39017|-411
39019|1266
39021|849
39023|-279
39025|-448
39027|83
39029|281
39031|-943
39033|379
39035|-5605
39037|466
39039|358
39041|1537
39043|-439
39045|65
39047|138
39049|-6269
39051|450
39053|-388
39055|-34
39057|98
39059|-149
39061|-8108
39063|247
39065|258
39067|199
39069|57
39071|164
39073|45
39075|316
39077|222
39079|277
39081|-455
39083|607
39085|-1965
39087|162
39089|327
39091|-1707
39093|-99
39095|6238
39097|-6
39099|-483
39101|457
39103|-82
39105|138
39107|224
39109|31
39111|-56
39113|25796
39115|211
39117|-82
39119|-272
39121|79
39123|1217
39125|237
39127|-377
39129|58
39131|249
39133|-115
39135|482
39137|74
39139|137
39141|326
39143|890
39145|287
39147|613
39149|-1369
39151|101
39153|-2327
39155|-837
39157|153
39159|-41
39161|312
39163|-44
39165|-61
39167|-2907
39169|145
39171|233
39173|233
39175|337
40001|-40
40003|-12
40005|24
40007|-29
40009|53
40011|-75
40013|145
40015|-504
40017|-447
40019|-239
40021|-320
40023|-251
40025|-52
40027|-2311
40029|33
40031|-2436
40033|-140
40035|-76
40037|-992
40039|-319
40041|-122
40043|-75
40045|-42
40047|-221
40049|-35
40051|-382
40053|-152
40055|-135
40057|-48
40059|18
40061|-6
40063|-65
40065|161
40067|-33
40069|-159
40071|-454
40073|-85
40075|89
40077|51
40079|-36
40081|-287
40083|-45
40085|-84
40087|-44
40089|2
40091|-516
40093|-55
40095|-148
40097|-683
40099|-16
40101|-70
40103|60
40105|-35
40107|-165
40109|-7583
40111|-526
40113|-278
40115|-188
40117|-113
40119|-861
40121|231
40123|-496
40125|-197
40127|-259
40129|139
40131|-337
40133|-487
40135|16
40137|-107
40139|-45
40141|28
40143|-10628
40145|-198
40147|-512
40149|66
40151|-53
40153|-145
41000|-2051
42001|-646
42003|-4899
42005|-545
42007|-1403
42009|-77
42011|-232
42013|-367
42015|-292
42017|-1688
42019|-312
42021|-480
42023|19
42025|-235
42027|-235
42029|-1400
42031|-41
42033|-60
42035|-38
42037|-138
42039|-608
42041|-503
42043|-1445
42045|-4236
42047|229
42049|-620
42051|-282
42053|-40
42055|-520
42057|18
42059|-830
42061|90
42063|-781
42065|-167
42067|-27
42069|-413
42071|151
42073|-860
42075|-693
42077|-1309
42079|-1666
42081|-2224
42083|-317
42085|-1518
42087|-214
42089|-1268
42091|-3563
42093|-103
42095|-940
42097|-274
42099|-82
42101|-28367
42103|-494
42105|-89
42107|-611
42109|-120
42111|-199
42113|-56
42115|-592
42117|-44
42119|-222
42121|-352
42123|-453
42125|-1499
42127|-307
42129|-1236
42131|41
42133|-742
44935|-8230
45001|-179
45003|-990
45005|-248
45007|569
45009|-99
45011|-167
45013|-852
45015|-2032
45017|-12
45019|-6975
45021|-328
45023|-352
45025|-386
45027|-1
45029|-567
45031|-533
45033|795
45035|-1062
45037|-76
45039|-407
45041|-1673
45043|-182
45045|-2095
45047|-99
45049|-371
45051|-236
45053|-146
45055|124
45057|-15
45059|-871
45061|-341
45063|-1598
45065|-28
45067|385
45069|130
45071|-134
45073|-465
45075|-1222
45077|-362
45079|-4098
45081|-141
45083|-554
45085|-406
45087|158
45089|-64
45091|-1035
46003|18
46005|32
46007|4
46009|-18
46011|11
46013|219
46015|136
46019|-145
46021|-7
46023|-10
46025|-3
46027|-139
46029|15
46031|59
46033|-64
46035|137
46037|-11
46039|-6
46041|237
46043|34
46045|23
46047|-4
46049|7
46051|-14
46053|54
46055|-9
46057|-14
46059|32
46061|47
46063|25
46065|38
46067|-58
46069|-10
46071|-88
46073|-15
46075|-1
46077|-22
46079|-45
46081|49
46083|137
46085|22
46087|3
46089|-6
46091|-20
46093|109
46095|-56
46097|-26
46099|-176
46101|5
46103|-131
46105|53
46107|9
46109|86
46111|-5
46113|79
46115|34
46117|9
46119|-14
46121|-335
46123|-102
46125|-1
46127|22
46129|17
46135|-172
46137|-19
47001|-678
47003|-27
47005|-66
47007|-351
47009|840
47011|90
47013|48
47015|-92
47017|-137
47019|-450
47021|-484
47023|108
47025|-286
47027|-39
47029|-514
47031|-692
47033|-70
47035|-276
47037|-5763
47039|-96
47041|-187
47043|-8
47045|-301
47047|-59
47049|-318
47051|-181
47053|-330
47055|111
47057|-35
47059|-256
47061|-75
47063|-199
47065|-3519
47067|-79
47069|-192
47071|-348
47073|-993
47075|77
47077|-12
47079|-21
47081|-367
47083|-7
47085|80
47087|-262
47089|-506
47091|170
47093|-2699
47095|105
47097|-352
47099|-95
47101|-109
47103|-69
47105|97
47107|365
47109|-233
47111|-82
47113|-867
47115|248
47117|47
47119|-227
47121|-66
47123|-452
47125|-2321
47127|-76
47129|-120
47131|47
47133|-151
47135|-11
47137|-91
47139|-68
47141|-750
47143|-923
47145|-289
47147|-292
47149|-773
47151|-320
47153|3
47155|-460
47157|-33850
47159|9
47161|-162
47163|-2848
47165|75
47167|-152
47169|-57
47171|-236
47173|-209
47175|-128
47177|-146
47179|-1279
47181|-398
47183|-201
47185|-153
47187|-161
47189|-414
48001|-355
48003|-237
48005|-307
48007|-596
48009|-169
48011|22
48013|-265
48015|-219
48017|-47
48019|-119
48021|-128
48023|37
48025|-160
48027|-1367
48029|-7394
48031|22
48035|-269
48037|-745
48039|-4142
48041|-1380
48043|118
48045|71
48047|152
48049|36
48051|10
48053|-291
48055|-64
48057|-357
48059|19
48061|-14017
48063|-124
48065|-23
48067|240
48069|180
48071|-562
48073|106
48075|144
48077|-146
48079|61
48081|-27
48083|-12
48085|-230
48087|19
48089|-200
48091|-94
48093|48
48095|72
48097|-362
48099|-693
48101|-4
48103|-206
48105|-45
48107|-83
48109|-287
48111|10
48113|-48295
48115|88
48117|-4
48119|50
48121|-3191
48123|-39
48125|58
48127|-373
48129|-63
48131|299
48133|-18
48135|-2003
48137|-7
48139|-630
48141|-29676
48143|-361
48145|-287
48147|-4
48149|-135
48151|58
48153|137
48155|-76
48157|-3005
48159|233
48161|-287
48163|-602
48165|13
48167|-3565
48169|82
48171|-147
48173|-21
48175|-38
48177|-55
48179|-91
48181|-875
48183|-771
48185|-320
48187|-295
48189|-667
48191|78
48193|-101
48195|21
48197|6
48199|-143
48201|-85998
48203|-884
48205|-19
48207|31
48209|-686
48211|-13
48213|-174
48215|-28287
48217|-376
48219|230
48221|-844
48223|282
48225|153
48227|-49
48229|-264
48231|-620
48233|-111
48235|-9
48237|-34
48239|68
48241|14
48243|-52
48245|-3585
48247|64
48249|-8
48251|-385
48253|-113
48255|-31
48257|-717
48259|57
48261|-22
48263|-1
48265|-503
48267|22
48269|-30
48271|-60
48273|-538
48275|64
48277|330
48279|-15
48281|41
48283|45
48285|-182
48287|138
48289|24
48291|-1011
48293|-407
48295|-19
48297|-108
48299|-86
48301|-1
48303|-1411
48305|-29
48307|154
48309|-3114
48311|26
48313|-68
48315|89
48317|-146
48319|7
48321|-602
48323|-2770
48325|-373
48327|-14
48329|-2050
48331|-244
48333|14
48335|43
48337|-12
48339|-2757
48341|147
48343|64
48345|-67
48347|-853
48349|-416
48351|-24
48353|56
48355|-4614
48357|72
48359|44
48361|-1367
48363|-392
48365|-82
48367|-346
48369|3
48371|183
48373|-511
48375|-237
48377|-566
48379|33
48381|130
48383|-77
48385|-120
48387|44
48389|330
48391|-176
48393|-4
48395|134
48397|-180
48399|-44
48401|-323
48403|-53
48405|-9
48407|-331
48409|-422
48411|43
48413|-58
48415|7
48417|15
48419|-37
48421|-35
48423|-377
48425|-24
48427|-4002
48429|-65
48431|33
48433|-10
48435|-15
48437|93
48439|-24815
48441|-1287
48443|-99
48445|27
48447|-26
48449|4
48451|-771
48453|-8033
48455|-95
48457|-174
48459|89
48461|-353
48463|-12
48465|-1358
48467|54
48469|-717
48471|-348
48473|-775
48475|-142
48477|-228
48479|-5607
48481|-507
48483|-14
48485|-1059
48487|-114
48489|-795
48491|-606
48493|313
48495|219
48497|-64
48499|-231
48501|8
48503|-117
48505|-329
48507|-102
49003|1
49007|-46
49011|-44
49035|-306
49037|-61
49039|-51
49045|6
49047|-171
49049|-57
49053|-184
49057|-166
50000|-8874
51001|-116
51003|132
51007|-104
51009|-20
51011|-21
51013|-2402
51017|-73
51019|-246
51021|46
51023|-73
51025|-23
51027|-220
51029|70
51031|58
51033|-2
51035|-9
"5103|-22
51037|-121
51041|-2673
51043|24
51045|-36
51047|-29
51049|-110
51051|-71
51053|-41
51057|-69
51059|-6528
51061|-140
51063|-22
51065|-77
51067|129
51069|-360
51071|78
51073|-211
51075|-59
51077|233
51079|-6
51081|-161
51083|-86
51085|-477
51087|-2355
51089|-422
51091|12
51093|-117
51095|-195
51097|-176
51099|-327
51101|1
51103|-102
51105|-119
51107|-49
51109|246
51111|-98
51113|48
51115|-61
51117|-50
51119|-66
51121|-591
51125|80
51127|-43
51131|25
51133|-39
51135|-241
51137|63
51139|277
51141|-91
51143|137
51145|-93
51147|47
51149|-102
51153|-1482
51155|365
51157|-6
51159|-22
51161|-271
51163|-108
51165|-404
51167|-72
51169|6
51171|106
51173|-186
51175|-151
51177|33
51179|-232
51181|-34
51183|-108
51185|-265
51187|-47
51191|-62
51193|-141
51195|-320
51197|-42
51199|-211
51510|-1507
51520|38
51540|-860
51550|-1686
51560|-22
51580|136
51590|-198
51620|-99
51630|-390
51640|-79
51650|-3302
51660|-487
51670|-762
51680|-358
51683|-220
51685|102
51690|-118
51700|-3616
51710|-7416
51720|10
51730|-984
51740|-2190
51750|-295
51760|3968
51770|-377
51790|-673
51800|-606
51810|-9168
51820|-238
51830|-105
51840|-189
52001|-1209
52005|-1674
53001|-1389
53003|173
53005|430
53007|348
53009|-5043
53011|-3367
53013|-49
53015|-1329
53017|210
53019|-172
53021|97
53023|-29
53025|-2148
53027|-824
53029|-787
53031|-160
53033|-90530
53035|-2496
53037|-145
53039|-1533
53041|-239
53043|0
53045|-919
53047|-137
53049|-260
53051|-183
53053|-58444
53055|-122
53057|-1549
53059|-355
53061|-21322
53063|-19578
53065|-128
53067|-1060
53069|46
53071|-187
53073|-2179
53075|-83
53077|-31181
54000|-19726
55001|7
55003|126
55005|575
55007|110
55009|57
55011|49
55013|194
55015|65
55017|247
55019|185
55021|75
55023|315
55025|37
55027|200
55029|38
55031|176
55033|135
55035|291
55037|-7
55039|305
55041|221
55043|507
55045|97
55047|52
55049|152
55051|-3
55053|285
55055|192
55057|165
55059|651
55061|61
55063|-13
55065|46
55067|104
55069|148
55071|491
55073|-153
55075|58
55077|67
55078|83
55079|-2449
55081|53
55083|222
55085|279
55087|-54
55089|8
55091|33
55093|46
55095|422
55097|-237
55099|45
55101|315
55103|258
55105|1139
55107|-3
55109|-28
55111|432
55113|273
55115|296
55117|604
55119|166
55121|-2
55123|172
55125|80
55127|-19
55129|-6
55131|88
55133|19
55135|78
55137|-5
55139|455
55141|-76
55143|309
55145|88
55147|5
55149|78
55151|179
56000|511
U.S.|-2399943
|0
b|0
