COUNTY|DELTA
01001|759
01003|872
01005|-139
01007|544
01009|156
01011|222
01013|778
01015|1002
01017|427
01019|-161
01021|345
01023|107
01025|258
01027|67
01029|127
01031|151
01033|832
01035|-82
01037|175
01039|873
01041|279
01043|1680
01045|239
01047|1513
01049|577
01051|475
01053|675
01055|770
01057|269
01059|581
01061|526
01063|364
01065|479
01067|187
01069|815
01071|411
01073|5531
01075|-43
01077|213
01079|708
01081|466
01083|416
01085|347
01087|448
01089|2292
01091|314
01093|747
01095|603
01097|2911
01099|-185
01101|597
01103|1312
01105|158
01107|205
01109|280
01111|96
01113|621
01115|632
01117|627
01119|153
01121|868
01123|640
01125|784
01127|1665
01129|400
01131|285
01133|209
02110|-18255
04001|360
04003|1260
04005|2244
04007|1113
04009|575
04011|290
04013|61143
04015|1031
04017|687
04019|11166
04021|5877
04023|491
04025|1540
04027|2804
04029|547
05001|28
05003|346
05005|202
05007|-85
05009|-173
05011|269
05013|136
05015|-81
05017|472
05019|341
05021|168
05023|-36
05025|15
05027|22
05029|72
05031|-65
05033|361
05035|676
05037|304
05039|41
05041|126
05043|70
05045|112
05047|-4
05049|65
05051|-63
05053|55
05055|-54
05057|298
05059|192
05061|49
05063|-423
05065|-139
05067|126
05069|671
05071|-146
05073|252
05075|212
05077|602
05079|-106
05081|128
05083|-47
05085|508
05087|-45
05089|-48
05091|690
05093|131
05095|75
05097|66
05099|77
05101|135
05103|300
05105|40
05107|988
05109|71
05111|815
05113|111
05115|35
05117|126
05119|3862
05121|237
05123|892
05125|235
05127|-203
05129|34
05131|245
05133|-97
05135|39
05137|-127
05139|49
05141|282
05143|-110
05145|-120
05147|375
05149|32
06001|1578
06003|-45
06005|118
06007|-1676
06009|-25
06011|-348
06013|509
06015|-294
06017|-582
06019|3967
06021|342
06023|136
06025|-3187
06027|-93
06029|12685
06031|-1282
06033|-186
06035|-102
06037|-766530
06039|-2432
06041|335
06043|70
06045|-841
06047|-4467
06049|77
06051|42
06053|-1901
06055|481
06057|-168
06059|2995
06061|345
06063|-312
06065|-15738
06067|-10702
06069|-40
06071|-3370
06073|-4313
06075|1388
06077|-2036
06079|-1159
06081|-180
06083|-677
06085|6504
06087|860
06089|146
06091|32
06093|-186
06095|-4918
06097|-291
06099|-2619
06101|-48
06103|25
06105|-4
06107|-795
06109|-488
06111|2668
06113|-1
06115|-498
08003|271
08007|204
08009|24
08011|-24
08013|651
08015|91
08017|36
08021|21
08023|-95
08025|-34
08027|16
08029|-28
08031|6455
08033|-12
08037|19
08039|98
08041|7417
08043|-39
08045|413
08051|72
08055|225
08059|2783
08061|21
08063|78
08065|-31
08067|179
08069|2205
08071|318
08073|7
08075|573
08077|1914
08081|33
08083|-123
08085|73
08087|236
08089|65
08091|19
08093|-84
08095|81
08099|370
08101|1509
08103|61
08105|-8
08107|66
08109|1
08111|1
08113|41
08115|15
08117|-51
08119|193
08121|80
08123|1639
08125|61
08127|5239
08129|1387
08133|289
08135|182
08137|122
08139|32
09901|-873
09903|1106
09905|270
09907|-629
09909|-755
09911|-153
09913|-930
09915|201
10001|660
10002|1750
10003|407
11001|-5285
12001|1403
12003|949
12005|2000
12007|-138
12009|3335
12011|7866
12013|408
12015|904
12017|1228
12019|2265
12021|3449
12023|853
12025|-27249
12027|943
12029|358
12031|17183
12033|6904
12035|205
12037|237
12039|2391
12041|124
12045|380
12047|88
12049|977
12051|646
12053|613
12055|1218
12057|9980
12059|80
12061|523
12063|695
12065|367
12067|61
12069|1576
12071|2729
12073|2385
12075|286
12077|56
12079|460
12081|3678
12083|2201
12085|441
12087|633
12089|1578
12091|2452
12093|870
12095|8343
12097|1088
12099|11598
12101|2475
12103|9467
12105|5420
12107|1185
12109|1777
12111|2275
12113|1372
12115|3302
12117|3549
12119|299
12121|584
12123|356
12125|-94
12127|1233
12129|541
12131|627
12133|-44
13001|120
13003|40
13005|64
13007|102
13009|-138
13011|104
13013|273
13015|-49
13017|260
13019|19
13021|415
13023|-70
13025|-211
13027|111
13029|-74
13031|326
13033|-116
13035|-96
13037|181
13039|-113
13043|3
13045|208
13047|249
13049|132
13051|-204
13053|179
13055|291
13057|515
13059|242
13061|91
13063|-1521
13065|-51
13067|-149
13069|116
13071|129
13073|-183
13075|45
13077|164
13079|-3
13081|192
13083|65
13085|55
13087|454
13089|-877
13091|-24
13093|272
13095|1973
13097|-59
13099|69
13100|-32
13103|35
13105|315
13107|373
13109|58
13111|176
13113|24
13115|-282
13117|260
13119|-100
13121|2198
13123|252
13125|-6
13127|236
13129|-323
13131|33
13133|118
13135|-816
13137|94
13139|353
13141|-10
13143|318
13145|163
13147|-110
13149|123
13151|-113
13153|680
13155|164
13157|164
13159|26
13161|60
13163|-32
13165|-17
13167|30
13169|131
13171|57
13173|-49
13175|185
13177|335
13179|-430
13181|-36
13183|-293
13185|1215
13187|-207
13189|-61
13191|179
13193|349
13195|190
13197|219
13199|261
13201|25
13205|484
13207|110
13209|80
13211|-4
13213|-161
13215|13
13217|-108
13219|5
13221|161
13223|43
13225|-83
13227|72
13229|278
13231|44
13233|564
13235|14
13237|-146
13239|-34
13241|22
13243|339
13245|306
13247|-10
13249|61
13251|-27
13253|-22
13255|222
13257|-180
13259|79
13261|406
13263|4
13265|-11
13267|299
13269|-85
13271|-79
13273|-109
13275|587
13277|162
13279|63
13281|148
13283|-44
13285|1088
13287|437
13289|197
13291|83
13293|-44
13295|841
13297|-77
13299|-293
13301|16
13303|68
13305|354
13307|27
13309|43
13311|88
13313|-577
13315|107
13317|-36
13319|191
13321|132
14000|-2765
15001|-3481
15003|-11828
15007|-1696
15009|-1642
16000|3180
17001|603
17003|361
17005|43
17007|388
17009|70
17011|211
17013|65
17015|150
17017|249
17019|694
17021|168
17023|27
17025|341
17027|210
17029|597
17031|39394
17033|-170
17035|205
17037|-54
17039|134
17041|120
17043|53
17045|450
17047|99
17049|172
17051|363
17053|75
17055|517
17057|476
17059|-7
17061|86
17063|31
17065|65
17067|226
17069|142
17071|100
17073|624
17075|180
17077|185
17079|-12
17081|239
17083|192
17085|-32
17087|199
17089|2441
17091|1161
17093|94
17095|578
17097|-105
17099|525
17101|135
17103|221
17105|199
17107|219
17109|176
17111|25
17113|391
17115|1227
17117|334
17119|1244
17121|534
17123|119
17125|113
17127|136
17129|34
17131|156
17133|121
17135|122
17137|88
17139|116
17141|369
17143|1659
17145|220
17147|201
17149|209
17151|-1
17153|225
17155|38
17157|345
17159|140
17161|1277
17163|5696
17165|121
17167|1214
17169|86
17171|110
17173|171
17175|47
17177|136
17179|1520
17181|68
17183|833
17185|34
17187|178
17189|67
17191|102
17193|143
17195|553
17197|2087
17199|-75
17201|2253
17203|369
18001|640
18003|7375
18005|1101
18007|201
18009|595
18011|761
18013|344
18015|279
18017|1571
18019|1965
18021|301
18023|867
18025|261
18027|289
18029|531
18031|666
18033|628
18035|3591
18037|329
18039|2072
18041|754
18043|1286
18045|616
18047|423
18049|327
18051|644
18053|2699
18055|1379
18057|1331
18059|883
18061|883
18063|748
18065|1509
18067|3263
18069|771
18071|1136
18073|450
18075|755
18077|747
18079|1628
18081|2692
18083|846
18085|1683
18087|598
18089|9026
18091|3619
18093|843
18095|4120
18097|30395
18099|612
18101|264
18103|1377
18105|2004
18107|869
18109|1453
18111|239
18113|810
18115|218
18117|415
18119|709
18121|409
18123|260
18125|363
18127|1332
18129|300
18131|223
18133|754
18135|1141
18137|721
18139|381
18141|4688
18143|948
18145|728
18147|300
18149|592
18151|668
18153|251
18155|153
18157|1966
18159|266
18161|220
18163|4603
18165|557
18167|1932
18169|842
18171|191
18173|525
18175|882
18177|3019
18179|529
18181|219
18183|343
19001|0
19003|43
19005|73
19007|-151
19009|75
19011|228
19013|920
19015|175
19017|259
19019|330
19021|52
19023|30
19025|44
19027|118
19029|257
19031|167
19033|168
19035|114
19037|86
19039|51
19041|222
19043|96
19045|385
19047|-78
19049|128
19051|122
19053|130
19055|128
19057|308
19059|-18
19061|354
19063|197
19065|216
19067|241
19069|-12
19071|77
19073|33
19075|-13
19077|137
19079|199
19081|109
19083|363
19085|67
19087|101
19089|200
19091|122
19093|-4
19095|11
19097|287
19099|191
19101|108
19103|-47
19105|94
19107|71
19109|254
19111|465
19113|1742
19115|47
19117|52
19119|35
19121|124
19123|106
19125|197
19127|187
19129|31
19131|111
19133|157
19135|113
19137|-96
19139|79
19141|13
19143|22
19145|132
19147|150
19149|-11
19151|39
19153|3188
19155|1261
19157|34
19159|17
19161|-72
19163|1224
19165|-51
19167|-151
19169|161
19171|144
19173|-46
19175|52
19177|86
19179|138
19181|567
19183|54
19185|-12
19187|404
19189|74
19191|238
19193|1251
19195|131
19197|135
20001|88
20003|66
20005|41
20007|-93
20009|258
20011|260
20013|-45
20015|116
20017|46
20019|134
20021|470
20023|6
20025|10
20027|43
20029|-25
20031|111
20033|6
20035|504
20037|634
20039|26
20041|31
20043|-10
20045|166
20047|89
20049|37
20051|-139
20053|11
20055|435
20057|609
20059|450
20061|894
20063|13
20065|77
20067|107
20069|63
20071|20
20073|79
20075|29
20077|31
20079|215
20081|105
20083|32
20085|101
20087|145
20089|-33
20091|1254
20093|9
20095|139
20097|0
20099|324
20101|38
20103|484
20105|-3
20107|57
20109|-42
20111|135
20113|257
20115|-11
20117|69
20119|67
20121|269
20123|-27
20125|582
20127|174
20129|-5
20131|61
20133|446
20135|24
20137|-22
20139|-13
20141|18
20143|103
20145|-32
20147|-39
20149|-15
20151|60
20153|-31
20155|767
20157|-8
20159|104
20161|206
20163|-22
20165|-21
20167|-11
20169|141
20171|60
20173|1208
20175|442
20177|2058
20179|-4
20181|35
20183|45
20185|6
20187|17
20189|-53
20191|230
20193|86
20195|19
20197|116
20199|-7
20201|-43
20203|22
20205|88
20207|15
20209|2389
21001|-86
21003|273
21005|148
21007|168
21009|-101
21011|244
21013|602
21015|282
21017|384
21019|223
21021|146
21023|157
21025|280
21027|452
21029|266
21031|10
21033|-18
21035|242
21037|1179
21039|55
21041|326
21043|498
21045|389
21047|952
21049|632
21051|473
21053|229
21055|89
21057|99
21059|623
21061|229
21063|22
21065|224
21067|2928
21069|171
21071|-10
21073|-28
21075|162
21077|99
21079|30
21081|178
21083|416
21085|138
21087|75
21089|254
21091|7
21093|587
21095|10
21097|30
21099|100
21101|260
21103|122
21105|72
21107|-43
21109|118
21111|8053
21113|199
21115|146
21117|1666
21119|415
21121|593
21123|220
21125|716
21127|-59
21129|132
21131|292
21133|243
21135|-148
21137|336
21139|131
21141|262
21143|-51
21145|89
21147|363
21149|22
21151|637
21153|98
21155|116
21157|494
21159|-173
21161|106
21163|591
21165|42
21167|99
21169|48
21171|163
21173|447
21175|267
21177|781
21179|398
21181|151
21183|272
21185|301
21187|289
21189|180
21191|148
21193|341
21195|62
21197|480
21199|451
21201|69
21203|507
21205|190
21207|134
21209|-1
21211|132
21213|246
21215|81
21217|144
21219|150
21221|64
21223|26
21225|129
21227|-24
21229|59
21231|300
21233|147
21235|281
21237|356
21239|159
22001|1341
22003|1466
22005|2465
22007|527
22009|1925
22011|844
22013|234
22015|2135
22017|7444
22019|4238
22021|249
22023|339
22025|217
22027|347
22029|439
22031|1072
22033|7449
22035|369
22037|879
22039|944
22041|603
22043|541
22045|1329
22047|1030
22049|259
22051|6015
22053|1068
22055|2885
22057|1426
22059|247
22061|254
22063|1934
22065|551
22067|1240
22069|1177
22071|12841
22073|1002
22075|1346
22077|968
22079|1920
22081|365
22083|426
22085|842
22087|1016
22089|1127
22091|295
22093|738
22095|1568
22097|1895
22099|594
22101|2011
22103|2375
22105|2472
22107|127
22109|2228
22111|421
22113|832
22115|783
22117|1534
22119|1090
22121|644
22123|399
22125|429
22127|436
23000|5728
24001|2044
24003|-58
24005|-9
24009|-61
24011|173
24013|405
24015|1248
24017|-7315
24019|-7212
24021|-31
24023|1188
24025|977
24027|-686
24029|-6
24031|31
24033|-104
24035|68
24037|146
24039|-2946
24041|-2910
24043|78
24045|-13375
24047|480
24510|6
25000|63132
26001|5
26003|0
26005|418
26007|101
26009|-51
26011|101
26013|48
26015|257
26017|291
26019|-166
26021|-740
26023|306
26025|237
26027|56
26029|162
26031|197
26033|-4
26035|315
26037|27
26039|-37
26041|-131
26043|-207
26045|-58
26047|11
26049|2207
26051|190
26053|-185
26055|-407
26057|111
26059|335
26061|328
26063|503
26065|155
26067|88
26069|138
26071|-45
26073|478
26075|405
26077|634
26079|-29
26081|-1059
26083|-18
26085|85
26087|163
26089|-233
26091|-146
26093|273
26095|-24
26097|15
26099|-1127
26101|-136
26103|144
26105|-36
26107|-12
26109|2
26111|257
26113|-44
26115|345
26117|433
26119|-39
26121|829
26123|298
26125|-1967
26127|-435
26129|19
26131|-3
26133|-119
26135|17
26137|-155
26139|180
26141|207
26143|-255
26145|926
26147|1271
26149|149
26151|490
26153|-24
26155|500
26157|666
26159|-80
26161|-410
26163|1206
26165|240
27001|310
27003|2158
27005|455
27007|590
27009|377
27011|-2
27013|330
27015|304
27017|208
27019|115
27021|325
27023|223
27025|399
27027|645
27029|201
27031|52
27033|92
27035|570
27037|1885
27039|49
27041|461
27043|117
27045|167
27047|147
27049|6
27051|-31
27053|-1298
27055|171
27057|116
27059|393
27061|921
27063|174
27065|224
27067|794
27069|33
27071|232
27073|61
27075|140
27077|53
27079|79
27081|84
27083|175
27085|102
27087|-48
27089|193
27091|157
27093|232
27095|635
27097|867
27099|252
27101|167
27103|143
27105|32
27107|11
27109|-261
27111|747
27113|338
27115|27
27117|98
27119|677
27121|168
27123|419
27125|68
27127|204
27129|154
27131|290
27133|-7
27135|169
27137|18863
27139|205
27141|708
27143|30
27145|499
27147|-80
27149|69
27151|124
27153|869
27155|-22
27157|117
27159|136
27161|184
27163|688
27165|9
27167|106
27169|104
27171|315
27173|187
28001|8878
28003|376
28005|329
28007|505
28009|329
28011|1555
28013|330
28015|174
28017|320
28019|106
28021|480
28023|352
28025|297
28027|1064
28029|1173
28031|640
28033|488
28035|2169
28037|298
28039|210
28041|272
28043|536
28045|634
28047|24468
28049|52428
28051|748
28053|226
28055|58
28057|194
28059|722
28061|528
28063|405
28065|454
28067|9856
28069|265
28071|15
28073|887
28075|1066
28077|523
28079|746
28081|1003
28083|801
28085|687
28087|95
28089|1406
28091|871
28093|770
28095|410
28097|254
28099|786
28101|473
28103|412
28105|740
28107|-58
28109|1221
28111|339
28113|926
28115|57
28117|158
28119|327
28121|127
28123|521
28125|112
28127|-141
28129|356
28131|106
28133|933
28135|885
28137|366
28139|97
28141|202
28143|630
28145|7
28147|1098
28149|1145
28151|21571
28153|754
28155|151
28157|327
28159|857
28161|164
28163|1225
29001|130
29003|63
29005|203
29007|88
29009|-51
29011|32
29013|244
29015|-85
29017|91
29019|-329
29021|684
29023|766
29025|130
29027|-60
29029|-71
29031|-40
29033|95
29035|6
29037|670
29039|20
29041|39
29043|-69
29045|-47
29047|1137
29049|117
29051|453
29053|142
29055|189
29057|111
29059|188
29061|76
29063|118
29065|-37
29067|37
29069|500
29071|965
29073|179
29075|47
29077|833
29079|130
29081|26
29083|198
29085|-14
29087|-44
29089|12
29091|88
29093|210
29095|5695
29097|284
29099|1128
29101|175
29103|46
29105|33
29107|404
29109|126
29111|19
29113|-193
29115|208
29117|43
29119|-434
29121|143
29123|59
29125|65
29127|353
29129|-56
29131|356
29133|357
29135|21
29137|122
29139|79
29141|151
29143|366
29145|564
29147|274
29149|45
29151|9
29153|-49
29155|521
29157|63
29159|637
29161|3
29163|151
29165|695
29167|16
29169|486
29171|49
29173|-3
29175|268
29177|147
29179|-22
29181|429
29183|536
29185|-76
29187|432
29189|2388
29193|185
29195|402
29197|28
29199|40
29201|489
29203|143
29205|106
29207|457
29209|-360
29211|69
29213|-508
29215|100
29217|304
29219|377
29221|481
29223|71
29225|173
29227|34
29229|58
29510|8212
30001|99
30003|213
30005|-72
30007|32
30009|37
30011|-3
30013|281
30015|28
30017|66
30019|-3
30021|63
30023|15
30025|-4
30027|57
30029|301
30031|193
30033|13
30035|-271
30037|-26
30039|-9
30041|54
30043|-45
30045|-15
30047|-307
30049|-204
30051|20
30053|29
30055|-1
30057|8
30059|31
30061|-93
30063|-167
30065|84
30067|202
30069|-23
30071|-30
30073|-34
30075|15
30077|-103
30079|-32
30081|-81
30083|128
30085|-187
30087|-6
30089|-75
30091|-6
30093|22
30095|-26
30097|70
30099|-9
30101|-17
30103|-9
30105|-8
30107|13
30109|-30
30111|186
31109|9074
32001|-78
32003|-2024
32005|-15
32007|-120
32009|23
32011|-6
32013|48
32015|-55
32017|-30
32019|142
32021|-54
32023|-220
32027|49
32029|-16
32031|637
32033|191
32510|59
33000|7895
34001|1623
34003|-791
34005|897
34007|-1180
34009|356
34011|1120
34013|-2282
34015|937
34017|-3994
34019|361
34021|1434
34023|347
34025|1261
34027|381
34029|-43
34031|-486
34033|744
34035|-181
34037|631
34039|405
34041|95
35001|248
35003|226
35005|10971
35006|3888
35007|1680
35009|6992
35011|-11
35013|32772
35015|7805
35017|4925
35019|52
35021|9
35023|1098
35025|8643
35027|1993
35028|72
35029|5371
35031|18096
35033|964
35035|6765
35037|2366
35039|6880
35041|3404
35043|5325
35045|9956
35047|6343
35049|6684
35051|1771
35053|3949
35055|4467
35057|2021
35059|482
35061|7182
36000|25951
36062|-7340
37001|687
37003|-206
37005|21
37007|8
37009|15
37011|178
37013|-109
37015|207
37017|303
37019|511
37021|1041
37023|180
37025|649
37027|-305
37029|-35
37031|691
37033|-32
37035|-548
37037|242
37039|185
37041|-83
37043|11
37045|-432
37047|393
37049|973
37051|-644
37053|149
37055|326
37057|1097
37059|275
37061|521
37063|580
37065|-60
37067|733
37069|371
37071|492
37073|22
37075|162
37077|-299
37079|163
37081|972
37083|839
37085|403
37087|-283
37089|-287
37091|212
37093|-158
37095|172
37097|53
37099|438
37101|401
37103|104
37105|564
37107|287
37109|-121
37111|-228
37113|210
37115|61
37117|105
37119|2904
37121|151
37123|70
37125|292
37127|416
37129|314
37131|38
37133|654
37135|258
37137|91
37139|80
37141|147
37143|92
37145|323
37147|204
37149|13
37151|-476
37153|-39
37155|705
37157|363
37159|-15
37161|480
37163|827
37165|124
37167|-3
37169|315
37171|529
37173|99
37175|212
37177|101
37179|341
37181|-248
37183|1603
37185|12
37187|143
37189|100
37191|110
37193|221
37195|831
37197|134
37199|189
38001|-3
38003|43
38005|276
38009|83
38011|40
38013|-7
38015|621
38017|1068
38019|46
38021|102
38023|1
38025|50
38027|34
38029|4
38031|25
38033|6
38035|927
38037|49
38039|30
38041|49
38043|21
38045|-9
38047|20
38049|134
38051|-11
38053|18
38055|251
38057|31
38059|287
38061|-36
38063|24
38065|-16
38067|46
38069|68
38071|56
38073|88
38075|-3
38077|118
38079|184
38081|-36
38083|50
38085|150
38089|353
38091|5
38093|314
38095|29
38097|52
38099|150
38101|490
38103|88
38105|346
39001|639
39003|2218
39005|693
39007|2658
39009|1367
39011|613
39013|1170
39015|382
39017|5103
39019|741
39021|787
39023|3862
39025|2433
39027|1077
39029|2725
39031|736
39033|1446
39035|-2780
39037|962
39039|675
39041|244
39043|1689
39045|1163
39047|481
39049|19635
39051|343
39053|577
39055|398
39057|694
39059|1025
39061|12550
39063|788
39065|559
39067|433
39069|370
39071|894
39073|720
39075|251
39077|1272
39079|969
39081|1561
39083|774
39085|2212
39087|1003
39089|1718
39091|1091
39093|2983
39095|8341
39097|674
39099|5541
39101|1606
39103|913
39105|852
39107|285
39109|1636
39111|280
39113|-17241
39115|227
39117|486
39119|714
39121|256
39123|759
39125|652
39127|734
39129|575
39131|1461
39133|2120
39135|667
39137|450
39139|1701
39141|1505
39143|967
39145|1646
39147|1241
39149|428
39151|6035
39153|5887
39155|4629
39157|1820
39159|422
39161|253
39163|416
39165|1287
39167|779
39169|1390
39171|505
39173|1852
39175|290
40001|252
40003|-85
40005|-27
40007|-5
40009|33
40011|-26
40013|297
40015|-212
40017|339
40019|307
40021|76
40023|313
40025|94
40027|962
40029|-7
40031|188
40033|77
40035|267
40037|-29
40039|236
40041|121
40043|1
40045|55
40047|-166
40049|242
40051|-89
40053|22
40055|36
40057|28
40059|-23
40061|174
40063|154
40065|90
40067|-101
40069|105
40071|14
40073|8
40075|291
40077|32
40079|788
40081|200
40083|220
40085|-58
40087|-37
40089|1364
40091|113
40093|-81
40095|-107
40097|418
40099|239
40101|375
40103|-105
40105|-108
40107|269
40109|4435
40111|307
40113|235
40115|263
40117|-80
40119|442
40121|-86
40123|-462
40125|31
40127|101
40129|-24
40131|-169
40133|-249
40135|259
40137|-80
40139|-110
40141|363
40143|1014
40145|6
40147|-300
40149|-68
40151|225
40153|68
41000|11437
42001|175
42003|9901
42005|466
42007|2504
42009|389
42011|-265
42013|859
42015|852
42017|666
42019|399
42021|972
42023|94
42025|326
42027|529
42029|208
42031|-126
42033|920
42035|99
42037|192
42039|825
42041|221
42043|2119
42045|-236
42047|-1
42049|552
42051|1676
42053|89
42055|177
42057|158
42059|570
42061|292
42063|471
42065|232
42067|100
42069|62
42071|2943
42073|1304
42075|153
42077|604
42079|2235
42081|931
42083|532
42085|1271
42087|-47
42089|8
42091|-53
42093|58
42095|459
42097|454
42099|212
42101|11414
42103|83
42105|260
42107|772
42109|132
42111|479
42113|28
42115|213
42117|291
42119|267
42121|853
42123|310
42125|2365
42127|-123
42129|3272
42131|287
42133|901
44935|11496
45001|2742
45003|10976
45005|3361
45007|9332
45009|3841
45011|4245
45013|8364
45015|12109
45017|2072
45019|33676
45021|4488
45023|5009
45025|6110
45027|7223
45029|6381
45031|10098
45033|6920
45035|7745
45037|2680
45039|4033
45041|18612
45043|7968
45045|23992
45047|5462
45049|3492
45051|17973
45053|3011
45055|3628
45057|5837
45059|7188
45061|5357
45063|10220
45065|1194
45067|7228
45069|4731
45071|4315
45073|4100
45075|17597
45077|5477
45079|27672
45081|2062
45083|16946
45085|16262
45087|3087
45089|8769
45091|9949
46003|22
46005|312
46007|-97
46009|52
46011|277
46013|416
46015|18
46019|-41
46021|4
46023|31
46025|17
46027|134
46029|236
46031|-10
46033|126
46035|147
46037|103
46039|29
46041|62
46043|-6
46045|-7
46047|91
46049|10
46051|67
46053|-6
46055|-4
46057|4
46059|2
46061|37
46063|6
46065|242
46067|21
46069|3
46071|49
46073|24
46075|-12
46077|83
46079|155
46081|57
46083|5
46085|83
46087|39
46089|10
46091|9
46093|26
46095|-15
46097|-10
46099|510
46101|41
46103|454
46105|-18
46107|19
46109|-30
46111|58
46113|137
46115|41
46117|54
46119|-11
46121|-91
46123|120
46125|92
46127|169
46129|44
46135|74
46137|0
47001|1092
47003|908
47005|245
47007|260
47009|-678
47011|1327
47013|1474
47015|380
47017|283
47019|1007
47021|908
47023|169
47025|291
47027|87
47029|622
47031|879
47033|569
47035|293
47037|13180
47039|7
47041|887
47043|2462
47045|2015
47047|1306
47049|321
47051|621
47053|963
47055|411
47057|97
47059|772
47061|315
47063|897
47065|6522
47067|221
47069|530
47071|911
47073|1007
47075|595
47077|81
47079|514
47081|438
47083|143
47085|250
47087|299
47089|564
47091|25
47093|6179
47095|177
47097|700
47099|195
47101|188
47103|182
47105|415
47107|567
47109|174
47111|-72
47113|935
47115|507
47117|290
47119|813
47121|12
47123|806
47125|1639
47127|88
47129|253
47131|-356
47133|-1037
47135|127
47137|49
47139|82
47141|668
47143|513
47145|791
47147|645
47149|2610
47151|695
47153|170
47155|961
47157|22929
47159|71
47161|167
47163|2290
47165|1764
47167|1024
47169|96
47171|195
47173|109
47175|102
47177|877
47179|1734
47181|-174
47183|571
47185|189
47187|1042
47189|1695
48001|713
48003|52
48005|954
48007|77
48009|70
48011|18
48013|340
48015|477
48017|-308
48019|-73
48021|573
48023|53
48025|411
48027|2026
48029|18530
48031|29
48033|-2
48035|203
48037|1721
48039|1173
48041|318
48043|-58
48045|19
48047|159
48049|653
48051|135
48053|993
48055|651
48057|222
48059|166
48061|1558
48063|370
48065|65
48067|648
48069|84
48071|242
48073|509
48075|71
48077|107
48079|145
48081|24
48083|96
48085|2700
48087|26
48089|379
48091|705
48093|-55
48095|44
48097|317
48099|1767
48101|50
48103|18
48105|190
48107|-128
48109|87
48111|19
48113|47972
48115|301
48117|384
48119|26
48121|3094
48123|355
48125|343
48127|522
48129|119
48131|189
48133|281
48135|1050
48137|6
48139|2692
48141|-2337
48143|390
48145|572
48147|381
48149|237
48151|31
48153|-14
48155|-7
48157|2599
48159|263
48161|162
48163|157
48165|453
48167|4948
48169|27
48171|269
48173|18
48175|-60
48177|79
48179|279
48181|1996
48183|2903
48185|307
48187|1111
48189|660
48191|90
48193|41
48195|50
48197|27
48199|300
48201|88361
48203|1814
48205|9
48207|82
48209|1342
48211|9
48213|1301
48215|1175
48217|568
48219|146
48221|811
48223|315
48225|629
48227|633
48229|-24
48231|1571
48233|465
48235|-43
48237|197
48239|301
48241|783
48243|43
48245|1099
48247|18
48249|392
48251|1911
48253|357
48255|341
48257|1161
48259|22
48261|84
48263|1
48265|758
48267|47
48269|24
48271|105
48273|151
48275|45
48277|221
48279|118
48281|229
48283|10
48285|81
48287|37
48289|231
48291|1803
48293|243
48295|39
48297|246
48299|-141
48301|-1
48303|2819
48305|342
48307|204
48309|4410
48311|-50
48313|330
48315|196
48317|56
48319|88
48321|1215
48323|980
48325|396
48327|183
48329|502
48331|464
48333|87
48335|208
48337|127
48339|2836
48341|206
48343|338
48345|2
48347|665
48349|942
48351|172
48353|156
48355|1920
48357|-124
48359|-32
48361|1137
48363|681
48365|771
48367|2064
48369|340
48371|286
48373|437
48375|2122
48377|-69
48379|2
48381|473
48383|169
48385|65
48387|350
48389|287
48391|165
48393|-14
48395|152
48397|316
48399|230
48401|1156
48403|19
48405|11
48407|412
48409|1485
48411|49
48413|116
48415|264
48417|119
48419|582
48421|-21
48423|2763
48425|-156
48427|-880
48429|170
48431|55
48433|7
48435|55
48437|218
48439|28389
48441|640
48443|33
48445|351
48447|53
48449|462
48451|748
48453|13273
48455|268
48457|361
48459|699
48461|193
48463|1198
48465|2586
48467|690
48469|322
48471|1025
48473|1012
48475|43
48477|153
48479|-4314
48481|1282
48483|102
48485|1871
48487|-103
48489|233
48491|1263
48493|183
48495|64
48497|992
48499|616
48501|140
48503|141
48505|-151
48507|84
49000|-3701
49003|19
49007|-7
49011|-9
49035|61
49037|-29
49039|9
49045|-9
49047|112
49049|-50
49053|115
49057|-26
50000|-33807
51001|-99
51003|115
51007|64
51009|-97
51011|132
51013|576
51017|82
51019|-81
51021|31
51023|227
51025|-63
51027|56
51029|119
51031|163
51033|56
51035|33
"5103|127
51037|156
51041|-240
51043|13
51045|56
51047|194
51049|136
51051|-62
51053|-60
51057|-209
51059|-225
51061|5
51063|27
51065|79
51067|-386
51069|138
51071|73
51073|4
51075|4
51077|-14
51079|-17
51081|401
51083|-7
51085|53
51087|-51
51089|-216
51091|12
51093|-18
51095|-50
51097|94
51099|24
51101|105
51103|-62
51105|76
51107|-60
51109|-24
51111|161
51113|116
51115|75
51117|141
51119|36
51121|573
51125|43
51127|104
51131|153
51133|-16
51135|56
51137|94
51139|79
51141|-168
51143|99
51145|3
51147|221
51149|-84
51153|-1044
51155|210
51157|91
51159|57
51161|116
51163|417
51165|121
51167|193
51169|346
51171|9
51173|346
51175|320
51177|-169
51179|-137
51181|82
51183|128
51185|344
51187|-136
51191|242
51193|-128
51195|7
51197|208
51199|151
51510|282
51520|136
51540|121
51550|-353
51560|65
51580|32
51590|-244
51620|134
51630|90
51640|-22
51650|-418
51660|-92
51670|255
51680|388
51683|54
51685|-33
51690|-77
51700|-21
51710|3237
51720|55
51730|514
51740|-392
51750|145
51760|-8857
51770|206
51790|834
51800|-204
51810|-1452
51820|-90
51830|61
51840|46
52001|-2665
52005|-783
53001|-385
53003|-38
53005|-562
53007|-501
53009|483
53011|-1135
53013|27
53015|458
53017|-32
53019|7
53021|-84
53023|-9
53025|-184
53027|1201
53029|9
53031|-124
53033|-2871
53035|-1038
53037|8
53039|533
53041|540
53043|-17
53045|-377
53047|401
53049|163
53051|11
53053|280
53055|-87
53057|-666
53059|180
53061|-2256
53063|-576
53065|-93
53067|131
53069|-2
53071|211
53073|-1785
53075|-48
53077|-746
54000|25190
55001|45
55003|185
55005|901
55007|132
55009|743
55011|125
55013|262
55015|115
55017|703
55019|459
55021|368
55023|128
55025|803
55027|498
55029|158
55031|497
55033|194
55035|889
55037|119
55039|1704
55041|210
55043|249
55045|123
55047|235
55049|44
55051|42
55053|215
55055|216
55057|81
55059|1134
55061|32
55063|683
55065|218
55067|260
55069|242
55071|328
55073|18
55075|430
55077|211
55078|103
55079|8594
55081|429
55083|387
55085|327
55087|563
55089|-87
55091|68
55093|468
55095|756
55097|584
55099|142
55101|2310
55103|121
55105|2461
55107|194
55109|327
55111|85
55113|275
55115|282
55117|1322
55119|37
55121|271
55123|213
55125|145
55127|172
55129|258
55131|202
55133|493
55135|509
55137|232
55139|1032
55141|144
55143|290
55145|14
55147|-37
55149|23
55151|30
56000|5154
U.S.|901200
|0
b|0
