COUNTY|DELTA
01001|3714
01003|7291
01005|5482
01007|1992
01009|3717
01011|2718
01013|3737
01015|13567
01017|4586
01019|2141
01021|4211
01023|2787
01025|5710
01027|1099
01029|1244
01031|3620
01033|4461
01035|3929
01037|1074
01039|5109
01041|2023
01043|4585
01045|7019
01047|13830
01049|4934
01051|4769
01053|5707
01055|11632
01057|2331
01059|3027
01061|2996
01063|3256
01065|3913
01067|2503
01069|9948
01071|4972
01073|73312
01075|1958
01077|6663
01079|3292
01081|7805
01083|5159
01085|4019
01087|7116
01089|22221
01091|4982
01093|2752
01095|6512
01097|69732
01099|4249
01101|35037
01103|6531
01105|4922
01107|4259
01109|5293
01111|2583
01113|7709
01115|5616
01117|4725
01119|4830
01121|11498
01123|5136
01125|18156
01127|5497
01129|2848
01131|5218
01133|1788
02110|1760
04001|1527
04003|4074
04005|2781
04007|822
04009|1199
04011|345
04013|70282
04015|1634
04017|2167
04019|21274
04021|4965
04023|1717
04025|2178
04027|4520
04029|459
05001|337
05003|337
05005|176
05007|-483
05009|-213
05011|183
05013|73
05015|-315
05017|373
05019|258
05021|218
05023|241
05025|77
05027|570
05029|225
05031|455
05033|-15
05035|-48
05037|405
05039|257
05041|423
05043|-112
05045|-284
05047|-138
05049|116
05051|404
05053|203
05055|243
05057|177
05059|136
05061|-97
05063|136
05065|59
05067|211
05069|15934
05071|-8
05073|163
05075|284
05077|446
05079|280
05081|71
05083|221
05085|120
05087|-150
05089|210
05091|227
05093|1147
05095|465
05097|19
05099|131
05101|-6
05103|617
05105|63
05107|807
05109|26
05111|685
05113|81
05115|-99
05117|92
05119|2692
05121|169
05123|7722
05125|549
05127|55
05129|1047
05131|-133
05133|209
05135|102
05137|189
05139|401
05141|-32
05143|-56
05145|415
05147|182
05149|110
06001|41070
06003|93
06005|12
06007|6590
06009|541
06011|502
06013|15756
06015|664
06017|2024
06019|24317
06021|612
06023|2773
06025|7289
06027|577
06029|14503
06031|4286
06033|1637
06035|295
06037|1024030
06039|2180
06041|1977
06043|309
06045|798
06047|15039
06049|122
06051|35
06053|8728
06055|1733
06057|1486
06059|65730
06061|3646
06063|389
06065|34378
06067|28553
06069|925
06071|49416
06073|66005
06075|17214
06077|16460
06079|3632
06081|8579
06083|7168
06085|48224
06087|5513
06089|765
06091|25
06093|1264
06095|4881
06097|8133
06099|14356
06101|1363
06103|1187
06105|246
06107|18752
06109|649
06111|10713
06113|4756
06115|3539
08000|6628
08003|187
08007|142
08009|73
08011|157
08013|1505
08015|103
08017|35
08021|66
08023|166
08025|155
08027|5
08029|2424
08031|16849
08033|-32
08037|285
08039|12
08041|7579
08043|543
08045|1649
08051|461
08055|56
08059|752
08061|-18
08063|90
08065|9
08067|164
08069|1567
08071|47
08073|93
08075|6
08077|8340
08081|100
08083|-27
08085|1749
08087|331
08089|689
08091|69
08093|113
08095|36
08099|181
08101|2349
08103|223
08105|104
08107|-12
08109|94
08111|17
08113|108
08115|30
08117|-27
08119|230
08121|29
08123|2810
08125|63
08127|4111
08129|13719
09901|38759
09903|61979
09905|26029
09907|41445
09909|20855
09911|6436
09913|8475
09915|19245
10001|1400
10002|7041
10003|1184
11001|5040
12001|3969
12003|896
12005|2871
12007|613
12009|8169
12011|25646
12013|318
12015|1806
12017|2777
12019|3579
12021|4244
12023|1134
12025|111259
12027|1099
12029|428
12031|26710
12033|35550
12035|840
12037|266
12039|2431
12041|201
12045|326
12047|228
12049|967
12051|1742
12053|2939
12055|1377
12057|24928
12059|870
12061|885
12063|871
12065|472
12067|139
12069|4090
12071|6100
12073|3296
12075|768
12077|74
12079|691
12081|4491
12083|6125
12085|908
12087|1888
12089|1322
12091|2271
12093|987
12095|19346
12097|3515
12099|14063
12101|5558
12103|19017
12105|8807
12107|2787
12109|2451
12111|2501
12113|1213
12115|4492
12117|6331
12119|1274
12121|908
12123|412
12125|328
12127|7321
12129|499
12131|1046
12133|598
13001|591
13003|185
13005|497
13007|784
13009|1177
13011|47
13013|721
13015|1845
13017|680
13019|55
13021|27441
13023|23
13025|406
13027|569
13029|599
13031|318
13033|570
13035|502
13037|-69
13039|1038
13043|362
13045|1822
13047|882
13049|348
13051|6211
13053|-56
13055|429
13057|1022
13059|1693
13061|147
13063|5127
13065|325
13067|6536
13069|1512
13071|1600
13073|564
13075|33
13077|1227
13079|423
13081|454
13083|414
13085|77
13087|5534
13089|17591
13091|582
13093|177
13095|2629
13097|1201
13099|476
13100|18
13103|623
13105|521
13107|120
13109|98
13111|421
13113|323
13115|1154
13117|639
13119|652
13121|23095
13123|342
13125|23
13127|1838
13129|770
13131|3885
13133|425
13135|3129
13137|397
13139|1400
13141|149
13143|705
13145|271
13147|314
13149|443
13151|868
13153|1667
13155|245
13157|455
13159|138
13161|423
13163|314
13165|204
13167|281
13169|519
13171|220
13173|300
13175|536
13177|229
13179|1130
13181|53
13183|164
13185|1717
13187|233
13189|315
13191|362
13193|348
13195|797
13197|203
13199|578
13201|1269
13205|4850
13207|445
13209|57
13211|441
13213|888
13215|29904
13217|1789
13219|254
13221|146
13223|764
13225|567
13227|362
13229|132
13231|244
13233|987
13235|204
13237|172
13239|101
13241|199
13243|190
13245|3145
13247|222
13249|-37
13251|163
13253|2093
13255|1337
13257|811
13259|141
13261|124
13263|235
13265|36
13267|678
13269|323
13271|375
13273|379
13275|1133
13277|1481
13279|456
13281|26
13283|259
13285|1676
13287|200
13289|362
13291|226
13293|934
13295|1290
13297|620
13299|1285
13301|85
13303|358
13305|434
13307|68
13309|148
13311|179
13313|2399
13315|77
13317|95
13319|262
13321|715
14000|-367
15001|1042
15003|7081
15007|-39
15009|-1175
16000|17458
17001|5981
17003|3082
17005|1293
17007|1566
17009|347
17011|1818
17013|384
17015|1172
17017|911
17019|10491
17021|2729
17023|1187
17025|1125
17027|1677
17029|3345
17031|675800
17033|1571
17035|979
17037|2532
17039|1315
17041|970
17043|12121
17045|1765
17047|456
17049|1817
17051|1949
17053|726
17055|5731
17057|3648
17059|1211
17061|1501
17063|1243
17065|985
17067|1567
17069|781
17071|517
17073|3084
17075|1768
17077|7275
17079|688
17081|5040
17083|1457
17085|726
17087|1035
17089|19182
17091|11173
17093|814
17095|4955
17097|18932
17099|6792
17101|1330
17103|1572
17105|2205
17107|2058
17109|2333
17111|3509
17113|6218
17115|13220
17117|4082
17119|24450
17121|5403
17123|729
17125|1728
17127|1860
17129|853
17131|1271
17133|527
17135|3050
17137|2922
17139|575
17141|1825
17143|21714
17145|2301
17147|651
17149|1603
17151|518
17153|1910
17155|234
17157|2559
17159|1493
17161|14371
17163|42752
17165|4578
17167|15029
17169|493
17171|355
17173|1169
17175|398
17177|3474
17179|7419
17181|2524
17183|10924
17185|1170
17187|1527
17189|652
17191|1328
17193|1771
17195|3393
17197|18269
17199|7125
17201|22289
17203|1104
18001|357
18003|5170
18005|488
18007|113
18009|226
18011|59
18013|224
18015|68
18017|661
18019|1398
18021|183
18023|120
18025|120
18027|479
18029|531
18031|207
18033|299
18035|2234
18037|61
18039|1084
18041|685
18043|942
18045|124
18047|358
18049|28
18051|485
18053|1438
18055|203
18057|188
18059|35
18061|315
18063|112
18065|794
18067|665
18069|111
18071|296
18073|390
18075|416
18077|376
18079|245
18081|607
18083|333
18085|282
18087|-80
18089|13314
18091|1091
18093|658
18095|2134
18097|17117
18099|602
18101|156
18103|524
18105|643
18107|64
18109|742
18111|92
18113|45
18115|57
18117|194
18119|137
18121|-136
18123|439
18125|431
18127|955
18129|330
18131|230
18133|10
18135|373
18137|467
18139|220
18141|2876
18143|238
18145|786
18147|301
18149|564
18151|175
18153|221
18155|200
18157|1106
18159|159
18161|117
18163|2743
18165|124
18167|157
18169|242
18171|66
18173|483
18175|285
18177|2033
18179|151
18181|275
18183|172
19001|178
19003|64
19005|104
19007|396
19009|28
19011|69
19013|1323
19015|334
19017|216
19019|260
19021|59
19023|249
19025|149
19027|78
19029|219
19031|114
19033|652
19035|62
19037|192
19039|183
19041|164
19043|157
19045|619
19047|277
19049|410
19051|108
19053|260
19055|276
19057|268
19059|111
19061|628
19063|106
19065|339
19067|226
19069|160
19071|79
19073|165
19075|66
19077|126
19079|177
19081|112
19083|240
19085|248
19087|159
19089|95
19091|94
19093|39
19095|100
19097|278
19099|317
19101|318
19103|316
19105|102
19107|68
19109|121
19111|341
19113|1520
19115|161
19117|145
19119|169
19121|174
19123|92
19125|325
19127|335
19129|113
19131|95
19133|175
19135|166
19137|116
19139|503
19141|159
19143|102
19145|78
19147|162
19149|107
19151|134
19153|4959
19155|1241
19157|198
19159|64
19161|175
19163|3758
19165|142
19167|242
19169|488
19171|212
19173|169
19175|362
19177|16
19179|357
19181|207
19183|186
19185|189
19187|690
19189|69
19191|113
19193|1406
19195|63
19197|219
20001|440
20003|195
20005|413
20007|39
20009|970
20011|169
20013|477
20015|919
20017|-2
20019|1
20021|475
20023|40
20025|5
20027|133
20029|148
20031|118
20033|15
20035|795
20037|574
20039|33
20041|634
20043|279
20045|893
20047|-12
20049|30
20051|390
20053|64
20055|962
20057|644
20059|224
20061|1737
20063|-6
20065|52
20067|173
20069|39
20071|0
20073|0
20075|2
20077|166
20079|431
20081|133
20083|11
20085|266
20087|217
20089|98
20091|2581
20093|110
20095|82
20097|38
20099|525
20101|3
20103|917
20105|87
20107|223
20109|52
20111|739
20113|554
20115|65
20117|-279
20119|38
20121|315
20123|143
20125|1355
20127|135
20129|52
20131|36
20133|318
20135|23
20137|104
20139|319
20141|41
20143|115
20145|-10
20147|0
20149|384
20151|62
20153|30
20155|1548
20157|24
20159|295
20161|1038
20163|77
20165|87
20167|167
20169|927
20171|33
20173|11309
20175|943
20177|3324
20179|25
20181|114
20183|26
20185|79
20187|59
20189|177
20191|789
20193|92
20195|6
20197|129
20199|-18
20201|97
20203|34
20205|343
20207|71
20209|7091
21001|245
21003|348
21005|193
21007|22
21009|346
21011|275
21013|745
21015|707
21017|262
21019|271
21021|608
21023|219
21025|674
21027|368
21029|774
21031|325
21033|323
21035|284
21037|1083
21039|25
21041|223
21043|634
21045|218
21047|292
21049|281
21051|735
21053|164
21055|24
21057|104
21059|1928
21061|113
21063|221
21065|550
21067|3325
21069|161
21071|648
21073|824
21075|239
21077|140
21079|180
21081|574
21083|56
21085|709
21087|-36
21089|627
21091|202
21093|1703
21095|1039
21097|445
21099|248
21101|605
21103|538
21105|129
21107|1069
21109|412
21111|11230
21113|815
21115|511
21117|2006
21119|468
21121|790
21123|165
21125|626
21127|698
21129|474
21131|512
21133|1094
21135|185
21137|747
21139|126
21141|335
21143|31
21145|477
21147|740
21149|229
21151|1652
21153|454
21155|372
21157|176
21159|349
21161|187
21163|276
21165|166
21167|341
21169|56
21171|107
21173|667
21175|324
21177|751
21179|494
21181|169
21183|826
21185|346
21187|94
21189|224
21191|515
21193|1253
21195|1281
21197|392
21199|871
21201|-1
21203|663
21205|568
21207|84
21209|893
21211|296
21213|324
21215|325
21217|101
21219|241
21221|70
21223|166
21225|197
21227|809
21229|243
21231|399
21233|318
21235|282
21237|200
21239|294
22001|1368
22003|781
22005|2382
22007|1696
22009|1596
22011|18
22013|-8
22015|1644
22017|2712
22019|4624
22021|295
22023|318
22025|252
22027|1372
22029|538
22031|1254
22033|13938
22035|-752
22037|-158
22039|2487
22041|1079
22043|592
22045|1820
22047|795
22049|447
22051|12153
22053|950
22055|5706
22057|4886
22059|-152
22061|-1252
22063|1462
22065|691
22067|2132
22069|1162
22071|36333
22073|7281
22075|1393
22077|1430
22079|1432
22081|375
22083|1525
22085|1026
22087|1054
22089|1223
22091|54
22093|1241
22095|2373
22097|-3857
22099|3154
22101|1091
22103|4299
22105|2216
22107|375
22109|3799
22111|189
22113|1661
22115|1160
22117|345
22119|907
22121|583
22123|-498
22125|-299
22127|-220
23000|7415
24001|355
24003|-14737
24005|-32752
24009|-284
24011|-151
24013|-512
24015|55
24017|80
24019|7479
24021|730
24023|-797
24025|709
24027|1097
24029|56
24031|-17785
24033|-44353
24035|161
24037|368
24039|227
24041|3136
24043|-7223
24045|13869
24047|-109
24510|-137624
25000|377070
26001|552
26003|-375
26005|2679
26007|1766
26009|813
26011|1079
26013|593
26015|1623
26017|6717
26019|346
26021|9793
26023|1568
26025|8517
26027|2167
26029|-140
26031|1523
26033|1446
26035|2252
26037|1499
26039|932
26041|1822
26043|837
26045|2521
26047|1887
26049|32340
26051|1507
26053|765
26055|2007
26057|2020
26059|1478
26061|1798
26063|1602
26065|15069
26067|-802
26069|1370
26071|502
26073|2445
26075|6858
26077|6858
26079|920
26081|15683
26083|150
26085|851
26087|2186
26089|1020
26091|3390
26093|1893
26095|490
26097|352
26099|14317
26101|1562
26103|2120
26105|1486
26107|2091
26109|830
26111|3786
26113|-1004
26115|4587
26117|5756
26119|656
26121|9074
26123|1708
26125|24110
26127|2026
26129|1686
26131|285
26133|1275
26135|557
26137|655
26139|3556
26141|712
26143|1501
26145|15582
26147|5411
26149|1909
26151|1940
26153|1250
26155|3089
26157|2572
26159|5008
26161|6073
26163|151416
26165|3402
27000|310
27001|335
27003|9864
27005|652
27007|619
27009|428
27011|110
27013|926
27015|262
27017|539
27019|971
27021|648
27023|172
27025|479
27027|1395
27029|192
27031|2
27033|258
27035|1357
27037|8246
27039|252
27041|233
27043|419
27045|432
27047|931
27049|466
27051|94
27053|3156
27055|190
27057|394
27059|323
27061|1299
27063|226
27065|180
27067|841
27069|53
27071|267
27073|21
27075|168
27077|51
27079|287
27081|58
27083|414
27085|260
27087|91
27089|67
27091|375
27093|353
27095|116
27097|184
27099|879
27101|87
27103|233
27105|258
27107|164
27109|2336
27111|537
27113|101
27115|666
27117|163
27119|894
27121|182
27123|204
27125|64
27127|102
27129|275
27131|566
27133|118
27135|103
27137|-516
27139|1449
27141|333
27143|192
27145|1076
27147|340
27149|118
27151|144
27153|270
27155|107
27157|240
27159|269
27161|107
27163|3732
27165|257
27167|151
27169|641
27171|1023
27173|169
28001|-6060
28003|753
28005|758
28007|803
28009|470
28011|2719
28013|336
28015|241
28017|489
28019|407
28021|859
28023|803
28025|1027
28027|2967
28029|2137
28031|1024
28033|1722
28035|2924
28037|468
28039|1161
28041|704
28043|792
28045|1880
28047|-15368
28049|-30175
28051|2546
28053|984
28055|151
28057|147
28059|3811
28061|654
28063|849
28065|1382
28067|-5836
28069|468
28071|679
28073|801
28075|3290
28077|572
28079|1281
28081|1605
28083|2300
28085|1592
28087|1652
28089|2973
28091|1573
28093|3062
28095|937
28097|576
28099|1157
28101|809
28103|874
28105|1550
28107|2557
28109|2122
28111|617
28113|2687
28115|487
28117|751
28119|952
28121|1891
28123|789
28125|655
28127|1329
28129|498
28131|563
28133|2522
28135|1286
28137|774
28139|877
28141|412
28143|1013
28145|487
28147|900
28149|2187
28151|-15771
28153|1359
28155|580
28157|659
28159|1116
28161|553
28163|1670
29000|-83
29001|305
29003|358
29005|222
29007|462
29009|238
29011|243
29013|397
29015|108
29017|140
29019|2160
29021|3745
29023|1838
29025|182
29027|929
29029|413
29031|1460
29033|199
29035|197
29037|1165
29039|202
29041|211
29043|364
29045|220
29047|2958
29049|409
29051|769
29053|367
29055|339
29057|194
29059|224
29061|195
29063|114
29065|451
29067|198
29069|1413
29071|1808
29073|119
29075|152
29077|4354
29079|241
29081|369
29083|430
29085|207
29087|165
29089|125
29091|695
29093|302
29095|79644
29097|2854
29099|3737
29101|835
29103|51
29105|507
29107|949
29109|377
29111|245
29113|315
29115|238
29117|478
29119|671
29121|304
29123|304
29125|125
29127|577
29129|176
29131|674
29133|659
29135|230
29137|107
29139|408
29141|635
29143|904
29145|1096
29147|400
29149|181
29151|161
29153|199
29155|1360
29157|209
29159|474
29161|1160
29163|600
29165|778
29167|432
29169|1212
29171|176
29173|287
29175|859
29177|388
29179|285
29181|546
29183|3942
29185|298
29187|1130
29189|20509
29193|150
29195|415
29197|141
29199|132
29201|1022
29203|232
29205|170
29207|657
29209|152
29211|71
29213|28
29215|632
29217|414
29219|387
29221|703
29223|605
29225|244
29227|113
29229|465
29510|42831
30001|96
30003|392
30005|-50
30007|-8
30009|213
30011|15
30013|678
30015|72
30017|151
30019|-3
30021|152
30023|123
30025|46
30027|66
30029|570
30031|126
30033|16
30035|-214
30037|-5
30039|9
30041|299
30043|-1
30045|-14
30047|456
30049|683
30051|-3
30053|395
30055|18
30057|66
30059|-2
30061|97
30063|1512
30065|47
30067|126
30069|14
30071|55
30073|85
30075|-10
30077|54
30079|53
30081|440
30083|141
30085|95
30087|85
30089|318
30091|37
30093|385
30095|84
30097|-9
30099|10
30101|43
30103|3
30105|26
30107|19
30109|33
30111|858
31109|4167
32001|139
32003|18372
32005|56
32007|357
32009|31
32011|37
32013|273
32015|120
32017|88
32019|271
32021|157
32023|425
32027|73
32029|3
32031|2996
32033|72
32510|355
33000|13052
34001|5260
34003|4122
34005|2990
34007|11889
34009|1491
34011|2908
34013|21166
34015|3391
34017|16252
34019|302
34021|3145
34023|7665
34025|3640
34027|2199
34029|3767
34031|6323
34033|1134
34035|1800
34037|712
34039|6565
34041|772
35001|74
35003|-242
35005|44
35006|5
35007|5
35009|13
35011|46
35013|608
35015|23
35017|32
35019|241
35021|14
35023|16
35025|651
35027|15
35028|4
35029|69
35031|540
35033|1
35035|10
35037|44
35039|262
35041|8
35043|0
35045|64
35047|45
35049|23
35051|2
35053|-3536
35055|405
35057|-17
35059|3
35061|13
36000|455646
36062|-761
37001|903
37003|48
37005|46
37007|739
37009|55
37011|384
37013|1126
37015|374
37017|-229
37019|1053
37021|2814
37023|532
37025|597
37027|689
37029|108
37031|1001
37033|505
37035|1037
37037|291
37039|370
37041|461
37043|209
37045|713
37047|1598
37049|1274
37051|2995
37053|310
37055|310
37057|192
37059|74
37061|740
37063|-363
37065|768
37067|4635
37069|673
37071|201
37073|251
37075|307
37077|629
37079|231
37081|1674
37083|1083
37085|408
37087|577
37089|532
37091|781
37093|578
37095|297
37097|957
37099|406
37101|467
37103|353
37105|472
37107|1157
37109|565
37111|412
37113|342
37115|259
37117|284
37119|6175
37121|289
37123|638
37125|461
37127|722
37129|2322
37131|828
37133|2974
37135|618
37137|156
37139|883
37141|637
37143|407
37145|409
37147|1734
37149|83
37151|949
37153|333
37155|2024
37157|974
37159|484
37161|539
37163|803
37165|677
37167|253
37169|429
37171|647
37173|480
37175|395
37177|99
37179|868
37181|358
37183|-714
37185|275
37187|221
37189|559
37191|1168
37193|1058
37195|996
37197|192
37199|299
38001|50
38003|131
38005|449
38009|126
38011|20
38013|62
38015|680
38017|932
38019|13
38021|78
38023|25
38025|29
38027|29
38029|48
38031|26
38033|-10
38035|533
38037|-12
38039|28
38041|57
38043|48
38045|112
38047|-18
38049|65
38051|88
38053|70
38055|44
38057|57
38059|14
38061|83
38063|66
38065|8
38067|125
38069|20
38071|309
38073|56
38075|13
38077|336
38079|253
38081|86
38083|6
38085|16
38089|316
38091|19
38093|286
38095|69
38097|92
38099|105
38101|486
38103|47
38105|381
39001|1441
39003|3756
39005|909
39007|3814
39009|2054
39011|528
39013|2699
39015|1589
39017|8606
39019|678
39021|484
39023|7821
39025|3139
39027|947
39029|4007
39031|863
39033|1241
39035|1525
39037|1045
39039|800
39041|928
39043|1945
39045|1863
39047|991
39049|96611
39051|625
39053|921
39055|822
39057|6857
39059|1975
39061|33397
39063|1164
39065|962
39067|758
39069|457
39071|1404
39073|666
39075|153
39077|2123
39079|1479
39081|3297
39083|521
39085|2198
39087|2320
39089|3414
39091|1261
39093|6145
39095|19774
39097|753
39099|9709
39101|2125
39103|1181
39105|1297
39107|299
39109|4235
39111|542
39113|51340
39115|859
39117|1085
39119|2687
39121|642
39123|530
39125|423
39127|1437
39129|860
39131|984
39133|3029
39135|1763
39137|634
39139|3770
39141|2466
39143|1736
39145|3933
39147|1751
39149|1058
39151|9588
39153|56627
39155|7014
39157|1758
39159|483
39161|379
39163|543
39165|1795
39167|2220
39169|1435
39171|605
39173|1674
39175|256
40001|0
40003|380
40005|224
40007|74
40009|600
40011|135
40013|427
40015|1094
40017|712
40019|1144
40021|1264
40023|523
40025|7
40027|2262
40029|66
40031|1244
40033|151
40035|134
40037|2170
40039|583
40041|938
40043|158
40045|273
40047|5978
40049|498
40051|1282
40053|353
40055|202
40057|895
40059|90
40061|149
40063|323
40065|519
40067|327
40069|386
40071|4410
40073|221
40075|328
40077|316
40079|1151
40081|533
40083|637
40085|219
40087|410
40089|1463
40091|697
40093|545
40095|451
40097|1131
40099|194
40101|1566
40103|1069
40105|330
40107|245
40109|12946
40111|1109
40113|680
40115|531
40117|313
40119|747
40121|573
40123|992
40125|1096
40127|406
40129|150
40131|916
40133|743
40135|750
40137|684
40139|979
40141|415
40143|12697
40145|997
40147|633
40149|373
40151|572
40153|1633
41000|-1518
42001|935
42003|22061
42005|1390
42007|4776
42009|1087
42011|3881
42013|2406
42015|938
42017|4258
42019|2507
42021|2105
42023|-10
42025|752
42027|892
42029|3587
42031|1318
42033|1252
42035|329
42037|372
42039|2128
42041|1139
42043|3901
42045|4068
42047|351
42049|3911
42051|4976
42053|183
42055|1092
42057|248
42059|960
42061|657
42063|1981
42065|593
42067|283
42069|3541
42071|4596
42073|2205
42075|318
42077|3551
42079|4726
42081|2563
42083|900
42085|2457
42087|600
42089|1298
42091|5674
42093|139
42095|2102
42097|917
42099|359
42101|55911
42103|484
42105|281
42107|1546
42109|346
42111|1283
42113|47
42115|987
42117|899
42119|349
42121|1461
42123|726
42125|3675
42127|623
42129|5938
42131|525
42133|2526
44935|8998
45001|-2169
45003|2
45005|0
45007|0
45009|-3382
45011|0
45013|-9
45015|-9
45017|-1759
45019|-9
45021|-4053
45023|0
45025|3
45027|0
45029|0
45031|0
45033|0
45035|2
45037|0
45039|0
45041|-2
45043|0
45045|-15
45047|9
45049|0
45051|12
45053|0
45055|0
45057|2
45059|0
45061|0
45063|3
45065|0
45067|3
45069|0
45071|0
45073|0
45075|4
45077|3
45079|5
45081|-3
45083|-5
45085|0
45087|0
45089|0
45091|6
46003|-16
46005|-63
46007|52
46009|9
46011|83
46013|216
46015|-23
46019|120
46021|-6
46023|-159
46025|19
46027|14
46029|103
46031|-29
46033|-27
46035|104
46037|37
46039|36
46041|-123
46043|51
46045|30
46047|38
46049|3
46051|91
46053|37
46055|8
46057|58
46059|10
46061|-26
46063|-3
46065|72
46067|18
46069|13
46071|-41
46073|11
46075|10
46077|24
46079|125
46081|38
46083|68
46085|-41
46087|24
46089|46
46091|66
46093|-19
46095|53
46097|97
46099|799
46101|41
46103|644
46105|48
46107|35
46109|138
46111|6
46113|163
46115|-9
46117|-5
46119|26
46121|76
46123|71
46125|-31
46127|114
46129|109
46135|216
46137|58
47001|831
47003|452
47005|106
47007|360
47009|1119
47011|974
47013|865
47015|102
47017|552
47019|982
47021|509
47023|220
47025|258
47027|22
47029|318
47031|900
47033|159
47035|632
47037|11993
47039|158
47041|-414
47043|-1077
47045|-574
47047|1125
47049|254
47051|790
47053|467
47055|553
47057|319
47059|1275
47061|352
47063|1180
47065|6300
47067|273
47069|688
47071|469
47073|970
47075|709
47077|224
47079|464
47081|396
47083|83
47085|191
47087|172
47089|59
47091|372
47093|6410
47095|176
47097|1254
47099|125
47101|182
47103|224
47105|602
47107|866
47109|347
47111|66
47113|2239
47115|684
47117|72
47119|1227
47121|-123
47123|640
47125|1475
47127|-31
47129|354
47131|1906
47133|1418
47135|-105
47137|57
47139|638
47141|155
47143|254
47145|515
47147|289
47149|666
47151|632
47153|260
47155|266
47157|26873
47159|257
47161|-17
47163|2817
47165|1096
47167|1536
47169|56
47171|448
47173|209
47175|166
47177|567
47179|2457
47181|422
47183|72
47185|240
47187|879
47189|962
48001|1051
48003|847
48005|1745
48007|181
48009|113
48011|2
48013|1520
48015|405
48017|433
48019|88
48021|828
48023|72
48025|1210
48027|5165
48029|49728
48031|110
48033|6
48035|382
48037|1611
48039|7091
48041|2845
48043|199
48045|66
48047|547
48049|379
48051|599
48053|598
48055|801
48057|827
48059|153
48061|23145
48063|397
48065|73
48067|1166
48069|390
48071|582
48073|984
48075|115
48077|99
48079|336
48081|74
48083|313
48085|4273
48087|123
48089|422
48091|1009
48093|267
48095|158
48097|959
48099|625
48101|79
48103|336
48105|183
48107|633
48109|217
48111|222
48113|70843
48115|1136
48117|704
48119|152
48121|5855
48123|661
48125|-195
48127|612
48129|12
48131|1106
48133|199
48135|9181
48137|223
48139|2108
48141|35013
48143|530
48145|905
48147|811
48149|203
48151|150
48153|641
48155|35
48157|8118
48159|194
48161|501
48163|1160
48165|775
48167|10044
48169|264
48171|158
48173|39
48175|232
48177|715
48179|473
48181|2179
48183|2832
48185|739
48187|1837
48189|1520
48191|133
48193|181
48195|96
48197|111
48199|1372
48201|175975
48203|1944
48205|11
48207|134
48209|1084
48211|27
48213|2191
48215|41056
48217|978
48219|745
48221|682
48223|620
48225|601
48227|1236
48229|44
48231|1835
48233|418
48235|162
48237|190
48239|451
48241|377
48243|8
48245|6773
48247|420
48249|2882
48251|3480
48253|431
48255|670
48257|2173
48259|174
48261|-1
48263|17
48265|963
48267|143
48269|7
48271|109
48273|1826
48275|102
48277|1037
48279|800
48281|316
48283|503
48285|536
48287|163
48289|520
48291|2569
48293|734
48295|-28
48297|473
48299|190
48301|5
48303|7361
48305|366
48307|499
48309|5360
48311|28
48313|91
48315|348
48317|319
48319|125
48321|1624
48323|6059
48325|535
48327|53
48329|4754
48331|930
48333|152
48335|274
48337|388
48339|6935
48341|-177
48343|274
48345|1
48347|1051
48349|1109
48351|137
48353|498
48355|16062
48357|295
48359|-3
48361|1347
48363|1488
48365|401
48367|1609
48369|205
48371|814
48373|1414
48375|6139
48377|877
48379|98
48381|714
48383|145
48385|45
48387|420
48389|980
48391|463
48393|9
48395|653
48397|435
48399|281
48401|1409
48403|208
48405|117
48407|644
48409|4140
48411|258
48413|112
48415|643
48417|-3
48419|577
48421|51
48423|4559
48425|393
48427|5885
48429|240
48431|23
48433|19
48435|182
48437|420
48439|34362
48441|3252
48443|51
48445|652
48447|5
48449|762
48451|2889
48453|12272
48455|346
48457|265
48459|1297
48461|349
48463|1048
48465|2959
48467|1210
48469|4154
48471|1360
48473|1410
48475|711
48477|466
48479|11664
48481|2135
48483|124
48485|2234
48487|280
48489|1432
48491|2498
48493|681
48495|427
48497|929
48499|926
48501|231
48503|208
48505|1465
48507|1387
49000|4011
49003|-1048
49007|-291
49011|-2014
49035|2138
49037|-327
49039|256
49045|70
49047|176
49049|608
49053|296
49057|970
50000|41818
51001|247
51003|489
51007|101
51009|553
51011|172
51013|2051
51017|24
51019|583
51021|77
51023|193
51025|662
51027|542
51029|380
51031|143
51033|447
51035|417
"5103|189
51037|322
51041|3422
51043|114
51045|65
51047|661
51049|85
51051|759
51053|307
51057|219
51059|25112
51061|646
51063|221
51065|253
51067|745
51069|778
51071|228
51073|657
51075|231
51077|267
51079|122
51081|612
51083|489
51085|569
51087|3345
51089|1452
51091|19
51093|515
51095|761
51097|-4
51099|337
51101|103
51103|386
51105|621
51107|629
51109|531
51111|329
51113|227
51115|200
51117|431
51119|194
51121|943
51125|407
51127|78
51131|600
51133|315
51135|286
51137|208
51139|268
51141|209
51143|1061
51145|113
51147|254
51149|332
51153|3570
51155|773
51157|79
51159|94
51161|845
51163|573
51165|690
51167|504
51169|637
51171|497
51173|525
51175|499
51177|660
51179|686
51181|188
51183|340
51185|982
51187|871
51191|502
51193|766
51195|1274
51197|549
51199|456
51510|2541
51520|460
51540|1435
51550|3564
51560|111
51580|496
51590|1178
51620|259
51630|592
51640|296
51650|4097
51660|569
51670|842
51680|1368
51683|354
51685|257
51690|653
51700|7351
51710|11616
51720|228
51730|2060
51740|5097
51750|263
51760|9323
51770|3288
51790|1007
51800|1387
51810|8559
51820|401
51830|172
51840|646
52001|2755
52005|2140
53001|974
53003|282
53005|300
53007|1122
53009|610
53011|4337
53013|253
53015|837
53017|467
53019|-38
53021|1315
53023|71
53025|1009
53027|1200
53029|432
53031|249
53033|31103
53035|1658
53037|409
53039|288
53041|1009
53043|114
53045|922
53047|785
53049|553
53051|554
53053|11227
53055|200
53057|1620
53059|228
53061|10036
53063|5347
53065|100
53067|2609
53069|165
53071|1082
53073|1952
53075|170
53077|8373
54000|32041
55001|628
55003|285
55005|621
55007|245
55009|3758
55011|167
55013|235
55015|268
55017|1134
55019|230
55021|543
55023|358
55025|3646
55027|615
55029|387
55031|960
55033|910
55035|2143
55037|88
55039|-205
55041|216
55043|519
55045|222
55047|183
55049|244
55051|104
55053|320
55055|717
55057|575
55059|2866
55061|105
55063|2542
55065|127
55067|299
55069|332
55071|1083
55073|3034
55075|674
55077|108
55078|449
55079|32866
55081|505
55083|498
55085|471
55087|1204
55089|203
55091|132
55093|90
55095|733
55097|1243
55099|262
55101|3516
55103|408
55105|3558
55107|592
55109|525
55111|541
55113|634
55115|361
55117|1320
55119|301
55121|472
55123|404
55125|182
55127|959
55129|452
55131|676
55133|1392
55135|582
55137|587
55139|1346
55141|1438
55143|128
55145|20
55147|-13
55149|-9
55151|137
56000|5779
U.S.|6613427
|0
b|0
