COUNTY|DELTA
01001|-46
01003|624
01005|267
01007|-1
01009|332
01011|131
01013|-66
01015|145
01017|41
01019|-170
01021|-239
01023|203
01025|118
01027|-45
01029|-8
01031|-656
01033|-4609
01035|272
01037|33
01039|-4848
01041|-8
01043|-213
01045|-5982
01047|-11459
01049|-34
01051|-469
01053|-529
01055|155
01057|-403
01059|-181
01061|-80
01063|321
01065|288
01067|-135
01069|-511
01071|-575
01073|-49979
01075|-103
01077|-202
01079|-274
01081|160
01083|288
01085|138
01087|183
01089|-12894
01091|-3693
01093|-910
01095|17
01097|-51887
01099|290
01101|-574
01103|-5203
01105|-143
01107|462
01109|-210
01111|-34
01113|290
01115|-413
01117|-72
01119|48
01121|999
01123|-116
01125|-13497
01127|-4789
01129|123
01131|-50
01133|-671
02110|168
04001|-112
04003|299
04005|-27
04007|-164
04009|-125
04011|10
04013|-15310
04015|-982
04017|-954
04019|874
04021|-1373
04023|-45
04025|-374
04027|-1852
04029|46
05001|-179
05003|-12
05005|-391
05007|-609
05009|-115
05011|110
05013|3
05015|23
05017|21
05019|143
05021|78
05023|104
05025|16
05027|-56
05029|-174
05031|-32
05033|2
05035|-601
05037|-129
05039|18
05041|7
05043|-178
05045|-458
05047|-116
05049|25
05051|464
05053|-67
05055|-500
05057|314
05059|-61
05061|237
05063|-285
05065|1
05067|-30
05069|-159
05071|-264
05073|-25
05075|-96
05077|157
05079|37
05081|25
05083|69
05085|-45
05087|127
05089|-64
05091|361
05093|-333
05095|93
05097|105
05099|-29
05101|-115
05103|344
05105|-26
05107|304
05109|-11
05111|-381
05113|148
05115|-122
05117|-56
05119|-947
05121|-147
05123|135
05125|-399
05127|-42
05129|-75
05131|-130
05133|178
05135|-181
05137|77
05139|-521
05141|87
05143|-16
05145|-260
05147|116
05149|-207
06001|8335
06003|1
06005|482
06007|4109
06009|819
06011|549
06013|7701
06015|419
06017|1150
06019|3337
06021|-15
06023|1362
06025|809
06027|398
06029|13430
06031|2234
06033|299
06035|684
06037|-26171
06039|1211
06041|1021
06043|401
06045|1572
06047|1565
06049|267
06051|92
06053|5482
06055|891
06057|786
06059|5899
06061|1551
06063|329
06065|15049
06067|9906
06069|491
06071|-126318
06073|25025
06075|6171
06077|12932
06079|1925
06081|1593
06083|1285
06085|14017
06087|1435
06089|3641
06091|47
06093|1004
06095|8163
06097|2523
06099|3390
06101|1613
06103|1109
06105|348
06107|-3713
06109|952
06111|3791
06113|1344
06115|1373
08003|75
08007|24
08009|-3
08011|86
08013|1474
08015|96
08017|24
08021|172
08023|64
08025|17
08027|19
08031|-5661
08033|-34
08037|-19
08039|18
08041|2421
08043|840
08055|144
08059|1361
08061|-8
08063|-8
08065|-32
08067|19
08069|571
08071|258
08073|43
08075|202
08081|79
08083|302
08087|67
08089|318
08093|-33
08095|11
08099|43
08101|1908
08105|285
08107|36
08109|187
08111|19
08115|42
08117|49
08119|159
08121|53
08123|1109
08125|-8
08127|3146
08129|1521
09000|24582
10001|5209
10002|-360
10003|1437
11001|11207
12001|-14920
12003|-1720
12005|-12836
12007|-2354
12009|-19012
12011|-51228
12013|-1589
12015|-3495
12017|-6234
12019|-3145
12021|-5343
12023|-5790
12025|-247174
12027|-1894
12029|-1663
12031|-32698
12033|-22543
12035|-1605
12037|-486
12039|-6061
12041|-1013
12045|-1174
12047|-1426
12049|-3042
12051|-3572
12053|-5824
12055|-5579
12057|-56960
12059|-2742
12061|-3847
12063|-3815
12065|-1702
12067|-610
12069|-9255
12071|-11374
12073|-13232
12075|-3114
12077|-613
12079|-1943
12081|-9507
12083|-16730
12085|-3663
12087|-2961
12089|-1684
12091|-6653
12093|-1779
12095|-38224
12097|-9350
12099|-34559
12101|-16626
12103|-36274
12105|-33237
12107|-7599
12109|-3561
12111|-11812
12113|-5485
12115|-6439
12117|-9291
12119|-3139
12121|-2880
12123|-2314
12125|-1022
12127|-21143
12129|-1329
12131|-2627
12133|-2089
13001|-1478
13003|-1043
13005|-924
13007|-822
13009|-3216
13011|-666
13013|-2204
13015|-3357
13017|-2414
13019|-2008
13021|-21850
13023|-1240
13025|-1709
13027|-2539
13029|-1185
13031|-4778
13033|-4017
13035|-1409
13037|-888
13039|-2276
13043|-1376
13045|-6173
13047|-2618
13049|-1073
13051|-20781
13053|-710
13055|-1530
13057|-1863
13059|-5911
13061|-1006
13063|-14206
13065|-1144
13067|-9815
13069|-3961
13071|-5497
13073|-2960
13075|-2186
13077|-4298
13079|-956
13081|-4130
13083|-709
13085|-866
13087|-4787
13089|-24710
13091|-1798
13093|-1720
13095|-16100
13097|-3716
13099|-3028
13100|-373
13103|-1938
13105|-2108
13107|-3539
13109|-1500
13111|-1104
13113|-1211
13115|-6659
13117|-1211
13119|-1289
13121|-71510
13123|-908
13125|-224
13127|-5938
13129|-2738
13131|-2906
13133|-1552
13135|-7380
13137|-1176
13139|-5657
13141|-1787
13143|-1926
13145|-946
13147|-1709
13149|-902
13151|-2870
13153|-7332
13155|-1037
13157|-2503
13159|-1175
13161|-1497
13163|-2502
13165|-1390
13167|-1500
13169|-1091
13171|-1337
13173|-986
13175|-5290
13177|-1348
13179|-5282
13181|-831
13183|-1336
13185|-9090
13187|-937
13189|-2908
13191|-1100
13193|-2300
13195|-1707
13197|-1042
13199|-2595
13201|-893
13205|-4243
13207|-1663
13209|-896
13211|-1214
13213|-1437
13215|-20731
13217|-4580
13219|-751
13221|-746
13223|-1697
13225|-3316
13227|-1034
13229|-1745
13231|-687
13233|-2289
13235|-966
13237|-1355
13239|-541
13241|-721
13243|-1547
13245|-28834
13247|-2932
13249|-469
13251|-2155
13253|-1859
13255|-5103
13257|-2209
13259|-1070
13261|-6170
13263|-1001
13265|-430
13267|-2195
13269|-1432
13271|-1851
13273|-2337
13275|-4588
13277|-4593
13279|-3664
13281|-411
13283|-965
13285|-4463
13287|-1691
13289|-1033
13291|-940
13293|-2460
13295|-3570
13297|-3629
13299|-4503
13301|-967
13303|-3169
13305|-2899
13307|-249
13309|-719
13311|-907
13313|-2795
13315|-1192
13317|-1297
13319|-1288
13321|-3473
14000|-3758
15001|3622
15003|8020
15007|1480
15009|2147
16000|-1457
17001|118
17003|169
17005|0
17007|-117
17009|23
17011|-15
17013|3
17015|-6
17017|-89
17019|-730
17021|211
17023|-147
17025|-68
17027|128
17029|-55
17031|20699
17033|12964
17035|-41
17037|72
17039|23
17041|60
17043|-458
17045|112
17047|-385
17049|-177
17051|-104
17053|-41
17055|246
17057|27
17059|-39
17061|161
17063|-118
17065|102
17067|-114
17069|-30
17071|12
17073|-127
17075|118
17077|319
17079|142
17081|-34
17083|10
17085|-39
17087|-44
17089|-228
17091|328
17093|-4
17095|-54
17097|-824
17099|239
17101|123
17103|54
17105|13
17107|-127
17109|6825
17111|152
17113|-586
17115|-403
17117|190
17119|1153
17121|-104
17123|32
17125|-38
17127|-26
17129|65
17131|16
17133|-5
17135|-197
17137|-37
17139|-64
17141|-76
17143|442
17145|123
17147|33
17149|-113
17151|3
17153|18
17155|-11
17157|-39
17159|44
17161|112
17163|1311
17165|-3423
17167|-13188
17169|-12
17171|40
17173|36
17175|-25
17177|-484
17179|-292
17181|95
17183|-971
17185|-101
17187|83
17189|-12
17191|-128
17193|151
17195|-49
17197|-1165
17199|78
17201|-1867
17203|16
18001|-153
18003|15166
18005|-441
18007|-45
18009|-185
18011|-147
18013|-62
18015|-122
18017|-248
18019|-61
18021|-114
18023|-503
18025|-16
18027|-200
18029|-181
18031|-91
18033|-283
18035|-357
18037|-182
18039|-2140
18041|-153
18043|-235
18045|-151
18047|-128
18049|-200
18051|-199
18053|-806
18055|-221
18057|-2
18059|-346
18061|-54
18063|-146
18065|-223
18067|-959
18069|-210
18071|92
18073|-39
18075|-173
18077|-195
18079|-66
18081|-615
18083|-323
18085|-583
18087|-94
18089|-2829
18091|-560
18093|-179
18095|-768
18097|-9956
18099|-487
18101|-134
18103|-268
18105|-438
18107|-242
18109|-729
18111|-119
18113|-364
18115|8
18117|-48
18119|-318
18121|33
18123|-86
18125|-133
18127|-532
18129|3911
18131|-164
18133|48
18135|-247
18137|-171
18139|-41
18141|-673
18143|-257
18145|-462
18147|-56
18149|-247
18151|-181
18153|-136
18155|25
18157|-664
18159|-160
18161|-73
18163|-657
18165|-116
18167|-345
18169|-303
18171|-70
18173|-102
18175|-3
18177|-173
18179|-118
18181|-92
18183|-115
19001|15
19003|15
19005|116
19007|127
19009|18
19011|37
19013|1085
19015|115
19017|-13
19019|116
19021|56
19023|12
19025|-79
19027|70
19029|10
19031|175
19033|42
19035|-51
19037|6
19039|-22
19041|30
19043|46
19045|139
19047|123
19049|102
19051|7
19053|79
19055|70
19057|-124
19059|96
19061|145
19063|55
19065|-27
19067|48
19069|106
19071|-61
19073|-4
19075|54
19077|14
19079|-31
19081|82
19083|4
19085|17
19087|124
19089|79
19091|50
19093|50
19095|40
19097|120
19099|-16
19101|26
19103|-340
19105|-15
19107|71
19109|102
19111|0
19113|496
19115|-46
19117|96
19119|4
19121|-45
19123|123
19125|2
19127|14
19129|145
19131|49
19133|19
19135|59
19137|56
19139|1
19141|37
19143|61
19145|29
19147|-45
19149|101
19151|-14
19153|520
19155|334
19157|27
19159|82
19161|38
19163|108
19165|11
19167|71
19169|44
19171|-48
19173|12
19175|98
19177|-119
19179|142
19181|142
19183|15
19185|2
19187|-103
19189|-22
19191|63
19193|-299
19195|15
19197|4
20001|-236
20003|-62
20005|77
20007|10
20009|130
20011|52
20013|-94
20015|-417
20017|-34
20019|-19
20021|-11
20023|13
20025|-12
20027|4
20029|12
20031|-64
20033|15
20035|-206
20037|-234
20039|46
20041|76
20043|-17
20045|92
20047|-34
20049|-16
20051|43
20053|-30
20055|-703
20057|-206
20059|-77
20061|-242
20063|-7
20065|-14
20067|-45
20069|27
20071|-19
20073|65
20075|-13
20077|37
20079|-318
20081|28
20083|-13
20085|-44
20087|9
20089|-34
20091|-854
20093|-39
20095|-38
20097|2
20099|-133
20101|-30
20103|-207
20105|-17
20107|-57
20109|-27
20111|-6
20113|-131
20115|-14
20117|0
20119|-33
20121|-185
20123|-1
20125|-76
20127|22
20129|-10
20131|-23
20133|12
20135|-14
20137|17
20139|-11
20141|-44
20143|-9
20145|89
20147|-14
20149|-125
20151|-10
20153|2
20155|-168
20157|20
20159|16
20161|-182
20163|-35
20165|-32
20167|74
20169|-407
20171|3
20173|-5660
20175|-172
20177|225
20179|15
20181|-75
20183|13
20185|8
20187|-6
20189|-26
20191|-202
20193|-88
20195|-22
20197|5
20199|29
20201|-10
20203|-4
20205|-211
20207|-2
20209|3436
21001|288
21003|-294
21005|-200
21007|-117
21009|-469
21011|101
21013|-6
21015|-49
21017|-11
21019|253
21021|-289
21023|-49
21025|166
21027|122
21029|-5
21031|-89
21033|179
21035|-7
21037|-71
21039|-31
21041|-66
21043|229
21045|-93
21047|-108
21049|-484
21051|450
21053|129
21055|-72
21057|95
21059|-622
21061|-22
21063|-65
21065|-148
21067|-2844
21069|-131
21071|56
21073|-276
21075|67
21077|-137
21079|-211
21081|-459
21083|-248
21085|-43
21087|-57
21089|-21
21091|-42
21093|-79
21095|32
21097|-44
21099|139
21101|-51
21103|-64
21105|-37
21107|183
21109|475
21111|-6016
21113|-398
21115|186
21117|-1506
21119|15
21121|615
21123|-34
21125|-83
21127|35
21129|-128
21131|75
21133|15
21135|-228
21137|-257
21139|7
21141|-228
21143|11
21145|-155
21147|253
21149|-53
21151|-367
21153|135
21155|-39
21157|-3
21159|246
21161|-59
21163|-35
21165|-203
21167|84
21169|82
21171|-100
21173|-150
21175|268
21177|-22
21179|-295
21181|-102
21183|-5
21185|111
21187|-42
21189|133
21191|26
21193|-82
21195|-474
21197|-312
21199|-273
21201|-25
21203|11
21205|-113
21207|-39
21209|-272
21211|-143
21213|-140
21215|82
21217|236
21219|9
21221|66
21223|112
21225|-159
21227|-1210
21229|17
21231|362
21233|-265
21235|-49
21237|-74
21239|-15
22001|660
22003|369
22005|313
22007|-352
22009|-367
22011|118
22013|465
22015|358
22017|4226
22019|-1495
22021|116
22023|-50
22025|104
22027|110
22029|99
22031|428
22033|-2846
22035|390
22037|179
22039|188
22041|109
22043|-148
22045|-33
22047|165
22049|118
22051|2207
22053|72
22055|-903
22057|-433
22059|70
22061|687
22063|-740
22065|-101
22067|140
22069|199
22071|6525
22073|518
22075|227
22077|161
22079|-501
22081|190
22083|221
22085|-61
22087|464
22089|-414
22091|-86
22093|14
22095|-830
22097|534
22099|-108
22101|-694
22103|-1093
22105|-1114
22107|16
22109|-918
22111|-87
22113|367
22115|274
22117|-505
22119|702
22121|207
22123|-62
22125|52
22127|-771
23000|6652
24001|1339
24003|4867
24005|5699
24009|776
24011|465
24013|1012
24015|787
24017|1309
24019|339
24021|1542
24023|790
24025|869
24027|565
24029|182
24031|2912
24033|18113
24035|192
24037|426
24039|393
24041|90
24043|1203
24045|1621
24047|489
24510|22272
25000|136
26001|352
26003|448
26005|2053
26007|747
26009|168
26011|593
26013|293
26015|1546
26017|2112
26019|342
26021|9300
26023|1881
26025|8080
26027|2509
26029|1193
26031|687
26033|401
26035|1118
26037|-192
26039|384
26041|627
26043|280
26045|2286
26047|0
26049|877
26051|821
26053|614
26055|897
26057|743
26059|1498
26061|627
26063|573
26065|13515
26067|3394
26069|629
26071|576
26073|1119
26075|6714
26077|10144
26079|697
26081|20336
26083|0
26085|251
26087|1109
26089|0
26091|2987
26093|825
26095|472
26097|335
26099|-131
26101|592
26103|895
26105|1211
26107|1282
26109|916
26111|1132
26113|1420
26115|2726
26117|0
26119|65
26121|7315
26123|1376
26125|1715
26127|837
26129|37
26131|260
26133|771
26135|560
26137|332
26139|1382
26141|287
26143|1467
26145|1248
26147|-346
26149|2816
26151|1000
26153|0
26155|2473
26157|989
26159|4798
26161|414
26163|44365
27000|0
27001|0
27003|0
27005|0
27007|0
27009|-1
27011|-225
27013|0
27015|0
27017|-1
27019|1
27021|-2
27023|0
27025|-957
27027|5
27029|-676
27031|-85
27033|-460
27035|-2047
27037|2
27039|-309
27041|-951
27043|-1
27045|-592
27047|-1217
27049|-796
27051|-191
27053|-435
27055|-430
27057|-912
27059|-1
27061|-1837
27063|-257
27065|-617
27067|-1994
27069|-141
27071|-733
27073|-191
27075|-237
27077|-100
27079|-541
27081|-154
27083|-886
27085|1
27087|-568
27089|-330
27091|1
27093|-614
27095|0
27097|0
27099|-1
27101|-231
27103|-832
27105|-891
27107|-365
27109|-3656
27111|-1849
27113|-523
27115|-1264
27117|-319
27119|2
27121|-300
27123|-5
27125|-206
27127|-398
27129|-571
27131|-1
27133|-189
27135|-221
27137|-3
27139|0
27141|2
27143|-348
27145|-1
27147|0
27149|-277
27151|-433
27153|-1063
27155|0
27157|0
27159|0
27161|-737
27163|0
27165|-455
27167|-241
27169|-1393
27171|1
27173|-239
28001|-4861
28003|-2462
28005|86
28007|-31
28009|-1
28011|696
28013|56
28015|-100
28017|-1862
28019|-81
28021|156
28023|-187
28025|-2802
28027|-6710
28029|327
28031|-111
28033|-2853
28035|-157
28037|-75
28039|-213
28041|-31
28043|213
28045|-253
28047|193
28049|-28169
28051|-6734
28053|-2578
28055|45
28057|-1267
28059|-8503
28061|-80
28063|-1508
28065|-136
28067|-86
28069|26
28071|39
28073|-49
28075|-8745
28077|-1378
28079|-316
28081|-385
28083|-32
28085|-61
28087|-6439
28089|233
28091|170
28093|83
28095|-2939
28097|65
28099|-2628
28101|45
28103|-2941
28105|-3159
28107|-4720
28109|-581
28111|88
28113|-5827
28115|104
28117|-29
28119|-2217
28121|94
28123|-224
28125|-2002
28127|133
28129|-20
28131|-37
28133|-7242
28135|-2397
28137|7
28139|85
28141|-1238
28143|81
28145|43
28147|111
28149|-5569
28151|-14333
28153|-83
28155|-975
28157|-1824
28159|14
28161|295
28163|-222
29000|232
29001|-189
29003|12
29005|-25
29007|1
29009|-335
29011|-263
29013|-86
29015|-192
29017|-181
29019|-1059
29021|-471
29023|-798
29025|-113
29027|-245
29029|-326
29031|-368
29033|-46
29035|46
29037|-244
29039|-211
29041|36
29043|-448
29045|-55
29047|-792
29049|-15
29051|-338
29053|-123
29055|-152
29057|-45
29059|-165
29061|-127
29063|-23
29065|-464
29067|-246
29069|-622
29071|-686
29073|-80
29075|-25
29077|-1598
29079|-89
29081|-207
29083|-307
29085|-37
29087|25
29089|44
29091|-216
29093|19
29095|-50558
29097|-1211
29099|-1267
29101|-260
29103|2
29105|-848
29107|-86
29109|-613
29111|-117
29113|-497
29115|-104
29117|-163
29119|66
29121|-233
29123|-96
29125|-114
29127|-591
29129|-12
29131|-322
29133|24
29135|-121
29137|-174
29139|-228
29141|-241
29143|-22
29145|-273
29147|31
29149|7
29151|2
29153|-96
29155|79
29157|-138
29159|-429
29161|-662
29163|-362
29165|-142
29167|-275
29169|-241
29171|-106
29173|-59
29175|-319
29177|-51
29179|-193
29181|-106
29183|-834
29185|-133
29187|-372
29189|-5283
29193|-206
29195|-150
29197|-77
29199|1
29201|-313
29203|10968
29205|-182
29207|-194
29209|-671
29211|-59
29213|-492
29215|-234
29217|-114
29219|-109
29221|-120
29223|-14
29225|-333
29227|14
29229|-240
29510|-10513
30001|-69
30003|105
30005|-9
30007|-19
30009|-44
30011|0
30013|303
30015|-17
30017|0
30019|-20
30021|-33
30023|90
30025|51
30027|0
30029|-41
30031|197
30033|1
30035|252
30037|10
30039|-20
30041|-162
30043|-18
30045|-7
30047|-33
30049|-110
30051|1
30053|-67
30055|-4
30057|-35
30059|-17
30061|-82
30063|-466
30065|-54
30067|-103
30069|-7
30071|131
30073|1
30075|19
30077|13
30079|10
30081|141
30083|4
30085|115
30087|12
30089|-90
30091|-9
30093|31
30095|-17
30097|42
30099|-23
30101|39
30103|23
30105|-17
30107|-41
30109|22
30111|-222
31109|95256
32001|7
32003|-6143
32005|-100
32007|-225
32009|-32
32011|4
32013|-81
32015|18
32017|-17
32019|5
32021|37
32023|-285
32027|-7
32029|-3
32031|-887
32033|35
32510|-55
33000|-34722
34001|182
34003|1614
34005|1302
34007|9840
34009|282
34011|694
34013|25688
34015|653
34017|9468
34019|101
34021|2473
34023|1972
34025|1090
34027|838
34029|1499
34031|3985
34033|19
34035|539
34037|399
34039|4633
34041|188
35001|-37511
35003|29
35005|-7685
35006|681
35007|-959
35009|-5634
35011|52
35013|-22325
35015|-5232
35017|-3397
35019|88
35021|0
35023|147
35025|-4795
35027|-1340
35028|2
35029|-3329
35031|-15146
35033|-602
35035|-3326
35037|-1227
35039|-4005
35041|423
35043|-6429
35045|-7848
35047|-4446
35049|-5600
35051|-1375
35053|-3504
35055|-3115
35057|-2503
35059|-257
35061|-7590
36000|1349755
36062|8500
37001|69
37003|-1292
37005|-512
37007|127
37009|-1400
37011|237
37013|220
37015|-3319
37017|349
37019|-266
37021|718
37023|250
37025|-4712
37027|-616
37029|-376
37031|-178
37033|-29
37035|-5409
37037|-1483
37039|290
37041|-1763
37043|-32
37045|116
37047|-467
37049|446
37051|-24155
37053|-711
37055|89
37057|-7648
37059|-1148
37061|-3613
37063|-12648
37065|-7058
37067|-13605
37069|-3407
37071|1157
37073|-735
37075|85
37077|155
37079|-1912
37081|1105
37083|-10556
37085|385
37087|48
37089|-56
37091|-3348
37093|-2754
37095|47
37097|-3297
37099|248
37101|-7808
37103|-34
37105|-2744
37107|593
37109|-2371
37111|247
37113|197
37115|243
37117|-3037
37119|-3029
37121|45
37123|43
37125|-2809
37127|-6336
37129|-474
37131|-3707
37133|480
37135|-220
37137|195
37139|-3494
37141|182
37143|-1114
37145|20
37147|-11111
37149|84
37151|-1783
37153|-4834
37155|-1861
37157|-5435
37159|-6597
37161|-205
37163|-470
37165|-5050
37167|-2754
37169|-1847
37171|-3363
37173|166
37175|175
37177|17
37179|-4849
37181|44
37183|-19983
37185|-2276
37187|32
37189|-1368
37191|-7921
37193|-3245
37195|-5823
37197|-1302
37199|124
38000|-5
38001|-4
38003|-22
38005|-166
38009|-57
38011|-33
38013|1
38015|-496
38017|-988
38019|-42
38021|34
38023|20
38025|11
38027|25
38029|-15
38031|5
38033|-36
38035|-372
38037|27
38039|-50
38041|-25
38043|-20
38045|-21
38047|12
38049|-17
38051|-3
38053|159
38055|-49
38057|-29
38059|-12
38061|-23
38063|-33
38065|20
38067|-22
38069|-86
38071|-78
38073|-73
38075|-4
38077|-107
38079|-214
38081|-29
38083|-12
38085|75
38089|-31
38091|-2
38093|-293
38095|21
38097|-125
38099|-184
38101|-622
38103|-35
38105|42
39001|429
39003|161
39005|-68
39007|-38
39009|137
39011|-72
39013|243
39015|-344
39017|-11429
39019|92
39021|-1313
39023|-10524
39025|-4866
39027|-1254
39029|-305
39031|-183
39033|77
39035|-383
39037|-1064
39039|-44
39041|-1857
39043|24
39045|-3686
39047|-1326
39049|-61117
39051|-148
39053|424
39055|-53
39057|-5271
39059|-312
39061|177
39063|-16
39065|33
39067|121
39069|-83
39071|-404
39073|-92
39075|-87
39077|68
39079|-205
39081|378
39083|-196
39085|-128
39087|1322
39089|-5739
39091|-30
39093|-10649
39095|6478
39097|-1283
39099|3376
39101|-50
39103|-221
39105|167
39107|-841
39109|-324
39111|46
39113|-29205
39115|-200
39117|34
39119|230
39121|24
39123|63
39125|-61
39127|234
39129|-2667
39131|199
39133|-756
39135|-1080
39137|35
39139|-219
39141|-373
39143|-108
39145|515
39147|-72
39149|-1153
39151|1145
39153|-33332
39155|990
39157|-125
39159|-858
39161|-73
39163|-122
39165|-1791
39167|639
39169|-219
39171|-449
39173|159
39175|16
40001|-4598
40003|-218
40005|-1736
40007|-122
40009|-1512
40011|-963
40013|-3469
40015|-3612
40017|-3138
40019|-5199
40021|-4587
40023|-5497
40025|-121
40027|-8871
40029|-1376
40031|-10320
40033|-539
40035|-923
40037|-3961
40039|-1420
40041|-3136
40043|-173
40045|-218
40047|-4369
40049|-7764
40051|-3760
40053|-208
40055|-666
40057|-569
40059|-110
40061|-7328
40063|-5802
40065|-2919
40067|-1122
40069|-1848
40071|-4118
40073|-523
40075|-1055
40077|-4238
40079|-25829
40081|-2336
40083|-2132
40085|-640
40087|-1530
40089|-17595
40091|-5914
40093|25
40095|49
40097|99
40099|-3488
40101|-5622
40103|13
40105|-20
40107|-1583
40109|1068
40111|-3845
40113|509
40115|-252
40117|-71
40119|-165
40121|-12255
40123|-8309
40125|-523
40127|-398
40129|41
40131|-269
40133|-4451
40135|-11503
40137|-407
40139|45
40141|96
40143|3521
40145|-147
40147|330
40149|261
40151|57
40153|208
41000|115
42001|322
42003|12394
42005|687
42007|1521
42009|272
42011|-336
42013|757
42015|873
42017|1297
42019|1013
42021|445
42023|-2
42025|314
42027|779
42029|1349
42031|86
42033|279
42035|466
42037|467
42039|384
42041|542
42043|1849
42045|3563
42047|117
42049|2679
42051|2449
42053|-46
42055|714
42057|127
42059|838
42061|341
42063|1522
42065|414
42067|17
42069|1360
42071|339
42073|844
42075|694
42077|909
42079|2745
42081|990
42083|567
42085|616
42087|183
42089|525
42091|2198
42093|15
42095|1490
42097|677
42099|30
42101|42363
42103|283
42105|305
42107|463
42109|166
42111|654
42113|103
42115|360
42117|399
42119|217
42121|144
42123|375
42125|1670
42127|32
42129|3197
42131|216
42133|1138
44935|5802
45001|-1672
45003|-10366
45005|-2662
45007|-7572
45009|-2524
45011|-3288
45013|-5780
45015|-9598
45017|-1516
45019|-21084
45021|-4568
45023|-3294
45025|-5290
45027|-6304
45029|-5000
45031|-10615
45033|-6166
45035|-5986
45037|-2149
45039|-2719
45041|-15014
45043|-6770
45045|-17349
45047|-4322
45049|-2593
45051|-15718
45053|-2364
45055|-2810
45057|-4897
45059|-4862
45061|-3804
45063|-10658
45065|-938
45067|-7090
45069|-4101
45071|-3347
45073|-3036
45075|-13990
45077|-3609
45079|-19507
45081|-1746
45083|-11422
45085|-12066
45087|-2400
45089|-7528
45091|-8261
46003|-17
46005|-26
46007|144
46009|18
46011|33
46013|-63
46015|-4
46019|77
46021|29
46023|-21
46025|25
46027|25
46029|81
46031|53
46033|55
46035|135
46037|84
46039|17
46041|-62
46043|42
46045|22
46047|-29
46049|5
46051|68
46053|44
46055|39
46057|27
46059|28
46061|22
46063|-3
46065|-62
46067|19
46069|23
46071|-8
46073|11
46075|10
46077|16
46079|-26
46081|91
46083|-42
46085|-25
46087|-1
46089|9
46091|19
46093|32
46095|17
46097|-24
46099|-750
46101|-40
46103|241
46105|-8
46107|3
46109|46
46111|17
46113|-225
46115|68
46117|-9
46119|-4
46121|187
46123|67
46125|47
46127|84
46129|42
46135|-130
46137|24
47001|62
47003|-380
47005|70
47007|65
47009|-311
47011|-5911
47013|135
47015|-149
47017|93
47019|-176
47021|104
47023|-48
47025|-20
47027|46
47029|193
47031|211
47033|-40
47035|99
47037|4519
47039|-82
47041|202
47043|91
47045|-12
47047|184
47049|28
47051|126
47053|-14
47055|-374
47057|71
47059|-284
47061|165
47063|-47
47065|-23273
47067|-157
47069|348
47071|-2
47073|100
47075|311
47077|-11
47079|113
47081|-103
47083|18
47085|48
47087|-262
47089|-403
47091|157
47093|321
47095|-26
47097|462
47099|-219
47101|-88
47103|179
47105|-192
47107|-4033
47109|17
47111|-22
47113|-431
47115|109
47117|-11
47119|-338
47121|-1637
47123|-41
47125|299
47127|35
47129|25
47131|249
47133|132
47135|80
47137|49
47139|-1296
47141|-61
47143|108
47145|-176
47147|71
47149|-1023
47151|100
47153|-66
47155|-211
47157|232
47159|-246
47161|171
47163|408
47165|-1056
47167|-210
47169|9
47171|42
47173|-195
47175|-43
47177|-476
47179|-185
47181|25
47183|-282
47185|-310
47187|235
47189|305
48001|124
48003|203
48005|619
48007|555
48009|80
48011|8
48013|561
48015|229
48017|-91
48019|116
48021|146
48023|43
48025|551
48027|570
48029|25229
48031|-9
48033|2
48035|31
48037|776
48039|606
48041|-65
48043|80
48045|61
48047|371
48049|-55
48051|-56
48053|473
48055|370
48057|336
48059|-9
48061|6667
48063|-72
48065|23
48067|155
48069|59
48071|-60
48073|169
48075|16
48077|87
48079|26
48081|-34
48083|-19
48085|-241
48087|120
48089|103
48091|197
48093|69
48095|-13
48097|302
48099|76
48101|14
48103|-56
48105|89
48107|-28
48109|35
48111|70
48113|-1920
48115|-29
48117|214
48119|-120
48121|-301
48123|-21
48125|13
48127|610
48129|73
48131|438
48133|150
48135|608
48137|213
48139|-575
48141|15802
48143|172
48145|77
48147|117
48149|54
48151|82
48153|-109
48155|74
48157|-379
48159|37
48161|331
48163|319
48165|-42
48167|1268
48169|21
48171|15
48173|5
48175|160
48177|-73
48179|313
48181|701
48183|985
48185|303
48187|695
48189|301
48191|-61
48193|91
48195|-35
48197|23
48199|119
48201|-8394
48203|450
48205|-31
48207|57
48209|762
48211|22
48213|-120
48215|13256
48217|-95
48219|254
48221|-197
48223|-166
48225|239
48227|202
48229|-53
48231|-235
48233|-99
48235|-11
48237|57
48239|96
48241|323
48243|-40
48245|2243
48247|118
48249|193
48251|-1364
48253|217
48255|244
48257|499
48259|198
48261|-9
48263|2
48265|574
48267|7
48269|0
48271|150
48273|636
48275|2
48277|380
48279|43
48281|176
48283|107
48285|16
48287|168
48289|139
48291|-60
48293|249
48295|-31
48297|110
48299|-18
48301|0
48303|49
48305|111
48307|-82
48309|2276
48311|13
48313|172
48315|371
48317|-102
48319|-12
48321|15
48323|2232
48325|379
48327|-38
48329|486
48331|207
48333|4
48335|98
48337|-51
48339|-178
48341|83
48343|298
48345|27
48347|776
48349|352
48351|162
48353|390
48355|-568
48357|50
48359|37
48361|319
48363|117
48365|425
48367|-317
48369|7
48371|232
48373|172
48375|796
48377|-59
48379|-86
48381|397
48383|52
48385|67
48387|91
48389|79
48391|86
48393|1
48395|52
48397|-69
48399|-48
48401|326
48403|84
48405|232
48407|78
48409|180
48411|-16
48413|48
48415|108
48417|59
48419|284
48421|8
48423|1166
48425|-36
48427|2518
48429|-110
48431|-12
48433|93
48435|52
48437|-193
48439|-3734
48441|661
48443|24
48445|135
48447|48
48449|38
48451|84
48453|5727
48455|76
48457|225
48459|440
48461|-12
48463|433
48465|530
48467|303
48469|748
48471|-9
48473|167
48475|173
48477|159
48479|4519
48481|429
48483|7
48485|1231
48487|162
48489|655
48491|-299
48493|256
48495|79
48497|-409
48499|237
48501|26
48503|100
48505|72
48507|318
49003|5333
49007|2136
49011|5473
49035|2234
49037|3717
50000|-4
51001|-2084
51003|200
51007|76
51009|289
51011|-1
51013|1730
51017|7
51019|222
51021|-19
51023|130
51025|155
51027|268
51029|1
51031|265
51033|393
51035|93
"5103|125
51037|103
51041|686
51043|15
51045|11
51047|143
51049|140
51051|207
51053|322
51057|70
51059|2782
51061|381
51063|5
51065|95
51067|-563
51069|60
51071|47
51073|408
51075|152
51077|-107
51079|122
51081|336
51083|53
51085|62
51087|743
51089|-1532
51091|19
51093|47
51095|-20
51097|84
51099|169
51101|62
51103|22
51105|431
51107|197
51109|12
51111|111
51113|183
51115|136
51117|221
51119|83
51121|674
51125|-15
51127|-18
51131|429
51133|81
51135|193
51137|323
51139|201
51141|51
51143|374
51145|69
51147|154
51149|245
51153|922
51155|92
51157|21
51159|5
51161|46
51163|292
51165|-1830
51167|-16
51169|134
51171|108
51173|-57
51175|88
51177|249
51179|53
51181|33
51183|125
51185|307
51187|15
51191|190
51193|137
51195|390
51197|176
51199|67
51510|913
51520|-50
51540|438
51550|1329
51560|105
51580|319
51590|584
51620|265
51630|147
51640|-4
51650|1541
51660|2030
51670|179
51680|565
51683|198
51685|95
51690|1647
51700|2431
51710|4232
51720|48
51730|1105
51740|2477
51750|48
51760|4221
51770|1163
51790|-132
51800|987
51810|2286
51820|113
51830|44
51840|31
52001|2222
52005|895
53001|274
53003|275
53005|-405
53007|513
53009|396
53011|-846
53013|57
53015|-88
53017|-144
53019|61
53021|-298
53023|18
53025|-1065
53027|1415
53029|239
53031|297
53033|5606
53035|1489
53037|164
53039|204
53041|-145
53043|-49
53045|372
53047|-121
53049|257
53051|346
53053|4918
53055|102
53057|-31
53059|-135
53061|-128
53063|882
53065|392
53067|865
53069|0
53071|96
53073|222
53075|100
53077|-846
54000|29662
55001|-123
55003|-148
55005|-244
55007|-36
55009|-5
55011|48
55013|-106
55015|-26
55017|-95
55019|14
55021|-106
55023|70
55025|-2061
55027|-699
55029|20
55031|47
55033|108
55035|-208
55037|-41
55039|-180
55041|-28
55043|-118
55045|-171
55047|-11
55049|21
55051|-48
55053|-1
55055|-250
55057|-67
55059|-4392
55061|-37
55063|-148
55065|30
55067|-157
55069|-121
55071|-14
55073|-217
55075|-89
55077|-79
55078|-80
55079|-10583
55081|-122
55083|-21
55085|-92
55087|-91
55089|-57
55091|-5
55093|-81
55095|-66
55097|183
55099|-117
55101|-1286
55103|-173
55105|-2259
55107|10
55109|-25
55111|-177
55113|8
55115|-166
55117|-465
55119|-96
55121|91
55123|274
55125|-58
55127|-503
55129|-53
55131|-414
55133|-655
55135|-232
55137|-11
55139|-150
55141|-237
55143|-97
55145|-9
55147|71
55149|-5
55151|-190
56000|-2881
U.S.|800177
|0
b|0
