COUNTY|DELTA
01001|-412
01003|-1076
01005|-256
01007|-290
01009|-785
01011|-64
01013|16
01015|-1433
01017|-448
01019|-271
01021|-261
01023|-194
01025|-23
01027|-27
01029|-224
01031|-151
01033|-571
01035|-161
01037|20
01039|-447
01041|-34
01043|-1081
01045|-52
01047|-494
01049|-1148
01051|-659
01053|-409
01055|-364
01057|-238
01059|-700
01061|-156
01063|-131
01065|-240
01067|-211
01069|-896
01071|-651
01073|-9163
01075|-285
01077|-1420
01079|-430
01081|-1222
01083|-498
01085|38
01087|-92
01089|-1659
01091|-218
01093|-549
01095|-1159
01097|-5207
01099|-25
01101|-3240
01103|-1891
01105|14
01107|-2
01109|-442
01111|-720
01113|-1542
01115|-626
01117|-801
01119|69
01121|-1281
01123|-580
01125|-1028
01127|-709
01129|-217
01131|-188
01133|-351
02110|-51257
04001|-2705
04003|-2441
04005|-4207
04007|-1697
04009|-1034
04011|-263
04013|-103947
04015|-6488
04017|-4707
04019|-23271
04021|-6578
04023|-1371
04025|-3479
04027|-6316
04029|-427
05001|-109
05003|-779
05005|-872
05007|-2602
05009|-390
05011|-268
05013|-129
05015|-536
05017|-321
05019|-588
05021|-202
05023|-517
05025|-292
05027|-534
05029|-550
05031|-2391
05033|-1353
05035|-2048
05037|-168
05039|-268
05041|-332
05043|-481
05045|-1808
05047|-461
05049|-190
05051|-2379
05053|-221
05055|-537
05057|-695
05059|-586
05061|-81
05063|-639
05065|-372
05067|-539
05069|-1478
05071|-534
05073|-42
05075|-336
05077|-265
05079|-266
05081|-132
05083|-726
05085|-1416
05087|-414
05089|-464
05091|-972
05093|-830
05095|-33
05097|-200
05099|-306
05101|-191
05103|-350
05105|-321
05107|-641
05109|-161
05111|-714
05113|-750
05115|-1296
05117|-81
05119|-8396
05121|-448
05123|-455
05125|-1325
05127|-375
05129|-80
05131|-3154
05133|-742
05135|-596
05137|-281
05139|-1522
05141|-506
05143|-2049
05145|-1285
05147|-86
05149|-350
06001|-7036
06003|23
06005|-165
06007|392
06009|-82
06011|74
06013|-3686
06015|-215
06017|-52
06019|-5198
06021|-132
06023|-116
06025|-1156
06027|-175
06029|-15692
06031|-847
06033|575
06035|-59
06037|14410
06039|-2300
06041|-1311
06043|76
06045|-961
06047|-2820
06049|-46
06051|5
06053|-329
06055|-426
06057|-331
06059|-7111
06061|-576
06063|-48
06065|-3650
06067|5864
06069|-437
06071|-210
06073|1271
06075|-7064
06077|-4130
06079|-46
06081|-2018
06083|-1249
06085|-14341
06087|-2197
06089|1424
06091|-24
06093|-295
06095|-2395
06097|-2673
06099|-2282
06101|-475
06103|-286
06105|-31
06107|-4807
06109|-79
06111|-1454
06113|-642
06115|231
08003|-212
08007|-198
08009|-6
08011|-109
08013|-2678
08015|-198
08017|-16
08019|-70
08021|-51
08023|63
08025|-119
08027|-6
08029|-132
08031|-6784
08033|18
08035|-96
08037|-149
08039|-112
08041|-9919
08043|-345
08045|-193
08047|-20
08049|-119
08051|-75
08053|-9
08055|-157
08057|-10
08059|-5850
08061|-20
08063|-111
08065|-87
08067|-221
08069|-2997
08071|-217
08073|-132
08075|-425
08077|-2187
08079|-15
08081|-177
08083|-291
08085|-351
08087|-356
08089|-261
08091|-38
08093|-292
08095|-93
08097|-33
08099|-116
08101|-4187
08103|-2
08105|-254
08107|-125
08109|35
08111|34
08113|-3
08115|-25
08117|47
08119|-366
08121|-45
08123|-2423
08125|-124
08127|-8836
08129|-9578
08131|-239
09000|-26389
10001|-4950
10002|-7456
10003|-3302
11001|-12106
12001|-1502
12003|-703
12005|-209
12007|-359
12009|-3927
12011|-18443
12013|-100
12015|-1090
12017|-1109
12019|-1708
12021|-3075
12023|318
12025|-45867
12027|-641
12029|-92
12031|-16121
12033|-2029
12035|-634
12037|11
12039|197
12041|-66
12045|54
12047|-25
12049|-794
12051|-853
12053|-2390
12055|-321
12057|-18991
12059|-5
12061|-1121
12063|6
12065|-95
12067|14
12069|-2869
12071|-4257
12073|-2379
12075|-451
12077|124
12079|-31
12081|-3192
12083|-2705
12085|-462
12087|-514
12089|-878
12091|-539
12093|-826
12095|-19476
12097|-7192
12099|-11864
12101|-6047
12103|-12248
12105|-10432
12107|-662
12109|-1242
12111|-2178
12113|-1304
12115|-2969
12117|-3411
12119|-417
12121|-223
12123|-223
12125|-311
12127|-7541
12129|-265
12131|-507
12133|-196
13001|-555
13003|-352
13005|-192
13007|48
13009|-833
13011|-238
13013|-1341
13015|-3409
13017|-545
13019|-453
13021|-4863
13023|-282
13025|-575
13027|-233
13029|-347
13031|-1228
13033|-835
13035|-465
13037|-76
13039|-1045
13043|-328
13045|-3312
13047|-1103
13049|-386
13051|-4700
13053|-128
13055|-764
13057|-1587
13059|-1606
13061|-19
13063|-9908
13065|-96
13067|-12361
13069|-1315
13071|-1239
13073|-1041
13075|-305
13077|-2254
13079|-422
13081|-760
13083|-239
13085|-320
13087|-824
13089|-28439
13091|-749
13093|-358
13095|-4327
13097|-3215
13099|-336
13100|-110
13103|-819
13105|-357
13107|-284
13109|-301
13111|-191
13113|-811
13115|-2600
13117|-724
13119|-767
13121|-21119
13123|-531
13125|6
13127|-1971
13129|-1213
13131|-542
13133|-511
13135|-15357
13137|-461
13139|-3752
13141|-119
13143|-841
13145|-244
13147|-481
13149|-559
13151|-3667
13153|-3019
13155|-233
13157|-1462
13159|-354
13161|-282
13163|-617
13165|-158
13167|-194
13169|-503
13171|-354
13173|-237
13175|-1609
13177|-326
13179|-669
13181|-98
13183|-277
13185|-2371
13187|-557
13189|-541
13191|-292
13193|-191
13195|-413
13197|-218
13199|-604
13201|-79
13205|-128
13207|-471
13209|-215
13211|-466
13213|-1322
13215|-4877
13217|-2807
13219|-255
13221|-231
13223|-1854
13225|-669
13227|-589
13229|-508
13231|-336
13233|-739
13235|-214
13237|-443
13239|-52
13241|-247
13243|-111
13245|-4336
13247|-2911
13249|-60
13251|-379
13253|-93
13255|-3129
13257|-685
13259|-61
13261|-401
13263|-143
13265|-47
13267|-448
13269|-98
13271|-31
13273|-107
13275|-1200
13277|-998
13279|-846
13281|-115
13283|-239
13285|-1801
13287|-266
13289|-355
13291|-470
13293|-753
13295|-1479
13297|-2019
13299|-749
13301|-139
13303|-253
13305|-871
13307|-158
13309|-84
13311|-737
13313|-1518
13315|-276
13317|-262
13319|-269
13321|-233
14000|-873
15001|1540
15003|5369
15007|883
15009|-116
16000|-21189
17001|-1086
17003|-267
17005|-361
17007|-1009
17009|-38
17011|-607
17013|-56
17015|-273
17017|-146
17019|-1620
17021|-940
17023|-408
17025|-319
17027|-298
17029|-987
17031|459
17033|-177
17035|-215
17037|-1393
17039|-256
17041|-353
17043|-7912
17045|-250
17047|-12
17049|-479
17051|-323
17053|-140
17055|-663
17057|-901
17059|-134
17061|-299
17063|-417
17065|-123
17067|-230
17069|55
17071|-240
17073|-549
17075|-683
17077|-1405
17079|-120
17081|-800
17083|-125
17085|-203
17087|-225
17089|-7749
17091|-2085
17093|-790
17095|-1573
17097|-6312
17099|-1724
17101|-112
17103|-711
17105|-595
17107|-789
17109|-279
17111|-1774
17113|-2079
17115|-2372
17117|-507
17119|-5438
17121|-943
17123|-209
17125|-338
17127|-394
17129|-93
17131|-67
17133|12
17135|-253
17137|-794
17139|-89
17141|-899
17143|-4522
17145|-513
17147|-78
17149|-266
17151|-209
17153|-154
17155|5
17157|-747
17159|-154
17161|-3079
17163|-3877
17165|-573
17167|-3660
17169|-217
17171|-141
17173|-340
17175|-57
17177|-894
17179|-2128
17181|-297
17183|-2061
17185|-153
17187|-380
17189|18
17191|-382
17193|-264
17195|-1196
17197|-5227
17199|-1218
17201|-8280
17203|-520
18001|-1569
18003|-28992
18005|-947
18007|-199
18009|-1597
18011|-1821
18013|-151
18015|-271
18017|-3245
18019|-1218
18021|-604
18023|-574
18025|-194
18027|-509
18029|-537
18031|-492
18033|-2324
18035|-12199
18037|-342
18039|-14644
18041|-3029
18043|-1607
18045|-445
18047|-457
18049|-1743
18051|-91
18053|-8412
18055|-685
18057|-3310
18059|-2158
18061|-621
18063|-2381
18065|-4548
18067|-8720
18069|-2212
18071|-754
18073|-1653
18075|-1352
18077|-357
18079|-466
18081|-5682
18083|-495
18085|-3218
18087|-816
18089|-68898
18091|-10298
18093|-695
18095|-12964
18097|-105343
18099|-2713
18101|-172
18103|-3356
18105|-1447
18107|-702
18109|-5405
18111|-982
18113|-2109
18115|-54
18117|-502
18119|-269
18121|-240
18123|-269
18125|-185
18127|-7488
18129|-168
18131|-1011
18133|-688
18135|-2311
18137|-549
18139|-1179
18141|-25560
18143|-659
18145|-2696
18147|-115
18149|-2593
18151|-1816
18153|-236
18155|-211
18157|-2829
18159|-809
18161|-602
18163|-2908
18165|-216
18167|-1596
18169|-2111
18171|-87
18173|-387
18175|-412
18177|-7440
18179|-1224
18181|-193
18183|-1399
19001|-30
19003|14
19005|-228
19007|-176
19009|40
19011|-280
19013|-1412
19015|-349
19017|-49
19019|-310
19021|-155
19023|-265
19025|-76
19027|-190
19029|-289
19031|-35
19033|-332
19035|-65
19037|10
19039|-9
19041|-186
19043|-147
19045|-541
19047|-119
19049|-452
19051|-45
19053|-168
19055|-143
19057|-623
19059|-49
19061|-803
19063|-76
19065|-239
19067|-5
19069|4
19071|-13
19073|33
19075|-88
19077|-60
19079|-60
19081|-50
19083|-304
19085|-292
19087|-172
19089|-58
19091|-70
19093|-80
19095|-154
19097|-189
19099|-257
19101|-257
19103|-1311
19105|-174
19107|-60
19109|-246
19111|-448
19113|-6622
19115|-85
19117|-142
19119|-148
19121|-87
19123|-279
19125|-317
19127|-752
19129|-81
19131|-123
19133|-143
19135|-51
19137|-139
19139|-172
19141|-150
19143|-24
19145|58
19147|-32
19149|-227
19151|-109
19153|-4121
19155|-1566
19157|-143
19159|10
19161|21
19163|-1939
19165|-160
19167|-100
19169|-410
19171|-117
19173|79
19175|-231
19177|31
19179|-644
19181|-433
19183|-155
19185|-4
19187|-383
19189|-93
19191|-100
19193|-1859
19195|-70
19197|-141
20001|-101
20003|-164
20005|-269
20007|-14
20009|-293
20011|-122
20013|-387
20015|-754
20017|-48
20019|-93
20021|-113
20023|-239
20025|-911
20027|-27
20029|-2
20031|-57
20033|-1055
20035|-8
20037|-30
20039|25
20041|-557
20043|-251
20045|-8
20047|6
20049|-60
20051|-245
20053|-49
20055|-819
20057|-484
20059|-317
20061|-119
20063|-15
20065|11
20067|-12
20069|-52
20071|-231
20073|-68
20075|-50
20077|42
20079|-62
20081|-39
20083|-210
20085|-145
20087|-172
20089|-2205
20091|14
20093|-13
20095|-92
20097|-26
20099|-224
20101|-10
20103|10
20105|-6
20107|-42
20109|-567
20111|-443
20113|-46
20115|-85
20117|-412
20119|-165
20121|-13
20123|-220
20125|-50
20127|-60
20129|-19
20131|47
20133|-139
20135|-11
20137|-50
20139|-32
20141|-170
20143|-19
20145|-61
20147|-37
20149|-107
20151|-212
20153|-30
20155|-216
20157|-58
20159|-359
20161|-1430
20163|-65
20165|-46
20167|-108
20169|-760
20171|-19
20173|-9
20175|-53
20177|-10405
20179|-106
20181|-4
20183|-2135
20185|3
20187|-344
20189|-131
20191|-312
20193|-56
20195|-39
20197|-8
20199|2
20201|-8
20203|-85
20205|-86
20207|0
20209|-2556
21001|-247
21003|-594
21005|-320
21007|-100
21009|-1032
21011|-237
21013|-1368
21015|-1038
21017|-324
21019|-611
21021|-783
21023|-265
21025|-397
21027|-695
21029|-1257
21031|-334
21033|-328
21035|-604
21037|-1250
21039|-81
21041|-84
21043|-588
21045|-614
21047|-1555
21049|-1041
21051|-739
21053|-259
21055|-138
21057|-153
21059|-1562
21061|-193
21063|-142
21065|-254
21067|-4536
21069|-586
21071|-1284
21073|-1037
21075|-271
21077|-166
21079|-419
21081|-669
21083|-889
21085|-837
21087|-263
21089|-504
21091|-94
21093|-1718
21095|-931
21097|-346
21099|-408
21101|-787
21103|-321
21105|-70
21107|-1144
21109|-326
21111|-17265
21113|-1129
21115|-562
21117|-2883
21119|-256
21121|-979
21123|-228
21125|-1483
21127|-547
21129|-144
21131|-586
21133|-790
21135|-267
21137|-609
21139|-201
21141|-530
21143|-94
21145|-1028
21147|-618
21149|-245
21151|-1906
21153|-545
21155|-447
21157|-656
21159|-364
21161|-287
21163|-696
21165|-363
21167|-511
21169|-177
21171|-295
21173|-539
21175|-484
21177|-878
21179|-978
21181|-138
21183|-706
21185|-324
21187|-193
21189|-98
21191|-200
21193|-1010
21195|-634
21197|-299
21199|-1844
21201|-35
21203|-477
21205|-498
21207|-442
21209|-904
21211|-619
21213|-517
21215|-206
21217|-610
21219|-217
21221|-185
21223|-278
21225|-225
21227|-1784
21229|-291
21231|-689
21233|-162
21235|-1400
21237|-247
21239|-636
22001|-2026
22003|-1088
22005|-2363
22007|-439
22009|-1803
22011|-1128
22013|-559
22015|-2603
22017|-8328
22019|-5710
22021|-550
22023|-328
22025|-374
22027|-314
22029|-548
22031|-454
22033|-12263
22035|-45
22037|-399
22039|-1207
22041|-420
22043|-839
22045|-2911
22047|-893
22049|-388
22051|-8641
22053|-920
22055|-5140
22057|-2536
22059|-496
22061|-1516
22063|-3435
22065|-529
22067|-1306
22069|-1252
22071|-8103
22073|-5017
22075|-818
22077|-343
22079|-3894
22081|-181
22083|-453
22085|-592
22087|-1289
22089|-816
22091|-114
22093|-362
22095|-1435
22097|-2900
22099|-1549
22101|-1484
22103|-4357
22105|-3284
22107|-76
22109|-2824
22111|-684
22113|-2150
22115|-616
22117|-1615
22119|-1116
22121|-585
22123|-442
22125|-135
22127|-421
23000|-31518
24001|-1155
24003|-3401
24005|-7542
24009|-382
24011|-563
24013|-764
24015|-1669
24017|-1089
24019|-922
24021|-1506
24023|-284
24025|-1641
24027|-1329
24029|-370
24031|-5528
24033|-7064
24035|-159
24037|-881
24039|-551
24041|-175
24043|-2418
24045|-1514
24047|-489
24510|-1918
25000|-330059
26001|-122
26003|-91
26005|-2309
26007|-626
26009|-363
26011|-317
26013|-182
26015|-943
26017|-2271
26019|-369
26021|-1592
26023|-710
26025|-2873
26027|-425
26029|1160
26031|-661
26033|-465
26035|-1005
26037|-738
26039|-320
26041|-770
26043|-381
26045|-1701
26047|-2087
26049|-7804
26051|-629
26053|-172
26055|-2391
26057|-744
26059|-998
26061|-279
26063|-571
26065|0
26067|-1304
26069|-826
26071|-124
26073|-991
26075|-2544
26077|-3269
26079|-514
26081|-9933
26083|-16
26085|-370
26087|-1324
26089|697
26091|-1220
26093|-1068
26095|-130
26097|-68
26099|-12449
26101|-361
26103|-911
26105|-688
26107|-573
26109|-260
26111|-1664
26113|-902
26115|-1924
26117|-1217
26119|-123
26121|-3791
26123|-929
26125|-7504
26127|-860
26129|-439
26131|-45
26133|-746
26135|-185
26137|-555
26139|-3435
26141|-166
26143|-687
26145|-3114
26147|-2735
26149|-879
26151|-1205
26153|-58
26155|-1491
26157|-1065
26159|-1481
26161|-3538
26163|-37295
27001|1
27003|-2
27005|-1
27007|5174
27009|0
27011|-18
27013|1983
27015|0
27017|-1
27019|0
27021|0
27023|368
27025|1106
27027|3128
27029|-93
27031|0
27033|-102
27035|-373
27037|-1
27039|-85
27041|3
27043|0
27045|594
27047|1
27049|-254
27051|-35
27053|-587
27055|-69
27057|-186
27059|-1
27061|1947
27063|-128
27065|-158
27067|-353
27069|-6
27071|-146
27073|212
27075|337
27077|7
27079|0
27081|9
27083|63
27085|850
27087|-150
27089|-63
27091|-233
27093|-116
27095|1093
27097|-149
27099|1752
27101|-82
27103|-209
27105|-153
27107|-115
27109|0
27111|1
27113|-164
27115|1307
27117|-39
27119|-262
27121|-99
27123|-9
27125|-94
27127|541
27129|649
27131|0
27133|-92
27135|-29
27137|-3
27139|-4
27141|1142
27143|-1
27145|3903
27147|1282
27149|24
27151|-93
27153|-340
27155|-46
27157|382
27159|1
27161|-151
27163|3456
27165|-57
27167|-42
27169|-272
27171|-1
27173|-43
27175|2
28001|-930
28003|-1012
28005|-401
28007|-410
28009|-373
28011|-1340
28013|-248
28015|-53
28017|-438
28019|-207
28021|-289
28023|-606
28025|-773
28027|-1326
28029|-806
28031|-437
28033|-2085
28035|-2444
28037|-208
28039|-723
28041|-225
28043|-299
28045|-1156
28047|-4303
28049|-5534
28051|-680
28053|-441
28055|11
28057|-379
28059|-2214
28061|-450
28063|-286
28065|-378
28067|-1498
28069|-249
28071|-523
28073|-1077
28075|-1743
28077|-243
28079|-268
28081|-1703
28083|-1071
28085|-721
28087|-1424
28089|-359
28091|-415
28093|-1385
28095|-404
28097|-317
28099|-473
28101|-514
28103|-622
28105|-976
28107|-912
28109|-1252
28111|-254
28113|-1243
28115|-529
28117|-587
28119|-369
28121|-1515
28123|-453
28125|-207
28127|-654
28129|-279
28131|-376
28133|-1051
28135|-584
28137|-814
28139|-489
28141|-418
28143|-643
28145|-184
28147|-290
28149|-1302
28151|-1823
28153|-639
28155|-469
28157|-458
28159|-286
28161|-484
28163|-908
29000|132
29001|-630
29003|-301
29005|-213
29007|-939
29009|-1152
29011|-486
29013|-475
29015|-484
29017|-318
29019|-2645
29021|-2653
29023|-1629
29025|-277
29027|-1003
29029|-666
29031|-1889
29033|-230
29035|-261
29037|-2100
29039|-421
29041|-175
29043|-1432
29045|-238
29047|-3548
29049|-281
29051|-1011
29053|-316
29055|-876
29057|-248
29059|-483
29061|-341
29063|-339
29065|-332
29067|-410
29069|-923
29071|-1669
29073|-303
29075|-119
29077|-5503
29079|-345
29081|-101
29083|-548
29085|-71
29087|-107
29089|-283
29091|-1630
29093|-382
29095|-21947
29097|-3626
29099|-4512
29101|-542
29103|-104
29105|-971
29107|-905
29109|-932
29111|-124
29113|-1212
29115|-351
29117|-574
29119|-882
29121|-198
29123|-264
29125|-165
29127|-608
29129|-136
29131|-602
29133|-369
29135|-345
29137|-156
29139|-318
29141|-559
29143|-923
29145|-1200
29147|-221
29149|-414
29151|-272
29153|-309
29155|-827
29157|-538
29159|-872
29161|-742
29163|-315
29165|-898
29167|-1085
29169|-518
29171|-30
29173|-129
29175|-872
29177|-678
29179|-111
29181|-432
29183|-3604
29185|-283
29187|-1045
29189|-17960
29193|-373
29195|-661
29197|-113
29199|-41
29201|-1172
29203|-180
29205|-126
29207|-789
29209|-886
29211|-222
29213|-1549
29215|-685
29217|-776
29219|-680
29221|-681
29223|-335
29225|-956
29227|0
29229|-632
29510|-12020
30001|547
30003|2282
30005|983
30007|265
30009|343
30011|27
30013|5639
30015|172
30017|824
30019|50
30021|342
30023|914
30025|66
30027|484
30029|4766
30031|1751
30033|25
30035|3475
30037|32
30039|153
30041|2036
30043|442
30045|76
30047|2904
30049|3566
30051|45
30053|2124
30055|29
30057|201
30059|111
30061|539
30063|6694
30065|348
30067|857
30069|7
30071|280
30073|641
30075|24
30077|384
30079|27
30081|2180
30083|418
30085|2517
30087|1041
30089|774
30091|145
30093|3303
30095|239
30097|103
30099|218
30101|229
30103|11
30105|736
30107|176
30109|44
30111|7847
31000|86534
32001|-1495
32003|-17147
32005|-755
32007|-1003
32009|5
32011|-6
32013|-138
32015|-109
32017|-43
32019|-1641
32021|-311
32023|-774
32027|-198
32029|-22
32031|-4140
32033|-138
32510|-2818
33000|-6518
34001|-3068
34003|-2069
34005|-1874
34007|-3876
34009|32
34011|-1323
34013|-1834
34015|-1707
34017|-4921
34019|-71
34021|-1407
34023|-2927
34025|-666
34027|-962
34029|-1897
34031|-5482
34033|-982
34035|-644
34037|-465
34039|-1119
34041|-605
35001|-16242
35003|-44
35005|-1833
35006|-1018
35007|-262
35009|-1267
35011|-43
35013|-7181
35015|-1527
35017|-1020
35019|-143
35021|-10
35023|-108
35025|-1781
35027|-402
35028|-61
35029|-1146
35031|-3097
35033|-114
35035|-812
35037|-225
35039|-1699
35041|-497
35043|-2311
35045|-2763
35047|-649
35049|-2119
35051|-398
35053|-63
35055|-605
35057|-1527
35059|-46
35061|-2745
36000|-1560260
37001|-2619
37003|-576
37005|-205
37007|-849
37009|-423
37011|-133
37013|-426
37015|-205
37017|-539
37019|-1141
37021|-3133
37023|-1758
37025|-3844
37027|-1399
37029|-69
37031|-699
37033|-764
37035|-4054
37037|-712
37039|-505
37041|-77
37043|-242
37045|-2282
37047|-1191
37049|-825
37051|-5865
37053|-126
37055|-115
37057|-2612
37059|-129
37061|-677
37063|-4951
37065|-2171
37067|-5881
37069|-455
37071|-3496
37073|-182
37075|-47
37077|-989
37079|-262
37081|-9352
37083|-1179
37085|-1607
37087|-856
37089|-467
37091|-376
37093|-1062
37095|-59
37097|-3212
37099|-353
37101|-2409
37103|-222
37105|-748
37107|-899
37109|-1065
37111|-668
37113|-493
37115|-215
37117|-318
37119|-19957
37121|-372
37123|-620
37125|-1387
37127|-1633
37129|-2965
37131|-279
37133|-2045
37135|-1260
37137|-115
37139|-178
37141|-792
37143|-72
37145|-957
37147|-2396
37149|-162
37151|-2983
37153|-781
37155|-4292
37157|-1591
37159|-2255
37161|-1283
37163|-1364
37165|-1173
37167|-935
37169|-917
37171|-1566
37173|-314
37175|-598
37177|4
37179|-2344
37181|-1791
37183|-10804
37185|-588
37187|-51
37189|-108
37191|-2113
37193|-955
37195|-1379
37197|-624
37199|-445
38000|53
38001|-33
38003|-70
38005|-173
38009|-56
38011|-9
38013|-9
38015|-447
38017|-532
38019|-10
38021|-9
38023|-7
38025|-13
38027|-35
38029|-24
38031|5
38033|-10
38035|-178
38037|-61
38039|-14
38041|-2
38043|-22
38045|-37
38047|10
38049|-24
38051|-47
38053|-74
38055|-37
38057|-67
38059|-82
38061|-42
38063|-38
38065|13
38067|-94
38069|-58
38071|-113
38073|-86
38075|-24
38077|-141
38079|-385
38081|-10
38083|5
38085|-253
38089|-162
38091|-19
38093|-171
38095|9
38097|-31
38099|-79
38101|-222
38103|-60
38105|-16
39001|-815
39003|-1845
39005|-901
39007|-2693
39009|-914
39011|-282
39013|-616
39015|-1013
39017|-6580
39019|-390
39021|-614
39023|-3267
39025|-2541
39027|-786
39029|-2504
39031|-781
39033|-991
39035|104312
39037|-478
39039|-568
39041|-1124
39043|-1766
39045|-2396
39047|-397
39049|-28050
39051|-496
39053|-560
39055|-376
39057|-1350
39059|-1725
39061|-9095
39063|-1099
39065|-366
39067|-441
39069|-218
39071|-1226
39073|-691
39075|-288
39077|-1034
39079|-755
39081|-1396
39083|-1008
39085|-2791
39087|-1088
39089|-2908
39091|-582
39093|-6380
39095|-13184
39097|-586
39099|-5632
39101|-1388
39103|-1239
39105|-323
39107|-110
39109|-1090
39111|-163
39113|-11373
39115|-231
39117|-579
39119|-2328
39121|-227
39123|-651
39125|-289
39127|-856
39129|-1118
39131|-620
39133|-1965
39135|-589
39137|-306
39139|-2646
39141|-1977
39143|-910
39145|-1295
39147|-817
39149|-650
39151|-5826
39153|-8120
39155|-3275
39157|-1487
39159|-827
39161|-315
39163|-346
39165|-1380
39167|-1112
39169|-1465
39171|-436
39173|-1147
39175|-145
40001|-963
40003|-79
40005|-500
40007|-164
40009|-300
40011|-360
40013|-925
40015|-1277
40017|-2602
40019|-1787
40021|-1128
40023|-568
40025|-64
40027|-4025
40029|-260
40031|-2732
40033|-87
40035|-911
40037|-3130
40039|-967
40041|-1418
40043|-79
40045|-77
40047|-1773
40049|-693
40051|-1461
40053|-97
40055|-213
40057|-106
40059|-84
40061|-401
40063|-265
40065|-543
40067|-311
40069|-281
40071|-2213
40073|-420
40075|-342
40077|-114
40079|-2054
40081|-843
40083|-1437
40085|-406
40087|-650
40089|-1431
40091|-753
40093|-93
40095|-314
40097|-1719
40099|-280
40101|-2743
40103|-453
40105|-494
40107|-302
40109|-22813
40111|-1608
40113|-1376
40115|-1425
40117|-779
40119|-1575
40121|-782
40123|-958
40125|-2316
40127|-166
40129|-33
40131|-2165
40133|-1586
40135|-1803
40137|-1118
40139|-427
40141|-341
40143|-21453
40145|-1530
40147|-1299
40149|-322
40151|-181
40153|-511
41000|149
42001|-1049
42003|-14953
42005|-1512
42007|-3633
42009|-871
42011|-8107
42013|-2627
42015|-1073
42017|-3047
42019|-1895
42021|-1572
42023|-122
42025|-692
42027|-1466
42029|-1916
42031|-491
42033|-2384
42035|-767
42037|-945
42039|-2244
42041|-1330
42043|-4924
42045|-7180
42047|-455
42049|-7753
42051|-3952
42053|-121
42055|-1069
42057|-210
42059|-1053
42061|-890
42063|-1041
42065|-926
42067|-293
42069|-2000
42071|-7931
42073|-2299
42075|-2063
42077|-6523
42079|-5672
42081|-2194
42083|-1109
42085|-2448
42087|-1134
42089|-3116
42091|-4085
42093|-280
42095|-3235
42097|-708
42099|-695
42101|-32325
42103|-527
42105|-288
42107|-2364
42109|-423
42111|-1059
42113|-80
42115|-713
42117|-584
42119|-465
42121|-1270
42123|-870
42125|-2804
42127|-794
42129|-4933
42131|-513
42133|-4812
44935|-4639
45001|-816
45003|-4183
45005|-357
45007|-6506
45009|-553
45011|-793
45013|-2096
45015|-3735
45017|-322
45019|-6982
45021|-2221
45023|-1718
45025|-1954
45027|-660
45029|-1568
45031|-2101
45033|-663
45035|-2288
45037|-480
45039|-653
45041|-4753
45043|-1188
45045|-10604
45047|-2390
45049|-853
45051|-6849
45053|-852
45055|-1622
45057|-2609
45059|-2202
45061|-779
45063|-4634
45065|-353
45067|-727
45069|-1502
45071|-1211
45073|-1834
45075|-4075
45077|-2310
45079|-8767
45081|-631
45083|-7619
45085|-3810
45087|-1161
45089|-1500
45091|-5328
46000|71
46003|0
46005|-187
46007|-155
46009|-59
46011|-131
46013|-175
46015|-89
46019|-40
46021|-11
46023|-21
46025|-40
46027|-86
46029|-237
46031|-80
46033|35
46035|-235
46037|-4
46039|-21
46041|-110
46043|-7
46045|8
46047|12
46049|18
46051|-104
46053|16
46055|-10
46057|-15
46059|-32
46061|-19
46063|-4
46065|-216
46067|-50
46069|-12
46071|-80
46073|-24
46075|5
46077|7
46079|-23
46081|-287
46083|-193
46085|-19
46087|-65
46089|-28
46091|-7
46093|-198
46095|-81
46097|-6
46099|-1948
46101|-76
46103|-1127
46105|19
46107|4
46109|-13
46111|-25
46113|-339
46115|-15
46117|-8
46119|-2
46121|-93
46123|-46
46125|-56
46127|-87
46129|-18
46135|-333
46137|-25
47001|-1811
47003|-2194
47005|-1065
47007|-481
47009|-3009
47011|-3026
47013|-1868
47015|-444
47017|-1104
47019|-2120
47021|-893
47023|-710
47025|-1086
47027|-283
47029|-1859
47031|-1749
47033|-750
47035|-1737
47037|-21698
47039|-345
47041|-771
47043|-1798
47045|-2002
47047|-804
47049|-912
47051|-929
47053|-1828
47055|-1178
47057|-872
47059|-962
47061|-618
47063|-2306
47065|-8585
47067|-273
47069|-687
47071|-1563
47073|-1777
47075|-815
47077|-1020
47079|-1322
47081|-1093
47083|-353
47085|-430
47087|-539
47089|-2223
47091|-692
47093|-9958
47095|-374
47097|-1949
47099|-1412
47101|-617
47103|-1126
47105|-1040
47107|-1595
47109|-1471
47111|-837
47113|-2973
47115|-1299
47117|-869
47119|-2120
47121|-398
47123|-1335
47125|-3923
47127|-134
47129|-768
47131|-1316
47133|-639
47135|-176
47137|-322
47139|-803
47141|-2911
47143|-1082
47145|-1299
47147|-1745
47149|-5700
47151|-1072
47153|-587
47155|-2477
47157|-33622
47159|-386
47161|-254
47163|-4131
47165|-3850
47167|-2045
47169|-300
47171|-583
47173|-897
47175|-268
47177|-1478
47179|-3277
47181|-269
47183|-1133
47185|-952
47187|-1384
47189|-2323
48001|-1734
48003|-440
48005|-3416
48007|-538
48009|-107
48011|-3
48013|-1802
48015|-721
48017|-5213
48019|-490
48021|-1662
48023|-135
48025|-848
48027|-6507
48029|-48083
48031|128
48035|-326
48037|-2285
48039|-6674
48041|-3760
48043|-136
48045|-82
48047|-414
48049|-1018
48051|-376
48053|-919
48055|-1077
48057|-509
48059|-353
48061|-20138
48063|-356
48065|-78
48067|-993
48069|-149
48071|-789
48073|-1641
48075|-51
48077|-353
48079|-244
48081|-222
48083|-364
48085|-8850
48087|-54
48089|-362
48091|-2210
48093|-357
48095|-56
48097|-1089
48099|-1220
48101|-93
48103|66
48105|-52810
48107|72
48109|-361
48111|-217
48113|-80167
48115|-57
48117|-591
48119|42
48121|-8447
48123|-793
48125|65
48127|-301
48129|-144
48131|-294
48133|-661
48135|-7410
48137|9
48139|-3826
48141|-29027
48143|-832
48145|-212
48147|-765
48149|-705
48151|139
48153|-303
48155|-94
48157|-7913
48159|-260
48161|-516
48163|-633
48165|-483
48167|-8227
48169|-335
48171|-402
48175|-163
48177|-315
48179|-552
48181|-4645
48183|-3955
48185|-851
48187|-2673
48189|-1245
48191|-143
48193|-91
48195|-89
48197|-129
48199|-2019
48201|-112408
48203|-1359
48205|-47
48207|-191
48209|2853
48211|10
48213|-2331
48215|-36302
48217|-800
48219|-799
48221|-1584
48223|-604
48225|-608
48227|-864
48229|-151
48231|-2966
48233|-504
48235|-23
48237|213
48239|-274
48241|-1167
48243|69
48245|-7984
48247|-163
48249|-812
48251|-5031
48253|-410
48255|-581
48257|-3245
48259|-295
48261|-12
48263|-11
48265|-1335
48267|-149
48271|254
48273|-487
48275|-105
48277|-1665
48279|-367
48281|-398
48283|-236
48285|-231
48287|-352
48289|-171
48291|-2916
48293|-422
48295|-28
48297|-90
48299|-385
48303|-5641
48305|-324
48307|-284
48309|-6373
48311|-31
48313|-258
48315|-382
48317|-215
48319|-83
48321|-1854
48323|-3350
48325|-1687
48327|15
48329|-4488
48331|-812
48333|-73
48335|7
48337|-170
48339|-7868
48341|-560
48343|-259
48345|-4
48347|-1770
48349|-1711
48351|-738
48353|-392
48355|-7468
48357|-203
48359|-5
48361|-3090
48363|-1049
48365|-473
48367|-2529
48369|-92
48371|-411
48373|-1722
48375|-5850
48377|-797
48379|-172
48381|-218
48383|-127
48385|-92
48387|-328
48389|-686
48391|273
48393|5
48395|-403
48397|-1111
48399|-393
48401|-1207
48403|-310
48405|-300
48407|-1208
48409|-1714
48411|-199
48413|54
48415|-328
48417|-1
48419|-860
48421|-22
48423|-6526
48425|-83
48427|-2514
48429|-445
48431|13
48433|7
48435|-111
48437|-386
48439|-43525
48441|-3525
48443|18
48445|-415
48447|34
48449|-912
48451|-3496
48453|30055
48455|-511
48457|-567
48459|-1309
48461|-60
48463|-1114
48465|-2022
48467|-1016
48469|-2416
48471|-1313
48473|-2217
48475|-104
48477|-786
48479|-10142
48481|-1502
48483|96
48485|-3655
48487|-531
48489|-497
48491|-5866
48493|-1137
48495|-191
48497|-1454
48499|-787
48501|98
48503|-976
48505|-653
48507|-174
49003|217
49007|45
49011|193
49035|37
49037|24
50000|-219
51001|-665
51003|-628
51007|-213
51009|-576
51011|-340
51013|-3219
51017|-59
51019|-779
51021|-100
51023|-232
51025|-549
51027|-492
51029|-133
51031|-1018
51033|-727
51035|-793
"5103|-123
51037|-119
51041|-4417
51043|-59
51045|-91
51047|-322
51049|-247
51051|-227
51053|-675
51057|-301
51059|-16827
51061|-369
51063|-253
51065|-218
51067|-815
51069|-579
51071|-311
51073|-306
51075|-194
51077|-407
51079|-347
51081|-342
51083|-762
51085|-814
51087|-4303
51089|-2388
51091|-30
51093|-312
51095|-287
51097|-162
51099|-192
51101|-157
51103|-172
51105|-468
51107|-1255
51109|-424
51111|-253
51113|-88
51115|-126
51117|-962
51119|-171
51121|-1138
51125|-55
51127|-165
51131|-374
51133|-311
51135|-336
51137|-213
51139|-616
51141|-547
51143|-1179
51145|-115
51147|-489
51149|-373
51153|-2231
51155|-777
51157|3
51159|-111
51161|-1161
51163|-358
51165|1401
51167|-302
51169|-399
51171|-497
51173|-648
51175|-296
51177|-1185
51179|-1107
51181|-132
51183|-164
51185|-735
51187|-2109
51191|-1113
51193|-371
51195|-1077
51197|-311
51199|-346
51510|-929
51520|-599
51540|-869
51550|-1920
51560|0
51580|-431
51590|-1462
51620|-293
51630|-549
51640|-199
51650|-2526
51660|-2458
51670|-939
51680|-1623
51683|-393
51685|-112
51690|0
51700|-3365
51710|-2657
51720|-30
51730|-1355
51740|-2114
51750|-125
51760|-5885
51770|-2666
51790|-1655
51800|-1353
51810|-3486
51820|-350
51830|-17
51840|-397
52001|-716
52005|160
53001|1743
53003|2242
53005|8558
53007|4720
53009|4303
53011|24314
53013|102
53015|9440
53017|1450
53019|1186
53021|5745
53023|79
53025|6517
53027|6524
53029|1923
53031|1323
53033|65128
53035|9568
53037|1580
53039|1908
53041|6229
53043|675
53045|3782
53047|3999
53049|1915
53051|1391
53053|41284
53055|284
53057|7367
53059|717
53061|23406
53063|33101
53065|3796
53067|23173
53069|0
53071|4037
53073|10405
53075|1579
53077|27942
54000|-20415
55001|-224
55003|-277
55005|-573
55007|-19
55009|-3347
55011|-92
55013|-195
55015|-126
55017|-895
55019|-129
55021|-464
55023|-176
55025|-3908
55027|-754
55029|-260
55031|-763
55033|-371
55035|-985
55037|-81
55039|-939
55041|-87
55043|-432
55045|-307
55047|-70
55049|-206
55051|-50
55053|-190
55055|-650
55057|-363
55059|-3161
55061|-142
55063|-863
55065|-245
55067|-380
55069|-268
55071|-847
55073|-968
55075|-411
55077|-212
55078|8
55079|-20593
55081|-356
55083|-337
55085|-440
55087|-1214
55089|-440
55091|-72
55093|-224
55095|-155
55097|-588
55099|-175
55101|-2626
55103|-161
55105|-2355
55107|-77
55109|-431
55111|-411
55113|-263
55115|-256
55117|-999
55119|-135
55121|-208
55123|-294
55125|-102
55127|-1186
55129|-384
55131|-1043
55133|-1632
55135|-585
55137|-260
55139|-1878
55141|-762
55143|-332
55145|-16
55147|-9
55149|-72
55151|20
55153|-33
56000|23618
U.S.|-4544602
|0
b|0
