COUNTY|DELTA
01001|-92
01003|-1077
01005|-109
01007|49
01009|-318
01011|37
01013|84
01015|-1424
01017|-430
01019|-301
01021|-515
01023|58
01025|202
01027|-78
01029|-51
01031|63
01033|-75
01035|-297
01037|-37
01039|-145
01041|61
01043|-1078
01045|-207
01047|-282
01049|-629
01051|-181
01053|-1033
01055|-230
01057|76
01059|-199
01061|-174
01063|100
01065|21
01067|-175
01069|-216
01071|-230
01073|-2594
01075|-67
01077|2
01079|190
01081|-696
01083|-559
01085|298
01087|348
01089|-1650
01091|178
01093|-92
01095|324
01097|869
01099|-464
01101|1070
01103|-274
01105|303
01107|278
01109|15
01111|-305
01113|-1329
01115|-286
01117|-438
01119|-50
01121|-344
01123|-55
01125|1312
01127|-403
01129|20
01131|219
01133|96
02110|-56194
02923|55911
04001|1185
04003|15504
04005|680
04007|202
04009|676
04011|306
04013|8173
04015|-496
04017|1067
04019|-1610
04021|-1331
04023|240
04025|1145
04027|-1159
04029|-320
05001|-138
05003|-25
05005|31
05007|-925
05009|-261
05011|-102
05013|-5
05015|-179
05017|374
05019|-290
05021|65
05023|-168
05025|-223
05027|157
05029|52
05031|-1105
05033|-540
05035|1027
05037|567
05039|41
05041|-93
05043|24
05045|-214
05047|-187
05049|135
05051|0
05053|-138
05055|-126
05057|-194
05059|-78
05061|-30
05063|303
05065|297
05067|254
05069|-545
05071|178
05073|-10
05075|77
05077|191
05079|-142
05081|-149
05083|-64
05085|-362
05087|13
05089|293
05091|476
05093|1206
05095|-50
05097|14
05099|5
05101|151
05103|-338
05105|-65
05107|212
05109|-213
05111|213
05113|-101
05115|144
05117|8
05119|-2696
05121|138
05123|-265
05125|-1044
05127|-418
05129|-47
05131|-560
05133|-290
05135|415
05137|-64
05139|-11
05141|-101
05143|-1373
05145|-835
05147|145
05149|-132
06001|-16052
06003|-31
06005|-49
06007|-1486
06009|-143
06011|-109
06013|-3164
06015|-114
06017|-218
06019|-9353
06021|31
06023|415
06025|-692
06027|37
06029|-867
06031|-177
06033|850
06035|-33
06037|37526
06039|-44
06041|-319
06043|-35
06045|671
06047|-2006
06049|21
06051|38
06053|779
06055|-118
06057|-179
06059|127
06061|-1375
06063|-10
06065|-8375
06067|-6346
06069|-130
06071|-329
06073|-5760
06075|1199
06077|-6664
06079|-1176
06081|-2
06083|-224
06085|-3505
06087|-1107
06089|144
06091|6
06093|283
06095|-4202
06097|-752
06099|-3919
06101|-778
06103|4
06105|-114
06107|-2696
06109|-262
06111|-3194
06113|-249
06115|-144
08003|-133
08007|-26
08009|-20
08011|-106
08013|838
08015|17
08017|24
08019|-6
08021|-453
08023|-98
08025|-63
08027|1
08029|-363
08031|3053
08033|14
08035|-771
08037|-48
08039|-51
08041|-2597
08043|-454
08045|497
08047|-20
08049|42
08051|28
08053|4
08055|64
08057|-2
08059|840
08061|-17
08063|-29
08065|109
08067|59
08069|-1453
08071|19
08073|-2
08075|-121
08077|596
08079|21
08081|32
08083|8
08085|-325
08087|-141
08089|-544
08091|-16
08093|27
08095|-85
08097|5
08099|-143
08101|-1190
08103|14
08105|-69
08107|-2
08109|-235
08111|15
08113|1
08115|0
08117|-82
08119|-113
08121|-57
08123|-2064
08125|-19
08127|-251
08129|1826
08131|-252
09000|-8759
10001|-1319
10002|-3335
10003|-1126
11001|1897
12001|-763
12003|612
12005|900
12007|-809
12009|1163
12011|4050
12013|1051
12015|122
12017|583
12019|-466
12021|1819
12023|13
12025|30729
12027|818
12029|107
12031|-7328
12033|-1646
12035|-1051
12037|-92
12039|394
12041|351
12045|66
12047|427
12049|3451
12051|186
12053|621
12055|2474
12057|15126
12059|-584
12061|580
12063|413
12065|131
12067|295
12069|51
12071|157
12073|954
12075|188
12077|-422
12079|-32
12081|3067
12083|1383
12085|627
12087|935
12089|-277
12091|451
12093|477
12095|28807
12097|-3911
12099|3652
12101|1239
12103|5308
12105|7542
12107|-590
12109|968
12111|-1568
12113|3504
12115|1076
12117|-6467
12119|408
12121|-855
12123|251
12125|1440
12127|4169
12129|301
12131|1860
12133|965
13001|-43
13003|119
13005|57
13007|-66
13009|-432
13011|-149
13013|-521
13015|-638
13017|-207
13019|-169
13021|-1045
13023|6
13025|92
13027|-50
13029|-228
13031|78
13033|-81
13035|-154
13037|66
13039|-103
13043|-170
13045|-1487
13047|-318
13049|61
13051|1629
13053|-17
13055|-88
13057|181
13059|-714
13061|-9
13063|-3023
13065|78
13067|-532
13069|-399
13071|860
13073|41
13075|-42
13077|-1080
13079|24
13081|-161
13083|84
13085|-21
13087|230
13089|-5375
13091|-126
13093|-18
13095|-155
13097|-2278
13099|159
13100|22
13103|10
13105|-141
13107|254
13109|98
13111|89
13113|115
13115|11
13117|-198
13119|-83
13121|-2684
13123|123
13125|-59
13127|687
13129|-26
13131|223
13133|67
13135|-2584
13137|-258
13139|-1014
13141|58
13143|17
13145|-44
13147|-362
13149|80
13151|-1806
13153|-1009
13155|20
13157|-335
13159|-208
13161|-357
13163|17
13165|46
13167|52
13169|-786
13171|14
13173|-202
13175|-75
13177|-209
13179|-36
13181|56
13183|-121
13185|-884
13187|-229
13189|-40
13191|25
13193|212
13195|-192
13197|24
13199|154
13201|28
13205|111
13207|-3
13209|72
13211|-286
13213|-311
13215|-1251
13217|-2176
13219|36
13221|-236
13223|-1772
13225|116
13227|-53
13229|106
13231|-171
13233|-608
13235|48
13237|-42
13239|102
13241|-72
13243|167
13245|436
13247|-764
13249|6
13251|244
13253|47
13255|-453
13257|-164
13259|82
13261|-478
13263|31
13265|13
13267|2
13269|-52
13271|-10
13273|101
13275|225
13277|-348
13279|106
13281|22
13283|-5
13285|-604
13287|8
13289|63
13291|171
13293|-140
13295|-986
13297|-263
13299|452
13301|-1
13303|82
13305|12
13307|30
13309|35
13311|82
13313|-878
13315|26
13317|-103
13319|-36
13321|139
14000|625
15001|1067
15003|4922
15007|514
15009|681
16000|7249
17001|-746
17003|-41
17005|-325
17007|-404
17009|74
17011|-2
17013|7
17015|-115
17017|-106
17019|-2312
17021|-243
17023|-12
17025|3
17027|-231
17029|-438
17031|0
17033|-88
17035|-34
17037|-1070
17039|11
17041|-39
17043|-5563
17045|-31
17047|-41
17049|-63
17051|-167
17053|-217
17055|-708
17057|-47
17059|-2
17061|-184
17063|-124
17065|83
17067|-192
17069|62
17071|146
17073|-233
17075|-245
17077|-751
17079|-81
17081|-448
17083|-363
17085|-54
17087|-23
17089|-5659
17091|-1648
17093|-1103
17095|-421
17097|-5171
17099|-1377
17101|-27
17103|415
17105|-215
17107|-226
17109|-63
17111|-1905
17113|-2003
17115|-704
17117|-399
17119|-3062
17121|-530
17123|-151
17125|-70
17127|-241
17129|43
17131|66
17133|-161
17135|-59
17137|-58
17139|-30
17141|-927
17143|-1610
17145|-144
17147|-118
17149|19
17151|-62
17153|78
17155|-33
17157|-334
17159|-73
17161|-507
17163|-1846
17165|-239
17167|-2185
17169|-144
17171|4
17173|-57
17175|-23
17177|-487
17179|-492
17181|-364
17183|-1420
17185|41
17187|-241
17189|56
17191|-124
17193|-49
17195|-599
17197|-4760
17199|-791
17201|-3799
17203|-131
18001|-150
18003|-1231
18005|-363
18007|-40
18009|-117
18011|-303
18013|15
18015|-93
18017|-330
18019|-237
18021|-99
18023|-454
18025|113
18027|-48
18029|-366
18031|-88
18033|-665
18035|-823
18037|-159
18039|-2185
18041|-358
18043|-445
18045|-110
18047|-173
18049|18
18051|-348
18053|-357
18055|-104
18057|-220
18059|-422
18061|119
18063|-108
18065|16
18067|-661
18069|-66
18071|-222
18073|-72
18075|-61
18077|-374
18079|-528
18081|-821
18083|-172
18085|-679
18087|-282
18089|-572
18091|-1272
18093|-393
18095|-1447
18097|-3785
18099|87
18101|109
18103|-42
18105|-1108
18107|69
18109|144
18111|27
18113|-259
18115|-60
18117|178
18119|-253
18121|-34
18123|-190
18125|26
18127|-702
18129|-150
18131|-94
18133|-258
18135|-353
18137|-114
18139|-266
18141|-1625
18143|-150
18145|-272
18147|-251
18149|-402
18151|-148
18153|-8
18155|-29
18157|-1265
18159|-62
18161|-38
18163|-95
18165|-88
18167|-1210
18169|-342
18171|88
18173|-124
18175|-392
18177|-167
18179|-68
18181|-28
18183|-176
19001|-38
19003|-19
19005|-144
19007|-98
19009|-88
19011|-247
19013|-1121
19015|-253
19017|-208
19019|17
19021|-220
19023|-10
19025|-84
19027|1
19029|-140
19031|-92
19033|-724
19035|-48
19037|-126
19039|-105
19041|-153
19043|-30
19045|-723
19047|-280
19049|-658
19051|-21
19053|-127
19055|-75
19057|-737
19059|12
19061|-1120
19063|-77
19065|-21
19067|-110
19069|-83
19071|-31
19073|-150
19075|18
19077|2
19079|-134
19081|-208
19083|-123
19085|52
19087|-500
19089|-64
19091|-109
19093|6
19095|-54
19097|-259
19099|-637
19101|-233
19103|-1376
19105|-214
19107|-169
19109|-61
19111|-634
19113|-2601
19115|-113
19117|-42
19119|41
19121|-164
19123|-536
19125|-450
19127|-424
19129|-81
19131|24
19133|-152
19135|-33
19137|-253
19139|-402
19141|-29
19143|-31
19145|-244
19147|-34
19149|-19
19151|22
19153|-5913
19155|-933
19157|-77
19159|-16
19161|-74
19163|-3211
19165|-132
19167|-97
19169|-695
19171|-136
19173|-7
19175|-147
19177|-8
19179|-555
19181|-265
19183|-199
19185|13
19187|-417
19189|6
19191|-145
19193|-943
19195|-129
19197|-150
20001|32
20003|-3
20005|-208
20007|69
20009|88
20011|69
20013|-74
20015|279
20017|13
20019|137
20021|150
20023|-1
20025|23
20027|-29
20029|-31
20031|-34
20033|4
20035|228
20037|236
20039|-2
20041|8
20043|41
20045|-554
20047|-7
20049|51
20051|149
20053|-8
20055|98
20057|127
20059|-24
20061|504
20063|4
20065|-18
20067|88
20069|50
20071|6
20073|42
20075|-40
20077|-38
20079|-362
20081|37
20083|15
20085|28
20087|36
20089|-22
20091|-2080
20093|-2
20095|45
20097|28
20099|218
20101|4
20103|-238
20105|-1
20107|54
20109|21
20111|-201
20113|-851
20115|58
20117|745
20119|37
20121|-147
20123|-57
20125|304
20127|58
20129|6
20131|-20
20133|155
20135|-18
20137|30
20139|-5
20141|-6
20143|-19
20145|15
20147|36
20149|81
20151|-42
20153|-24
20155|47
20157|-20
20159|114
20161|12
20163|26
20165|-2
20167|5
20169|-112
20171|-13
20173|-405
20175|-105
20177|-1978
20179|-2
20181|15
20183|-5
20185|56
20187|37
20189|98
20191|102
20193|34
20195|2
20197|16
20199|18
20201|24
20203|-13
20205|144
20207|109
20209|-1362
21001|-138
21003|-193
21005|-57
21007|34
21009|-461
21011|-170
21013|-206
21015|-1360
21017|-116
21019|-621
21021|-164
21023|-109
21025|25
21027|-285
21029|-554
21031|-78
21033|22
21035|-286
21037|-634
21039|-22
21041|-21
21043|-427
21045|-7
21047|-993
21049|-621
21051|-11
21053|-162
21055|-30
21057|-60
21059|-736
21061|23
21063|241
21065|-208
21067|-1239
21069|-128
21071|-140
21073|-519
21075|4
21077|-177
21079|-246
21081|-628
21083|-267
21085|-159
21087|-20
21089|-37
21091|-9
21093|-316
21095|178
21097|-226
21099|-128
21101|-219
21103|-187
21105|-18
21107|-264
21109|-464
21111|-5709
21113|-635
21115|-156
21117|-1750
21119|324
21121|-589
21123|-188
21125|-1078
21127|-62
21129|-213
21131|273
21133|176
21135|-1
21137|-483
21139|-38
21141|-282
21143|-39
21145|387
21147|-21
21149|-22
21151|-1393
21153|-2
21155|-36
21157|-96
21159|210
21161|-451
21163|-290
21165|67
21167|-156
21169|-201
21171|-60
21173|-249
21175|34
21177|-307
21179|-270
21181|-113
21183|-121
21185|-449
21187|-14
21189|-17
21191|-250
21193|-55
21195|-308
21197|-133
21199|-496
21201|21
21203|-444
21205|-296
21207|-124
21209|-237
21211|-711
21213|-214
21215|-131
21217|35
21219|-254
21221|-186
21223|-141
21225|70
21227|-500
21229|-24
21231|-320
21233|72
21235|127
21237|-104
21239|35
22001|130
22003|192
22005|-416
22007|149
22009|500
22011|67
22013|153
22015|-462
22017|7
22019|1989
22021|26
22023|493
22025|-360
22027|165
22029|-119
22031|22
22033|-3550
22035|0
22037|-290
22039|396
22041|-182
22043|150
22045|360
22047|-240
22049|-28
22051|12443
22053|317
22055|-189
22057|640
22059|81
22061|-464
22063|-506
22065|-39
22067|-146
22069|-595
22071|74399
22073|-1798
22075|1464
22077|-212
22079|1109
22081|72
22083|78
22085|-120
22087|5369
22089|680
22091|-253
22093|14
22095|-267
22097|-115
22099|747
22101|1168
22103|2385
22105|-337
22107|-35
22109|2589
22111|-337
22113|210
22115|-403
22117|548
22119|-261
22121|-233
22123|114
22125|-35
22127|33
23000|-12736
24001|-484
24003|45
24005|-2389
24009|-693
24011|-386
24013|-638
24015|-654
24017|-344
24019|-416
24021|-399
24023|13
24025|-605
24027|-626
24029|-114
24031|-1717
24033|-9260
24035|-104
24037|-456
24039|-45
24041|61
24043|-1309
24045|-783
24047|-172
24510|-5003
25000|-94724
26001|-142
26003|-120
26005|-1498
26007|-399
26009|-556
26011|-327
26013|-88
26015|-773
26017|-1640
26019|-498
26021|-1735
26023|-1335
26025|-2989
26027|-665
26029|-448
26031|-540
26033|-386
26035|-922
26037|-642
26039|-180
26041|-412
26043|-456
26045|-1439
26047|-696
26049|-10408
26051|-646
26053|-234
26055|-1756
26057|-1077
26059|-999
26061|-385
26063|-460
26065|0
26067|-824
26069|-431
26071|-40
26073|-1886
26075|-3064
26077|-5161
26079|-468
26081|-9663
26083|-15
26085|-179
26087|-1441
26089|-193
26091|-1865
26093|-1845
26095|-84
26097|60
26099|-14723
26101|-393
26103|-876
26105|-539
26107|-1283
26109|-144
26111|-1132
26113|-202
26115|-2130
26117|-1764
26119|-144
26121|-3186
26123|-546
26125|-12491
26127|-658
26129|-489
26131|-59
26133|-23
26135|-136
26137|-659
26139|-1734
26141|-199
26143|-343
26145|-2676
26147|-3442
26149|-909
26151|-889
26153|-187
26155|-1567
26157|-917
26159|-512
26161|-5418
26163|-38396
26165|-942
27001|11
27003|119
27005|19
27007|44
27009|61
27011|1
27013|37
27015|12
27017|36
27019|14
27021|48
27023|7
27025|1
27027|1
27029|1
27031|3
27033|-5
27035|-1
27037|8
27039|-1
27041|44
27043|15
27045|23
27047|19
27049|-10
27051|0
27053|2191
27055|-6
27057|1
27059|39
27061|63
27063|2
27065|19
27067|9
27069|-1
27071|-4
27073|9
27075|14
27077|0
27079|8
27081|5
27083|5
27085|18
27087|-14
27089|6
27091|-4
27093|-11
27095|42
27097|9
27099|25
27101|-2
27103|13
27105|4
27107|-1
27109|192
27111|88
27113|-2
27115|20
27117|0
27119|-9
27121|1
27123|36
27125|1
27127|8
27129|17
27131|41
27133|1
27135|3
27137|219
27139|3
27141|1
27143|9
27145|6
27147|20
27149|-2
27151|5
27153|39
27155|0
27157|41
27159|29
27161|7
27163|2
27165|0
27167|1
27169|0
27171|2
27173|1
27175|420
28001|-378
28003|-686
28005|-214
28007|-418
28009|-178
28011|-351
28013|-259
28015|-226
28017|-240
28019|-50
28021|-577
28023|-347
28025|-556
28027|-750
28029|-810
28031|-206
28033|-1709
28035|308
28037|-60
28039|30
28041|9
28043|-380
28045|718
28047|1783
28049|-9741
28051|-387
28053|-514
28055|-25
28057|-600
28059|588
28061|-136
28063|-64
28065|-29
28067|-300
28069|-176
28071|-761
28073|-560
28075|-1437
28077|-274
28079|-290
28081|-2890
28083|-268
28085|-801
28087|-1177
28089|-178
28091|10
28093|-353
28095|-916
28097|-65
28099|-700
28101|-150
28103|-358
28105|-921
28107|-636
28109|105
28111|-95
28113|-634
28115|-722
28117|-686
28119|-61
28121|-760
28123|-580
28125|-62
28127|-625
28129|-380
28131|122
28133|-550
28135|-173
28137|-453
28139|-281
28141|-185
28143|-370
28145|-241
28147|-79
28149|-857
28151|-1479
28153|-149
28155|-196
28157|-159
28159|-417
28161|-392
28163|-634
29001|-116
29003|140
29005|100
29007|212
29009|233
29011|11
29013|-32
29015|-136
29017|19
29019|272
29021|-262
29023|172
29025|69
29027|-14
29029|-76
29031|83
29033|136
29035|-34
29037|-456
29039|22
29041|0
29043|-200
29045|55
29047|-962
29049|39
29051|-618
29053|-81
29055|-248
29057|143
29059|-259
29061|64
29063|45
29065|-18
29067|245
29069|453
29071|413
29073|-27
29075|-21
29077|620
29079|76
29081|-117
29083|117
29085|-17
29087|-9
29089|-24
29091|376
29093|293
29095|-3088
29097|352
29099|-291
29101|-96
29103|26
29105|391
29107|1
29109|449
29111|124
29113|-20
29115|69
29117|223
29119|319
29121|109
29123|-20
29125|-45
29127|5
29129|57
29131|167
29133|186
29135|67
29137|109
29139|-19
29141|20
29143|613
29145|315
29147|41
29149|295
29151|140
29153|66
29155|762
29157|55
29159|-120
29161|123
29163|217
29165|-312
29167|-351
29169|463
29171|41
29173|11
29175|-101
29177|81
29179|158
29181|161
29183|80
29185|-26
29187|47
29189|-3142
29193|75
29195|189
29197|54
29199|38
29201|229
29203|217
29205|-4
29207|191
29209|648
29211|30
29213|351
29215|247
29217|184
29219|-313
29221|115
29223|482
29225|267
29227|28
29229|50
29510|5964
30201|435
31000|-3516
32001|248
32003|2292
32005|40
32007|308
32009|2
32011|0
32013|271
32015|20
32017|89
32019|22
32021|125
32023|-9
32027|16
32029|12
32031|152
32033|94
32510|277
33000|-7044
34001|-2704
34003|-1470
34005|-516
34007|-4335
34009|50
34011|-1684
34013|2720
34015|-1404
34017|-2595
34019|-298
34021|-298
34023|-166
34025|43
34027|-651
34029|-1753
34031|-5584
34033|-399
34035|-550
34037|-332
34039|84
34041|-240
35001|3525
35003|17
35005|256
35006|-284
35007|57
35009|187
35011|58
35013|-1272
35015|303
35017|375
35019|25
35021|-1
35023|170
35025|648
35027|13
35028|63
35029|412
35031|17498
35033|43
35035|-496
35037|-60
35039|-687
35041|-136
35043|490
35045|273
35047|144
35049|-475
35051|322
35053|969
35055|221
35057|555
35059|-26
35061|1228
36000|-35371
37001|-10687
37003|-555
37005|-103
37007|-371
37009|-258
37011|-5
37013|-489
37015|-143
37017|59
37019|-461
37021|-1473
37023|-925
37025|-1739
37027|-974
37029|6
37031|-359
37033|-367
37035|-2132
37037|-209
37039|-124
37041|-189
37043|-85
37045|-778
37047|-737
37049|-1182
37051|-4575
37053|-132
37055|-424
37057|-2203
37059|-786
37061|-319
37063|-1885
37065|-522
37067|-4538
37069|-744
37071|-2478
37073|-101
37075|-118
37077|-651
37079|-145
37081|-5580
37083|-495
37085|-1437
37087|-372
37089|76
37091|-291
37093|-955
37095|-90
37097|-1437
37099|41
37101|-2105
37103|-30
37105|-940
37107|-668
37109|-1246
37111|-660
37113|-84
37115|-257
37117|-121
37119|-1058
37121|-83
37123|-469
37125|-536
37127|-968
37129|624
37131|-166
37133|-1576
37135|31
37137|-134
37139|-265
37141|-48
37143|-179
37145|-551
37147|-1706
37149|-376
37151|-3234
37153|-38
37155|-1153
37157|-1778
37159|-1462
37161|-304
37163|-510
37165|-871
37167|-980
37169|-504
37171|-1704
37173|-177
37175|25
37177|-34
37179|-1151
37181|-718
37183|-3394
37185|-228
37187|-117
37189|-305
37191|-1897
37193|-1588
37195|-1192
37197|-435
37199|-185
38001|43
38003|-84
38005|-178
38009|34
38011|25
38013|-4
38015|-2
38017|-782
38019|-36
38021|45
38023|11
38025|10
38027|-5
38029|-11
38031|-47
38033|16
38035|-98
38037|47
38039|3
38041|31
38043|18
38045|11
38047|-29
38049|10
38051|56
38053|-15
38055|103
38057|5
38059|96
38061|-32
38063|-29
38065|5
38067|9
38069|0
38071|-39
38073|-35
38075|11
38077|73
38079|-14
38081|-28
38083|48
38085|-143
38089|85
38091|11
38093|39
38095|-18
38097|-39
38099|4
38101|-229
38103|-4
38105|171
39001|-308
39003|-590
39005|-158
39007|-1474
39009|-445
39011|-240
39013|-41
39015|25
39017|-3303
39019|-46
39021|-280
39023|-691
39025|-1571
39027|-403
39029|-986
39031|-220
39033|-247
39035|11
39037|-237
39039|-326
39041|-213
39043|-707
39045|-1663
39047|-331
39049|-9011
39051|-21
39053|-111
39055|-225
39057|-160
39059|-473
39061|-4128
39063|-343
39065|2
39067|-186
39069|-381
39071|-631
39073|-269
39075|168
39077|-655
39079|-316
39081|-4
39083|-587
39085|-886
39087|-373
39089|-1076
39091|-169
39093|67
39095|-2963
39097|-347
39099|-837
39101|-730
39103|-966
39105|-79
39107|-222
39109|-203
39111|-130
39113|-4080
39115|-99
39117|-73
39119|-1134
39121|-171
39123|-402
39125|-137
39127|-433
39129|-100
39131|-408
39133|-1323
39135|-371
39137|-180
39139|-1731
39141|-979
39143|-454
39145|-1355
39147|-715
39149|-266
39151|-1319
39153|-3665
39155|86
39157|-1076
39159|-228
39161|-223
39163|-108
39165|-159
39167|-184
39169|-939
39171|-784
39173|-228
39175|-107
40001|-631
40003|58
40005|-66
40007|31
40009|94
40011|-41
40013|-348
40015|375
40017|152
40019|233
40021|206
40023|72
40025|-15
40027|-1201
40029|72
40031|-92
40033|-29
40035|0
40037|132
40039|76
40041|-518
40043|-28
40045|24
40047|103
40049|205
40051|14
40053|125
40055|46
40057|41
40059|-34
40061|96
40063|53
40065|52
40067|92
40069|-92
40071|364
40073|79
40075|63
40077|302
40079|413
40081|333
40083|-197
40085|50
40087|142
40089|-372
40091|73
40093|25
40095|-226
40097|161
40099|52
40101|-434
40103|129
40105|114
40107|69
40109|913
40111|3
40113|67
40115|241
40117|226
40119|896
40121|648
40123|-72
40125|-665
40127|25
40129|-27
40131|-320
40133|318
40135|-734
40137|255
40139|92
40141|17
40143|-1228
40145|345
40147|441
40149|127
40151|21
40153|85
41000|103
42001|-327
42003|-8754
42005|-165
42007|-918
42009|-299
42011|-5373
42013|-681
42015|-613
42017|-1267
42019|-1046
42021|-1125
42023|-18
42025|-409
42027|-660
42029|-1705
42031|-26
42033|-209
42035|-382
42037|-817
42039|-570
42041|-1136
42043|-3649
42045|-2814
42047|-92
42049|-2981
42051|67
42053|18
42055|-500
42057|-175
42059|-457
42061|-169
42063|77
42065|-457
42067|-239
42069|-3031
42071|-3400
42073|-524
42075|-860
42077|-5142
42079|-5278
42081|-1405
42083|-88
42085|-1284
42087|-645
42089|-1140
42091|-2306
42093|-4
42095|-2994
42097|-1587
42099|-114
42101|-19828
42103|-501
42105|-213
42107|-1879
42109|-444
42111|-134
42113|-61
42115|-147
42117|-233
42119|-362
42121|-328
42123|-187
42125|-1817
42127|-53
42129|-2047
42131|-57
42133|-4770
44935|2404
45001|-260
45003|-1329
45005|173
45007|-1900
45009|-131
45011|-455
45013|-829
45015|324
45017|-34
45019|549
45021|-636
45023|-360
45025|-362
45027|-3
45029|117
45031|-133
45033|205
45035|-685
45037|-496
45039|-126
45041|-1266
45043|100
45045|-3748
45047|-1105
45049|162
45051|-1210
45053|-152
45055|-537
45057|-1299
45059|-1377
45061|-163
45063|-1355
45065|-11
45067|216
45069|181
45071|-154
45073|-1054
45075|-968
45077|-791
45079|-2342
45081|-55
45083|387
45085|-177
45087|-83
45089|483
45091|-1804
46003|-7
46005|120
46007|-76
46009|-52
46011|97
46013|7
46015|-156
46019|-27
46021|-12
46023|-20
46025|51
46027|-12
46029|20
46031|-191
46033|-20
46035|1
46037|-11
46039|7
46041|-83
46043|-19
46045|-14
46047|43
46049|-34
46051|-8
46053|-17
46055|19
46057|9
46059|11
46061|9
46063|4
46065|-122
46067|-4
46069|4
46071|-57
46073|0
46075|28
46077|-8
46079|-31
46081|144
46083|-32
46085|-70
46087|33
46089|26
46091|-6
46093|-46
46095|-75
46097|-35
46099|-782
46101|16
46103|-668
46105|13
46107|-10
46109|-133
46111|20
46113|-693
46115|27
46117|-46
46119|-7
46121|-335
46123|-14
46125|17
46127|-29
46129|-15
46135|-142
46137|11
47001|225
47003|-961
47005|400
47007|-239
47009|-85
47011|-862
47013|361
47015|30
47017|18
47019|686
47021|-287
47023|-300
47025|-77
47027|-144
47029|-423
47031|-244
47033|-6
47035|-115
47037|-2298
47039|11
47041|-26
47043|-480
47045|-7
47047|-259
47049|88
47051|-469
47053|-224
47055|266
47057|369
47059|619
47061|-228
47063|-334
47065|-384
47067|113
47069|-137
47071|2
47073|-739
47075|264
47077|-262
47079|-352
47081|181
47083|-47
47085|-77
47087|118
47089|-89
47091|66
47093|-219
47095|23
47097|36
47099|531
47101|-153
47103|-268
47105|-6
47107|27
47109|-22
47111|-459
47113|-432
47115|-60
47117|-136
47119|-663
47121|23
47123|-68
47125|-389
47127|-100
47129|86
47131|-581
47133|-181
47135|-103
47137|66
47139|-23
47141|-999
47143|-419
47145|643
47147|-848
47149|-2190
47151|-229
47153|-312
47155|172
47157|-5676
47159|-256
47161|55
47163|249
47165|179
47167|-256
47169|15
47171|62
47173|-101
47175|-72
47177|-559
47179|-137
47181|26
47183|-54
47185|86
47187|-410
47189|-872
48001|600
48003|285
48005|547
48007|625
48009|267
48011|17
48013|512
48015|204
48017|-28
48019|27
48021|1130
48023|106
48025|328
48027|1146
48029|-3010
48031|5
48033|0
48035|50
48037|-124
48039|1292
48041|601
48043|165
48045|28
48047|201
48049|586
48051|240
48053|463
48055|1356
48057|217
48059|247
48061|5388
48063|-38
48065|-27
48067|70
48069|147
48071|256
48073|-102
48075|151
48077|12
48079|162
48081|77
48083|189
48085|108
48087|26
48089|25
48091|-364
48093|397
48095|55
48097|31
48099|3
48101|20
48103|116
48105|391
48107|283
48109|71
48111|84
48113|1509
48115|42
48117|315
48119|68
48121|1363
48123|-120
48125|-59
48127|495
48129|140
48131|693
48133|180
48135|3416
48137|14
48139|-387
48141|7679
48143|266
48145|153
48147|164
48149|197
48151|281
48153|447
48155|47
48157|-2842
48159|55
48161|258
48163|377
48165|167
48167|1735
48169|9
48171|52
48173|-17
48175|156
48177|119
48179|254
48181|586
48183|1123
48185|374
48187|-195
48189|-430
48191|88
48193|190
48195|-52
48197|102
48199|408
48201|10870
48203|-259
48205|-23
48207|35
48209|6159
48211|-37
48213|466
48215|2753
48217|386
48219|366
48221|140
48223|-157
48225|271
48227|-5285
48229|262
48231|1297
48233|692
48235|-9
48237|-27
48239|204
48241|348
48243|35
48245|3560
48247|-135
48249|513
48251|1065
48253|1861
48255|51
48257|-675
48259|-200
48261|-27
48263|18
48265|224
48267|15
48269|0
48271|99
48273|170
48275|147
48277|283
48279|585
48281|99
48283|157
48285|-41
48287|27
48289|140
48291|1284
48293|362
48295|54
48297|251
48299|213
48301|0
48303|315
48305|141
48307|260
48309|7300
48311|-32
48313|80
48315|185
48317|104
48319|-22
48321|530
48323|186
48325|229
48327|52
48329|-127914
48331|466
48333|65
48335|137
48337|-247
48339|1633
48341|229
48343|57
48345|-18
48347|327
48349|-569
48351|774
48353|2302
48355|2450
48357|193
48359|5
48361|1809
48363|715
48365|90
48367|-125
48369|-82
48371|308
48373|515
48375|-1347
48377|394
48379|41
48381|688
48383|196
48385|215
48387|133
48389|-157
48391|-264
48393|5
48395|487
48397|-135
48399|209
48401|378
48403|235
48405|-50
48407|78
48409|2042
48411|-17
48413|-98
48415|1743
48417|40
48419|20
48421|24
48423|-1009
48425|10
48427|303
48429|225
48431|29
48433|16
48435|162
48437|322
48439|-1900
48441|934
48443|-9
48445|44
48447|-22
48449|306
48451|2282
48453|64427
48455|80
48457|-244
48459|388
48461|25
48463|262
48465|-659
48467|27
48469|400
48471|204
48473|845
48475|45
48477|222
48479|-212
48481|844
48483|-85
48485|243
48487|246
48489|318
48491|12720
48493|-114
48495|232
48497|42
48499|726
48501|53
48503|467
48505|-130
48507|-516
49003|-732
49007|44
49011|1299
49035|-238
49037|30
50000|-608
51001|-258
51003|-402
51007|-139
51009|98
51011|-123
51013|-90
51015|-582
51017|-13
51019|-372
51021|-80
51023|-61
51025|-280
51027|325
51029|-64
51031|-311
51033|-243
51035|-297
"5103|-45
51037|-215
51041|-1025
51043|-101
51045|-36
51047|-371
51049|-39
51051|80
51053|-196
51057|-178
51059|-964
51061|-236
51063|-79
51065|-115
51067|-444
51069|-477
51071|-52
51073|-258
51075|29
51077|-163
51079|14
51081|-310
51083|-533
51085|-212
51087|-1778
51089|-991
51091|-20
51093|-2
51095|-21
51097|-50
51099|-71
51101|-23
51103|66
51105|8
51107|-308
51109|-156
51111|-32
51113|-43
51115|-59
51117|-99
51119|-65
51121|-535
51125|-275
51127|8
51131|-197
51133|136
51135|-123
51137|-43
51139|-421
51141|-170
51143|-1025
51145|-109
51147|-233
51149|-251
51153|-1166
51155|-378
51157|-53
51159|-44
51161|-418
51163|-131
51165|-181
51167|-129
51169|-155
51171|-311
51173|-525
51175|-175
51177|-765
51179|-902
51181|14
51183|-62
51185|-8
51187|-147
51191|-445
51193|57
51195|129
51197|-241
51199|-137
51510|115
51515|-143
51520|-438
51530|-37
51540|206
51550|-54
51570|-65
51580|-43
51590|-1105
51595|-257
51600|5
51610|1
51620|-18
51630|-149
51640|-151
51650|448
51660|-215
51670|-253
51678|38
51680|-808
51683|-105
51685|-181
51690|-362
51700|-15
51710|502
51720|-50
51730|-178
51735|14
51740|-687
51750|-95
51760|-492
51770|-1245
51790|-235
51800|133
51810|334
51820|-143
51830|-46
51840|-170
52001|4047
52005|-3750
53000|-37269
54000|-8454
55001|-291
55003|-269
55005|-776
55007|-191
55009|-1371
55011|-58
55013|-241
55015|-272
55017|-511
55019|-261
55021|-355
55023|-28
55025|-2973
55027|-430
55029|-185
55031|-229
55033|-316
55035|-1128
55037|-49
55039|-555
55041|-55
55043|-398
55045|-403
55047|-89
55049|-263
55051|-99
55053|-239
55055|-790
55057|-79
55059|-1837
55061|-61
55063|-1051
55065|-92
55067|-232
55069|-302
55071|-303
55073|-1348
55075|-575
55077|-211
55078|-197
55079|1825
55081|-190
55083|-402
55085|-293
55087|-1558
55089|-496
55091|-53
55093|-100
55095|-654
55097|-409
55099|-308
55101|-2193
55103|-288
55105|-1812
55107|-299
55109|-482
55111|-553
55113|-372
55115|-344
55117|-972
55119|-225
55121|-137
55123|-345
55125|-183
55127|-1062
55129|-242
55131|-477
55133|-1069
55135|-181
55137|-167
55139|-1295
55141|-862
55143|-473
55145|-64
55147|-25
55149|-70
55151|-69
55153|-56
55155|10
56000|-23157
U.S.|-862911
|0
b|0
