COUNTY|DELTA
01001|-149
01003|-1351
01005|30
01007|-177
01009|-690
01011|-47
01013|-372
01015|-1621
01017|-132
01019|-256
01021|-850
01023|52
01025|409
01027|-267
01029|-97
01031|-77
01033|293
01035|-207
01037|-82
01039|-283
01041|-376
01043|-868
01045|-199
01047|-267
01049|-435
01051|-432
01053|-622
01055|-950
01057|-250
01059|-271
01061|-53
01063|12
01065|-56
01067|-194
01069|-800
01071|133
01073|-3337
01075|-245
01077|299
01079|145
01081|-929
01083|-353
01085|-33
01087|506
01089|-1294
01091|-68
01093|-347
01095|141
01097|-3016
01099|-508
01101|368
01103|-224
01105|151
01107|-56
01109|-18
01111|-355
01113|-1147
01115|-507
01117|-810
01119|67
01121|-238
01123|-741
01125|-145
01127|-437
01129|-109
01131|464
01133|-103
02110|2023
04001|-310
04003|15399
04005|-736
04007|-470
04009|492
04011|293
04013|-30985
04015|-4072
04017|-1716
04019|-10298
04021|-5543
04023|-323
04025|-1606
04027|-2539
04029|-266
05001|355
05003|101
05005|272
05007|-914
05009|-10
05011|-39
05013|77
05015|-322
05017|595
05019|-168
05021|163
05023|-28
05025|-3
05027|358
05029|180
05031|479
05033|4
05035|1028
05037|432
05039|30
05041|63
05043|220
05045|-91
05047|53
05049|155
05051|264
05053|-49
05055|-284
05057|186
05059|51
05061|-75
05063|239
05065|215
05067|560
05069|832
05071|-85
05073|-16
05075|377
05077|316
05079|51
05081|68
05083|288
05085|2
05087|-43
05089|293
05091|504
05093|890
05095|142
05097|-13
05099|7
05101|107
05103|-143
05105|-152
05107|933
05109|-101
05111|501
05113|169
05115|73
05117|-15
05119|1042
05121|647
05123|301
05125|412
05127|126
05129|-12
05131|-85
05133|-1
05135|383
05137|181
05139|-244
05141|161
05143|-344
05145|-369
05147|195
05149|-98
05159|159
06001|-4127
06003|3
06005|-191
06007|-1394
06009|-520
06011|-107
06013|-5338
06015|-139
06017|-466
06019|-14040
06021|112
06023|607
06025|-2964
06027|-93
06029|-7948
06031|-323
06033|-557
06035|-41
06037|16231
06039|-889
06041|-194
06043|-24
06045|716
06047|-2855
06049|187
06051|-22
06053|-2982
06055|-110
06057|-773
06059|-6384
06061|-2596
06063|-65
06065|-22268
06067|-8502
06069|-492
06071|-23128
06073|-15257
06075|1437
06077|-6375
06079|-2106
06081|366
06083|-906
06085|-471
06087|-1660
06089|-1281
06091|61
06093|104
06095|-3735
06097|-1500
06099|-6716
06101|-1638
06103|-568
06105|-62
06107|-6202
06109|-535
06111|-7354
06113|-1144
06115|-910
08003|9
08007|-26
08009|56
08011|148
08013|1745
08015|179
08017|-11
08019|-55
08021|110
08023|175
08025|193
08027|-17
08029|239
08031|1158
08033|47
08035|-196
08037|26
08039|-39
08041|-2693
08043|364
08045|139
08047|-22
08049|43
08051|-21
08053|12
08055|179
08057|22
08059|1405
08061|20
08063|120
08065|93
08067|282
08069|246
08071|203
08073|62
08075|169
08077|2000
08079|10
08081|96
08083|122
08085|-360
08087|279
08089|187
08091|18
08093|-14
08095|13
08097|7
08099|235
08101|978
08103|81
08105|279
08107|69
08109|144
08111|10
08113|5
08115|19
08117|-67
08119|48
08121|-11
08123|-1800
08125|112
08127|-477
08129|1065
08131|-19
09000|-13577
10001|-2243
10002|-3314
10003|-2990
11001|-2516
12001|1829
12003|-288
12005|-1213
12007|1244
12009|-5029
12011|-2555
12013|184
12015|-2437
12017|-1966
12019|-2256
12021|-428
12023|-406
12025|3151
12027|12
12029|-205
12031|-10157
12033|-3893
12035|-1633
12037|-267
12039|-940
12041|-404
12045|-210
12047|-642
12049|-435
12051|-895
12053|-4028
12055|-1060
12057|-12279
12059|558
12061|-2228
12063|-620
12065|-304
12067|-45
12069|-2104
12071|-11086
12073|-2056
12075|-764
12077|-380
12079|-372
12081|-2302
12083|-3645
12085|-998
12087|-296
12089|-439
12091|108
12093|-681
12095|-6545
12097|-233
12099|-3175
12101|-6219
12103|-6998
12105|-1211
12107|-1563
12109|-652
12111|-3494
12113|-3153
12115|-4505
12117|-1430
12119|493
12121|-892
12123|-561
12125|-1170
12127|-2740
12129|-611
12131|-367
12133|-1257
13001|-333
13003|-74
13005|-25
13007|-29
13009|-757
13011|-183
13013|-288
13015|-960
13017|-436
13019|-153
13021|-1765
13023|-169
13025|76
13027|-249
13029|-87
13031|261
13033|37
13035|-493
13037|-20
13039|-105
13043|-124
13045|-1368
13047|-669
13049|166
13051|2590
13053|-78
13055|93
13057|-45
13059|-1539
13061|-64
13063|-4112
13065|19
13067|966
13069|-536
13071|-202
13073|181
13075|-247
13077|-75
13079|-71
13081|-237
13083|86
13085|-78
13087|117
13089|-5554
13091|153
13093|-29
13095|-1181
13097|-1061
13099|170
13100|29
13103|64
13105|22
13107|-71
13109|-15
13111|-246
13113|76
13115|465
13117|-215
13119|-65
13121|1406
13123|-155
13125|-52
13127|654
13129|313
13131|-107
13133|-14
13135|-4684
13137|-295
13139|-571
13141|-81
13143|-420
13145|-188
13147|-19
13149|-48
13151|-1165
13153|-1657
13155|-315
13157|-805
13159|-64
13161|-321
13163|69
13165|-163
13167|-5
13169|-236
13171|-79
13173|-263
13175|-487
13177|7
13179|345
13181|-15
13183|79
13185|-1258
13187|-25
13189|-213
13191|88
13193|195
13195|-253
13197|43
13199|167
13201|53
13205|-165
13207|218
13209|-53
13211|-87
13213|-886
13215|-1311
13217|-1078
13219|64
13221|-45
13223|-986
13225|189
13227|46
13229|-119
13231|-272
13233|-549
13235|159
13237|-179
13239|83
13241|-216
13243|135
13245|251
13247|-974
13249|-38
13251|527
13253|-113
13255|-765
13257|-246
13259|38
13261|-489
13263|118
13265|-25
13267|92
13269|187
13271|-26
13273|-49
13275|316
13277|-761
13279|41
13281|-28
13283|-164
13285|-245
13287|112
13289|88
13291|20
13293|-102
13295|-488
13297|-623
13299|592
13301|-42
13303|197
13305|-191
13307|7
13309|-33
13311|-57
13313|-608
13315|-22
13317|-97
13319|-80
13321|-72
14000|610
15001|-2734
15003|-1351
15007|-54
15009|-1367
16000|-4452
17001|-358
17003|-28
17005|-202
17007|-267
17009|71
17011|-16
17013|-83
17015|-90
17017|-105
17019|-1591
17021|-280
17023|85
17025|24
17027|-157
17029|-300
17031|0
17033|-24
17035|-41
17037|-993
17039|-82
17041|-11
17043|-5454
17045|88
17047|-32
17049|35
17051|-230
17053|-383
17055|-572
17057|-14
17059|20
17061|24
17063|-357
17065|11
17067|-6
17069|7
17071|-2
17073|-92
17075|-123
17077|-420
17079|-94
17081|-359
17083|-164
17085|-79
17087|11
17089|-5401
17091|-860
17093|-1200
17095|136
17097|-4093
17099|-914
17101|35
17103|201
17105|218
17107|-31
17109|148
17111|-1718
17113|-399
17115|155
17117|-452
17119|-2093
17121|-449
17123|-158
17125|-144
17127|-49
17129|-81
17131|135
17133|-77
17135|-78
17137|126
17139|-99
17141|-350
17143|-1482
17145|-357
17147|46
17149|77
17151|-126
17153|35
17155|-10
17157|-198
17159|-54
17161|-125
17163|-711
17165|-162
17167|-173
17169|-13
17171|131
17173|-76
17175|12
17177|-390
17179|-349
17181|-230
17183|-928
17185|81
17187|-147
17189|30
17191|-170
17193|-50
17195|-251
17197|-3664
17199|-964
17201|-2961
17203|22
18001|-322
18003|-2970
18005|-381
18007|-167
18009|52
18011|-218
18013|-38
18015|24
18017|-106
18019|-797
18021|-316
18023|-463
18025|60
18027|50
18029|-339
18031|-99
18033|-765
18035|309
18037|-148
18039|-3066
18041|-565
18043|-658
18045|-21
18047|-26
18049|-226
18051|-327
18053|146
18055|-303
18057|-455
18059|-551
18061|-147
18063|-459
18065|-536
18067|112
18069|-417
18071|-387
18073|-292
18075|-169
18077|-404
18079|-314
18081|-516
18083|137
18085|-1148
18087|-264
18089|-915
18091|-2086
18093|-575
18095|282
18097|-618
18099|-664
18101|-9
18103|90
18105|-587
18107|54
18109|-551
18111|-167
18113|-720
18115|-86
18117|-53
18119|-124
18121|-155
18123|-142
18125|52
18127|-328
18129|-106
18131|-21
18133|-703
18135|-197
18137|-350
18139|-208
18141|-428
18143|-37
18145|-641
18147|-200
18149|-349
18151|-273
18153|-125
18155|-52
18157|-1052
18159|-11
18161|-106
18163|-158
18165|-137
18167|-997
18169|-186
18171|-16
18173|-193
18175|-410
18177|-181
18179|-93
18181|-48
18183|-284
19001|-114
19003|-3
19005|-172
19007|-54
19009|39
19011|-162
19013|-287
19015|-169
19017|82
19019|-32
19021|-220
19023|63
19025|18
19027|14
19029|-121
19031|-246
19033|-546
19035|4
19037|-100
19039|4
19041|-152
19043|22
19045|-107
19047|-225
19049|-604
19051|-19
19053|-14
19055|-68
19057|-589
19059|60
19061|-863
19063|-152
19065|-40
19067|79
19069|9
19071|-1
19073|-104
19075|-25
19077|22
19079|-130
19081|-152
19083|-51
19085|-18
19087|-406
19089|-113
19091|7
19093|-21
19095|-73
19097|62
19099|-599
19101|-53
19103|-1449
19105|-156
19107|1
19109|36
19111|-299
19113|-1794
19115|-103
19117|16
19119|23
19121|-123
19123|-383
19125|-305
19127|-79
19129|-134
19131|32
19133|-78
19135|77
19137|-338
19139|-427
19141|56
19143|-21
19145|-168
19147|-34
19149|-87
19151|-39
19153|-6556
19155|-762
19157|-86
19159|-27
19161|-64
19163|-2741
19165|-118
19167|-90
19169|-823
19171|-12
19173|-57
19175|0
19177|-87
19179|-323
19181|-346
19183|-169
19185|-34
19187|-290
19189|81
19191|-121
19193|-741
19195|22
19197|-84
20001|45
20003|-63
20005|-158
20007|15
20009|12
20011|-213
20013|-25
20015|192
20017|-21
20019|40
20021|99
20023|17
20025|10
20027|27
20029|9
20031|-48
20033|9
20035|164
20037|42
20039|-7
20041|74
20043|1
20045|-644
20047|5
20049|50
20051|97
20053|31
20055|439
20057|47
20059|-229
20061|399
20063|8
20065|-6
20067|67
20069|54
20071|-4
20073|-13
20075|-2
20077|32
20079|-119
20081|15
20083|-9
20085|67
20087|-35
20089|23
20091|-1459
20093|31
20095|26
20097|83
20099|95
20101|3
20103|-79
20105|83
20107|37
20109|29
20111|-307
20113|92
20115|87
20117|27
20119|49
20121|-179
20123|50
20125|126
20127|58
20129|30
20131|59
20133|-17
20135|-5
20137|-1
20139|71
20141|19
20143|39
20145|-47
20147|5
20149|3
20151|19
20153|13
20155|-17
20157|35
20159|95
20161|184
20163|-3
20165|35
20167|69
20169|69
20171|0
20173|1985
20175|88
20177|-803
20179|-9
20181|11
20183|-12
20185|62
20187|0
20189|21
20191|163
20193|-1
20195|35
20197|31
20199|15
20201|19
20203|12
20205|118
20207|-10
20209|-1638
21001|-222
21003|-355
21005|-230
21007|-35
21009|-288
21011|-478
21013|-368
21015|-899
21017|-335
21019|-394
21021|-122
21023|-169
21025|90
21027|-285
21029|-439
21031|57
21033|-36
21035|-101
21037|-109
21039|-99
21041|-252
21043|-209
21045|-170
21047|-1347
21049|-880
21051|-31
21053|-160
21055|70
21057|-61
21059|-45
21061|26
21063|67
21065|-270
21067|-1464
21069|-143
21071|-384
21073|-782
21075|0
21077|-23
21079|-262
21081|-284
21083|-114
21085|-404
21087|-255
21089|-127
21091|-36
21093|-1090
21095|12
21097|-546
21099|-163
21101|-473
21103|-9
21105|-26
21107|-252
21109|-363
21111|-6964
21113|-510
21115|83
21117|-706
21119|162
21121|-1050
21123|-168
21125|-1457
21127|-74
21129|-117
21131|-76
21133|121
21135|-36
21137|-472
21139|-13
21141|44
21143|-21
21145|67
21147|-55
21149|-177
21151|-1069
21153|-116
21155|-190
21157|-96
21159|127
21161|-144
21163|-124
21165|-290
21167|2
21169|-170
21171|46
21173|-380
21175|-72
21177|-80
21179|-250
21181|-187
21183|30
21185|-70
21187|59
21189|-52
21191|-287
21193|-318
21195|-338
21197|11
21199|-714
21201|-23
21203|-322
21205|-122
21207|-29
21209|-673
21211|-398
21213|6
21215|-118
21217|-249
21219|65
21221|-89
21223|-75
21225|3
21227|84
21229|-9
21231|-135
21233|73
21235|-584
21237|-151
21239|-89
22001|381
22003|266
22005|183
22007|377
22009|1145
22011|495
22013|107
22015|301
22017|1868
22019|-1824
22021|223
22023|244
22025|126
22027|189
22029|324
22031|197
22033|4162
22035|41
22037|-4
22039|886
22041|275
22043|150
22045|1129
22047|365
22049|87
22051|-4105
22053|373
22055|2804
22057|582
22059|193
22061|-412
22063|166
22065|154
22067|281
22069|499
22071|-2042
22073|483
22075|590
22077|247
22079|1547
22081|202
22083|391
22085|120
22087|750
22089|116
22091|-201
22093|179
22095|-19
22097|1110
22099|1157
22101|1513
22103|-787
22105|-1929
22107|218
22109|1780
22111|100
22113|278
22115|-97
22117|-106
22119|-487
22121|-17
22123|432
22125|32
22127|268
23000|-9843
24001|-720
24003|-2420
24005|-4479
24009|-1006
24011|-501
24013|-865
24015|-839
24017|-848
24019|-1085
24021|-947
24023|-157
24025|-1221
24027|-1333
24029|-155
24031|-3434
24033|-8013
24035|-261
24037|-768
24039|-170
24041|30
24043|-1490
24045|-1574
24047|-540
24510|-10326
25000|-60515
26001|-152
26003|-141
26005|-1035
26007|-476
26009|-423
26011|-145
26013|-132
26015|-360
26017|-1390
26019|-448
26021|-1596
26023|-1059
26025|-2883
26027|-518
26029|-371
26031|-700
26033|-372
26035|-760
26037|-603
26039|-314
26041|-503
26043|-196
26045|-819
26047|-552
26049|-6554
26051|-363
26053|-249
26055|-1501
26057|-796
26059|-800
26061|-306
26063|-243
26065|0
26067|-895
26069|-514
26071|-100
26073|-2211
26075|-2631
26077|-3810
26079|-422
26081|-6507
26083|-8
26085|-61
26087|-1737
26089|-159
26091|-2169
26093|-1551
26095|-66
26097|34
26099|-11994
26101|-262
26103|-664
26105|-268
26107|-1366
26109|-112
26111|-737
26113|-81
26115|-1592
26117|-1523
26119|-263
26121|-4060
26123|-793
26125|-12331
26127|-323
26129|-457
26131|-96
26133|-303
26135|-295
26137|-739
26139|-1827
26141|-182
26143|-474
26145|-1309
26147|-3675
26149|-604
26151|-866
26153|-101
26155|-1182
26157|-880
26159|-127
26161|-4796
26163|-16920
26165|-1245
27001|9
27003|120
27005|33
27007|38
27009|58
27011|-1
27013|36
27015|12
27017|45
27019|17
27021|47
27023|5
27025|18
27027|60
27029|1
27031|2
27033|1
27035|-13
27037|139
27039|3
27041|49
27043|15
27045|27
27047|19
27049|1
27051|0
27053|-1006
27055|-4
27057|1
27059|34
27061|62
27063|0
27065|16
27067|-2
27069|1
27071|2
27073|9
27075|11
27077|2
27079|11
27081|4
27083|-2
27085|18
27087|-10
27089|9
27091|3
27093|-7
27095|34
27097|9
27099|23
27101|-1
27103|15
27105|-4
27107|-1
27109|179
27111|83
27113|-4
27115|18
27117|-1
27119|-3
27121|1
27123|289
27125|-2
27127|11
27129|15
27131|37
27133|4
27135|-2
27137|214
27139|16
27141|30
27143|9
27145|176
27147|27
27149|2
27151|5
27153|38
27155|1
27157|38
27159|32
27161|3
27163|44
27165|2
27167|1
27169|-6
27171|74
27173|1
27175|301
28001|633
28003|-405
28005|27
28007|-33
28009|-152
28011|85
28013|-169
28015|-98
28017|-93
28019|-37
28021|-139
28023|62
28025|-282
28027|162
28029|-139
28031|-174
28033|-346
28035|392
28037|299
28039|121
28041|37
28043|-102
28045|177
28047|1629
28049|-2253
28051|284
28053|-154
28055|33
28057|-157
28059|-255
28061|-84
28063|-32
28065|83
28067|-311
28069|-139
28071|-500
28073|-79
28075|-194
28077|5
28079|-147
28081|-1425
28083|252
28085|223
28087|-379
28089|126
28091|-225
28093|421
28095|-546
28097|9
28099|-290
28101|-41
28103|-257
28105|-385
28107|-259
28109|-206
28111|-186
28113|-221
28115|-229
28117|-129
28119|84
28121|-517
28123|-402
28125|104
28127|-325
28129|-78
28131|-135
28133|-87
28135|-10
28137|-338
28139|-153
28141|7
28143|-167
28145|-234
28147|114
28149|377
28151|434
28153|-164
28155|-15
28157|81
28159|33
28161|-166
28163|-222
29001|2459
29003|996
29005|593
29007|2999
29009|5295
29011|1911
29013|1913
29015|3028
29017|1865
29019|13648
29021|12168
29023|8353
29025|1004
29027|4061
29029|4075
29031|8168
29033|1198
29035|1563
29037|6283
29039|2301
29041|730
29043|5543
29045|829
29047|12796
29049|1151
29051|5858
29053|1592
29055|3636
29057|1151
29059|2519
29061|971
29063|892
29065|2681
29067|2588
29069|9397
29071|7610
29073|1304
29075|505
29077|28157
29079|1263
29081|1038
29083|3250
29085|1251
29087|493
29089|1016
29091|7464
29093|2141
29095|88039
29097|16835
29099|15856
29101|3956
29103|396
29105|5329
29107|3481
29109|4742
29111|969
29113|4716
29115|1596
29117|1760
29119|3743
29121|1637
29123|2058
29125|995
29127|4167
29129|369
29131|3627
29133|4078
29135|1434
29137|755
29139|1300
29141|2738
29143|4678
29145|6086
29147|1055
29149|2226
29151|807
29153|1855
29155|6547
29157|1664
29159|5554
29161|4552
29163|2076
29165|3303
29167|4398
29169|4015
29171|679
29173|797
29175|3834
29177|2142
29179|1378
29181|3619
29183|12391
29185|1523
29187|9158
29189|76731
29193|1570
29195|2856
29197|441
29199|355
29201|7714
29203|1842
29205|735
29207|4656
29209|3800
29211|874
29213|5499
29215|3712
29217|3073
29219|2601
29221|5545
29223|3026
29225|3913
29227|180
29229|3872
29510|94300
30201|1984
31000|-1107
32001|-203
32003|-16251
32005|-158
32007|114
32009|18
32011|-10
32013|7
32015|-13
32017|41
32019|-295
32021|46
32023|-398
32027|-5
32029|2
32031|-2719
32033|-49
32510|-571
33000|-6171
34001|-1930
34003|-2060
34005|-1181
34007|-2917
34009|-1069
34011|-1467
34013|291
34015|-858
34017|-2481
34019|-275
34021|-127
34023|-480
34025|331
34027|-887
34029|-4070
34031|-5011
34033|-220
34035|-541
34037|-351
34039|-922
34041|-411
35001|2295
35003|61
35005|1123
35006|39
35007|199
35009|141
35011|52
35013|-1355
35015|740
35017|555
35019|-34
35021|10
35023|145
35025|856
35027|100
35028|46
35029|-4
35031|352
35033|121
35034|1643
35035|-395
35037|-248
35039|234
35041|287
35043|151
35045|1084
35047|500
35049|-5
35051|278
35053|136
35055|449
35057|883
35059|33
35061|399
35063|-23
36000|-140854
37001|-2924
37003|-178
37005|-128
37007|-365
37009|-233
37011|-21
37013|-163
37015|78
37017|-266
37019|-1179
37021|-1441
37023|-295
37025|-1185
37027|-445
37029|-23
37031|-957
37033|-34
37035|-1666
37037|-472
37039|-360
37041|-41
37043|-256
37045|-535
37047|-21
37049|-1234
37051|-3345
37053|-229
37055|-415
37057|-2063
37059|-544
37061|-98
37063|-1538
37065|-53
37067|-2329
37069|-557
37071|-1682
37073|-90
37075|-114
37077|-440
37079|-66
37081|-6194
37083|-18
37085|-976
37087|-299
37089|93
37091|47
37093|-431
37095|-3
37097|-911
37099|-215
37101|-1468
37103|-39
37105|-630
37107|-346
37109|-545
37111|-883
37113|-339
37115|-155
37117|-359
37119|-8845
37121|104
37123|-289
37125|-396
37127|-730
37129|-212
37131|87
37133|-1484
37135|-146
37137|-15
37139|-151
37141|-425
37143|-139
37145|-669
37147|-1525
37149|-318
37151|-3162
37153|-571
37155|266
37157|-1375
37159|-1707
37161|-133
37163|-698
37165|-654
37167|-409
37169|-49
37171|-945
37173|-65
37175|-70
37177|-56
37179|-1311
37181|-1048
37183|-2668
37185|-226
37187|-52
37189|-39
37191|-1326
37193|-1123
37195|-825
37197|-421
37199|-102
38001|16
38003|-44
38005|-364
38009|-10
38011|-16
38013|3
38015|-603
38017|-1425
38019|-1
38021|35
38023|-27
38025|-28
38027|-21
38029|-19
38031|14
38033|32
38035|-499
38037|-23
38039|-27
38041|6
38043|11
38045|-32
38047|-4
38049|10
38051|17
38053|-21
38055|2
38057|-37
38059|-172
38061|-140
38063|-33
38065|-4
38067|-8
38069|-35
38071|-95
38073|-8
38075|39
38077|-202
38079|-292
38081|-27
38083|-3
38085|-161
38089|-39
38091|19
38093|-191
38095|16
38097|-39
38099|-36
38101|-260
38103|-15
38105|-23
39001|-222
39003|-489
39005|-457
39007|-1950
39009|-369
39011|-405
39013|280
39015|-8
39017|-3335
39019|-26
39021|-483
39023|-1688
39025|-1620
39027|-312
39029|-440
39031|-518
39033|-528
39035|2222
39037|-429
39039|-420
39041|-565
39043|-625
39045|-1704
39047|-507
39049|-9077
39051|-286
39053|57
39055|-55
39057|-614
39059|-422
39061|-5426
39063|-334
39065|-218
39067|-136
39069|-338
39071|-798
39073|-238
39075|72
39077|-1049
39079|-467
39081|317
39083|-406
39085|-330
39087|48
39089|-1288
39091|-504
39093|-973
39095|-4245
39097|-371
39099|-2057
39101|-948
39103|-432
39105|-72
39107|-144
39109|-271
39111|-151
39113|-8356
39115|55
39117|-267
39119|-850
39121|33
39123|-513
39125|-66
39127|-685
39129|-196
39131|-252
39133|-1901
39135|-333
39137|-257
39139|-1851
39141|-1456
39143|-314
39145|-1163
39147|-702
39149|-303
39151|-4498
39153|-5058
39155|-1624
39157|-736
39159|-132
39161|-245
39163|2
39165|-312
39167|30
39169|-966
39171|-593
39173|-145
39175|-104
40001|-389
40003|18
40005|312
40007|33
40009|-76
40011|-68
40013|165
40015|325
40017|369
40019|224
40021|257
40023|341
40025|27
40027|-397
40029|119
40031|396
40033|66
40035|36
40037|861
40039|427
40041|-463
40043|73
40045|34
40047|-147
40049|217
40051|176
40053|88
40055|-9
40057|107
40059|65
40061|-98
40063|397
40065|94
40067|130
40069|126
40071|675
40073|31
40075|134
40077|198
40079|481
40081|230
40083|467
40085|-110
40087|225
40089|30
40091|223
40093|172
40095|-59
40097|449
40099|20
40101|423
40103|214
40105|125
40107|123
40109|5918
40111|437
40113|159
40115|640
40117|273
40119|365
40121|1076
40123|581
40125|141
40127|204
40129|-31
40131|24
40133|533
40135|-380
40137|73
40139|39
40141|102
40143|2908
40145|575
40147|158
40149|101
40151|43
40153|22
41000|-97
42001|-137
42003|-4268
42005|-91
42007|-481
42009|-13
42011|-4233
42013|-236
42015|-215
42017|-1477
42019|-461
42021|-866
42023|-44
42025|-557
42027|-69
42029|-1089
42031|212
42033|-146
42035|-9
42037|-607
42039|-159
42041|-788
42043|-1666
42045|-3171
42047|-157
42049|-2774
42051|184
42053|-3
42055|-529
42057|-134
42059|-179
42061|-192
42063|-80
42065|-273
42067|-333
42069|-2364
42071|498
42073|-33
42075|-919
42077|-4499
42079|-4225
42081|-668
42083|99
42085|-703
42087|-303
42089|-1206
42091|-3149
42093|45
42095|-2134
42097|-947
42099|-93
42101|-21155
42103|-512
42105|-215
42107|-2215
42109|-420
42111|-106
42113|19
42115|-173
42117|-222
42119|-372
42121|270
42123|-58
42125|-1515
42127|-210
42129|-2201
42131|-208
42133|-2837
44935|-9634
45001|-43
45003|-1610
45005|28
45007|-1957
45009|25
45011|-237
45013|-698
45015|-1222
45017|-87
45019|-283
45021|-1341
45023|-836
45025|-587
45027|-370
45029|-318
45031|-171
45033|62
45035|-1321
45037|-344
45039|-441
45041|-1320
45043|-894
45045|-4899
45047|-1397
45049|72
45051|-3028
45053|-266
45055|-1236
45057|-1642
45059|-985
45061|-140
45063|-2565
45065|-80
45067|64
45069|87
45071|119
45073|-661
45075|-1391
45077|-827
45079|-5639
45081|-14
45083|-1698
45085|-1259
45087|-2
45089|301
45091|-2554
46003|-17
46005|-142
46007|-8
46009|21
46011|-5
46013|60
46015|-119
46019|-105
46021|-10
46023|-105
46025|23
46027|61
46029|34
46031|-109
46033|10
46035|97
46037|0
46039|30
46041|-86
46043|-31
46045|-12
46047|50
46049|-11
46051|24
46053|-5
46055|2
46057|-7
46059|-10
46061|4
46063|-1
46065|-106
46067|-17
46069|4
46071|54
46073|32
46075|3
46077|13
46079|-36
46081|-71
46083|12
46085|4
46087|43
46089|-9
46091|-42
46093|-51
46095|-36
46097|27
46099|4
46101|-36
46103|-392
46105|-6
46107|-16
46109|24
46111|32
46113|-687
46115|27
46117|-39
46119|17
46121|-246
46123|64
46125|65
46127|114
46129|36
46135|50
46137|-59
47001|-137
47003|-1101
47005|199
47007|-225
47009|-713
47011|-1403
47013|-210
47015|-137
47017|-98
47019|426
47021|-229
47023|-251
47025|-163
47027|84
47029|-536
47031|-273
47033|-286
47035|-566
47037|1912
47039|-110
47041|-262
47043|-515
47045|204
47047|-426
47049|-73
47051|-280
47053|-242
47055|-15
47057|15
47059|-812
47061|-326
47063|-105
47065|-490
47067|-23
47069|-317
47071|164
47073|-780
47075|-1
47077|-192
47079|-391
47081|-483
47083|-63
47085|-145
47087|-65
47089|-360
47091|125
47093|-68
47095|-76
47097|241
47099|105
47101|-5
47103|-51
47105|-214
47107|-995
47109|-370
47111|-435
47113|561
47115|-212
47117|-470
47119|-609
47121|-271
47123|-548
47125|-575
47127|-42
47129|-5
47131|-357
47133|-422
47135|-136
47137|36
47139|-124
47141|-802
47143|-185
47145|309
47147|-1296
47149|-3344
47151|-214
47153|-142
47155|-207
47157|-2410
47159|-414
47161|-129
47163|-430
47165|-535
47167|-924
47169|-16
47171|-96
47173|45
47175|-32
47177|-490
47179|-496
47181|-20
47183|-165
47185|-114
47187|-401
47189|-1314
48001|857
48003|299
48005|1510
48007|638
48009|50
48011|12
48013|1176
48015|574
48017|214
48019|241
48021|-1862
48023|134
48025|607
48027|646
48029|13753
48031|-449
48033|4
48035|228
48037|487
48039|2716
48041|-56
48043|229
48045|12
48047|206
48049|625
48051|62
48053|112
48055|82
48057|424
48059|359
48061|11536
48063|144
48065|49
48067|-88
48069|109
48071|411
48073|472
48075|75
48077|23
48079|124
48081|142
48083|218
48085|3189
48087|33
48089|178
48091|270
48093|471
48095|24
48097|405
48099|-381
48101|11
48103|65
48105|262
48107|297
48109|177
48111|56
48113|19577
48115|627
48117|1041
48119|53
48121|4764
48123|437
48125|-1
48127|189
48129|128
48131|977
48133|546
48135|5528
48137|39
48139|784
48141|19008
48143|406
48145|21
48147|649
48149|242
48151|136
48153|655
48155|64
48157|-1060
48159|232
48161|275
48163|452
48165|486
48167|4420
48169|103
48171|132
48173|18
48175|209
48177|5
48179|114
48181|1769
48183|2309
48185|160
48187|-603
48189|318
48191|100
48193|102
48195|126
48197|57
48199|370
48201|50094
48203|-115
48205|65
48207|106
48209|-6265
48211|6
48213|1412
48215|8958
48217|377
48219|541
48221|900
48223|407
48225|707
48227|-2834
48229|411
48231|2306
48233|467
48235|1
48237|-126
48239|221
48241|516
48243|7
48245|3378
48247|-31
48249|969
48251|2888
48253|1801
48255|240
48257|393
48259|21
48261|-16
48263|1
48265|778
48267|3
48269|0
48271|-82
48273|794
48275|68
48277|310
48279|638
48281|31
48283|-20
48285|160
48287|-146
48289|23
48291|1606
48293|389
48295|119
48297|220
48299|-48
48301|0
48303|3145
48305|134
48307|293
48309|3962
48311|40
48313|-8
48315|1426
48317|38
48319|12
48321|507
48323|1547
48325|520
48327|39
48329|84854
48331|141
48333|-31
48335|238
48337|157
48339|2992
48341|364
48343|35
48345|-20
48347|892
48349|918
48351|282
48353|249
48355|5361
48357|220
48359|28
48361|1240
48363|944
48365|541
48367|876
48369|212
48371|487
48373|708
48375|4080
48377|342
48379|169
48381|18
48383|81
48385|249
48387|136
48389|382
48391|69
48393|1
48395|111
48397|128
48399|436
48401|736
48403|307
48405|163
48407|1100
48409|2531
48411|30
48413|-28
48415|1624
48417|-42
48419|405
48421|61
48423|2945
48425|130
48427|1400
48429|394
48431|20
48433|18
48435|276
48437|317
48439|18251
48441|1723
48443|6
48445|404
48447|-8
48449|164
48451|3341
48453|-43890
48455|-91
48457|125
48459|603
48461|63
48463|1241
48465|761
48467|305
48469|635
48471|428
48473|1795
48475|318
48477|397
48479|2915
48481|1051
48483|-23
48485|1557
48487|362
48489|634
48491|-617
48493|-113
48495|173
48497|-138
48499|765
48501|93
48503|1139
48505|1026
48507|-189
49003|-657
49007|58
49011|1286
49035|-303
49037|13
50000|-705
51001|-389
51003|-366
51007|-50
51009|126
51011|-82
51013|-129
51015|-336
51017|-67
51019|-135
51021|1
51023|-83
51025|-118
51027|114
51029|-120
51031|-182
51033|-480
51035|-428
"5103|-68
51037|-172
51041|-1231
51043|-77
51045|-14
51047|-547
51049|-19
51051|2
51053|-61
51057|-131
51059|-1724
51061|-609
51063|-11
51065|-86
51067|-1009
51069|-846
51071|-210
51073|-261
51075|-118
51077|-64
51079|-11
51081|-268
51083|-367
51085|-328
51087|-897
51089|-724
51091|22
51093|-61
51095|40
51097|-4
51099|-252
51101|-26
51103|168
51105|-130
51107|-405
51109|90
51111|-8
51113|-99
51115|2
51117|-49
51119|10
51121|-582
51125|-388
51127|-23
51131|-103
51133|66
51135|-126
51137|-209
51139|-222
51141|-181
51143|-614
51145|-104
51147|-173
51149|-218
51153|-1678
51155|-161
51157|8
51159|44
51161|-54
51163|-105
51165|-64
51167|-244
51169|-133
51171|-471
51173|-393
51175|-183
51177|-1487
51179|-872
51181|18
51183|84
51185|352
51187|-417
51191|-309
51193|14
51195|92
51197|-174
51199|-106
51510|-196
51515|-75
51520|-310
51530|-33
51540|16
51550|-207
51570|-134
51580|-18
51590|-720
51595|-137
51600|0
51610|-10
51620|209
51630|-111
51640|-182
51650|1011
51660|60
51670|-148
51678|44
51680|-209
51683|-481
51685|-108
51690|-461
51700|-338
51710|-199
51720|-7
51730|-392
51735|36
51740|28
51750|-72
51760|-367
51770|-1363
51790|-115
51800|218
51810|-760
51820|-346
51830|-40
51840|-476
52001|-82
52005|109
53000|-63400
54000|-6008
55001|-168
55003|-227
55005|-650
55007|-135
55009|-1665
55011|-16
55013|-136
55015|-392
55017|-635
55019|-184
55021|-540
55023|-130
55025|-2892
55027|-553
55029|-93
55031|-403
55033|-472
55035|-1013
55037|-41
55039|-445
55041|-96
55043|-335
55045|-304
55047|-194
55049|-165
55051|-87
55053|-87
55055|-655
55057|-75
55059|-1921
55061|-136
55063|-937
55065|-40
55067|-335
55069|-164
55071|-340
55073|-1149
55075|-522
55077|-80
55078|-172
55079|-285
55081|-347
55083|-436
55085|-292
55087|-1375
55089|-378
55091|-56
55093|-233
55095|-478
55097|-262
55099|-68
55101|-2792
55103|-310
55105|-1442
55107|-314
55109|-778
55111|-676
55113|-312
55115|-312
55117|-1161
55119|-324
55121|-265
55123|-256
55125|-318
55127|-1039
55129|-303
55131|-643
55133|-753
55135|-327
55137|-305
55139|-1036
55141|-598
55143|-214
55145|1
55147|-27
55149|-31
55151|0
55153|11
55155|22
56000|2590
U.S.|-1187207
|0
b|0
