COUNTY|DELTA
01001|-1108
01003|-2964
01005|-16
01007|-664
01009|-1478
01011|-259
01013|-985
01015|-3256
01017|-1046
01019|-563
01021|-1631
01023|-169
01025|-259
01027|-387
01029|-454
01031|-636
01033|-685
01035|-344
01037|-210
01039|-736
01041|-411
01043|-1518
01045|-815
01047|-1214
01049|-2707
01051|-1602
01053|-1150
01055|-2905
01057|-363
01059|-939
01061|-753
01063|36
01065|-354
01067|-251
01069|-2612
01071|-906
01073|-12108
01075|-235
01077|-992
01079|-847
01081|-2558
01083|-1713
01085|-604
01087|-419
01089|-4462
01091|-302
01093|-971
01095|-2342
01097|-7857
01099|-582
01101|-4006
01103|-2148
01105|-204
01107|-275
01109|-422
01111|-899
01113|-1227
01115|-2127
01117|-2608
01119|-91
01121|-2230
01123|-1577
01125|-3913
01127|-968
01129|-52
01131|-15
01133|-560
02110|-5008
04001|-1625
04003|0
04005|-3747
04007|-1944
04009|-1087
04011|-108
04013|-132981
04015|-10405
04017|-5343
04019|-32056
04021|-12881
04023|-2487
04025|-7715
04027|-6721
04029|-378
05001|161
05003|20
05005|-304
05007|-1795
05009|-349
05011|-191
05013|31
05015|-374
05017|269
05019|-253
05021|-113
05023|39
05025|151
05027|100
05029|-242
05031|-555
05033|-685
05035|-613
05037|7
05039|-53
05041|206
05043|-44
05045|-1069
05047|-76
05049|-114
05051|-1872
05053|-115
05055|-1088
05057|104
05059|-202
05061|-69
05063|202
05065|-237
05067|154
05069|528
05071|-352
05073|-16
05075|-88
05077|395
05079|27
05081|119
05083|-209
05085|-815
05087|-230
05089|-372
05091|81
05093|-108
05095|154
05097|-78
05099|-61
05101|17
05103|-103
05105|-12
05107|687
05109|-74
05111|-87
05113|-157
05115|-258
05117|1
05119|-886
05121|224
05123|110
05125|-757
05127|245
05129|11
05131|-70
05133|34
05135|-183
05137|42
05139|-265
05141|139
05143|-1639
05145|-252
05147|77
05149|-354
05159|38
06001|3234
06003|-10
06005|-681
06007|-2613
06009|-1133
06011|-165
06013|-9564
06015|-482
06017|-1851
06019|-32754
06021|-284
06023|-322
06025|-5658
06027|-375
06029|-20220
06031|-2246
06033|-1941
06035|-180
06037|-85853
06039|-2662
06041|-1151
06043|-181
06045|-2107
06047|-7277
06049|-154
06051|-107
06053|-7339
06055|-1055
06057|-1301
06059|-26228
06061|-3949
06063|-205
06065|-56004
06067|-28535
06069|-1145
06071|-70094
06073|-31156
06075|-2092
06077|-12872
06079|-2920
06081|-3028
06083|-3472
06085|-10057
06087|-3089
06089|-3947
06091|20
06093|-561
06095|-7270
06097|-5056
06099|-15182
06101|-2117
06103|-1104
06105|-136
06107|-18255
06109|-1026
06111|-11898
06113|-2623
06115|-1566
08003|-379
08007|-109
08009|58
08011|23
08013|-1392
08015|8
08017|2
08019|-53
08021|29
08023|20
08025|47
08027|-45
08029|-182
08031|-10502
08033|-15
08035|-1112
08037|-233
08039|-269
08041|-7922
08043|-389
08045|-676
08047|-112
08049|-71
08051|-139
08053|-7
08055|-109
08057|3
08059|-2442
08061|8
08063|34
08065|-93
08067|-378
08069|-2656
08071|-271
08073|-8
08075|-38
08077|-208
08079|5
08081|-46
08083|-400
08085|-1267
08087|-179
08089|-17
08091|-15
08093|-140
08095|0
08097|-24
08099|-36
08101|-1392
08103|-15
08105|123
08107|-88
08109|137
08111|-18
08113|-14
08115|-26
08117|-191
08119|-425
08121|-23
08123|-4099
08125|-27
08127|-2106
08129|-3573
08131|-336
09000|-34413
10001|-5570
10002|-8981
10003|-6526
11001|-17249
12001|-1932
12003|-1279
12005|-8217
12007|400
12009|-13811
12011|-35596
12013|-675
12015|-5879
12017|-4914
12019|-5179
12021|-8539
12023|-2569
12025|-82177
12027|-1841
12029|-845
12031|-26204
12033|-12022
12035|-3093
12037|-217
12039|-2789
12041|-1013
12045|-513
12047|-1363
12049|-2589
12051|-2790
12053|-9094
12055|-5497
12057|-46268
12059|-319
12061|-5176
12063|-2299
12065|-522
12067|-239
12069|-8529
12071|-31362
12073|-5323
12075|-1537
12077|-448
12079|-822
12081|-12710
12083|-17303
12085|-3424
12087|-2172
12089|-1926
12091|-4007
12093|-2544
12095|-40884
12097|-4389
12099|-23787
12101|-18495
12103|-23495
12105|-21551
12107|-3729
12109|-3309
12111|-9525
12113|-6473
12115|-12376
12117|-2874
12119|-1680
12121|-1576
12123|-1248
12125|-1753
12127|-16676
12129|-1300
12131|-1999
12133|-1940
13001|-739
13003|-347
13005|-264
13007|-74
13009|-1563
13011|-763
13013|-2568
13015|-3907
13017|-928
13019|-692
13021|-4810
13023|-265
13025|-892
13027|-411
13029|-558
13031|-927
13033|-720
13035|-1192
13037|-91
13039|-1153
13043|-90
13045|-4214
13047|-2345
13049|-342
13051|-3014
13053|93
13055|-1369
13057|-3321
13059|-3391
13061|-33
13063|-12148
13065|-139
13067|-10334
13069|-1907
13071|-1819
13073|-1211
13075|-839
13077|-2715
13079|-212
13081|-552
13083|-314
13085|-715
13087|-807
13089|-19591
13091|-320
13093|-289
13095|-3600
13097|-3633
13099|76
13100|-139
13103|-1001
13105|-369
13107|-889
13109|-203
13111|-1121
13113|-1361
13115|-2230
13117|-2030
13119|-594
13121|-18512
13123|-1135
13125|-106
13127|-1675
13129|-1807
13131|-912
13133|-527
13135|-23750
13137|-1134
13139|-4454
13141|-280
13143|-1232
13145|-467
13147|-728
13149|-457
13151|-4820
13153|-3645
13155|-538
13157|-2157
13159|-425
13161|-590
13163|-531
13165|-357
13167|-337
13169|-167
13171|-503
13173|-350
13175|-1811
13177|-462
13179|-902
13181|-157
13183|-169
13185|-3599
13187|-911
13189|-572
13191|-321
13193|-208
13195|-1098
13197|-69
13199|-602
13201|-209
13205|-1020
13207|-285
13209|-335
13211|-393
13213|-2581
13215|-3996
13217|-2556
13219|-328
13221|-210
13223|-3353
13225|-635
13227|-1133
13229|-580
13231|-441
13233|-1846
13235|-162
13237|-759
13239|-115
13241|-504
13243|27
13245|-6480
13247|-2739
13249|-187
13251|-26
13253|-416
13255|-3589
13257|-1024
13259|-14
13261|-754
13263|-29
13265|-73
13267|-464
13269|81
13271|-237
13273|-341
13275|-1089
13277|-1763
13279|-1052
13281|-431
13283|-426
13285|-2131
13287|-26
13289|-164
13291|-927
13293|-1172
13295|-2118
13297|-2886
13299|-1222
13301|-199
13303|-355
13305|-1169
13307|-12
13309|-342
13311|-850
13313|-4226
13315|-127
13317|-335
13319|-460
13321|-508
14000|-3342
15001|-6831
15003|-9275
15007|-1249
15009|-2956
16000|-41359
17001|-560
17003|-5
17005|-333
17007|-1165
17009|21
17011|-472
17013|-144
17015|-181
17017|-102
17019|-2123
17021|-519
17023|-149
17025|-136
17027|-197
17029|-672
17031|0
17033|-158
17035|-144
17037|-1358
17039|-224
17041|-285
17043|-9903
17045|-305
17047|-73
17049|-287
17051|-349
17053|-412
17055|-911
17057|1
17059|-22
17061|-172
17063|-444
17065|-160
17067|-96
17069|-54
17071|8
17073|-150
17075|-426
17077|-504
17079|-54
17081|-971
17083|-290
17085|-272
17087|-117
17089|-10464
17091|-2715
17093|-1420
17095|-168
17097|-6538
17099|-2107
17101|-312
17103|-3
17105|-113
17107|-244
17109|79
17111|-2513
17113|-996
17115|-575
17117|-592
17119|-3040
17121|-784
17123|-191
17125|-10
17127|-204
17129|-170
17131|-16
17133|-121
17135|-315
17137|-306
17139|-207
17141|-988
17143|-1702
17145|-427
17147|12
17149|-209
17151|-217
17153|-35
17155|-37
17157|-125
17159|-238
17161|-762
17163|-3657
17165|-341
17167|-1093
17169|71
17171|77
17173|-136
17175|-2
17177|-798
17179|-401
17181|-253
17183|-1308
17185|-221
17187|-112
17189|-60
17191|-219
17193|-232
17195|-633
17197|-9417
17199|-1218
17201|-7261
17203|110
18001|-485
18003|-4859
18005|-1518
18007|-270
18009|37
18011|-637
18013|-460
18015|-15
18017|-260
18019|-1276
18021|-269
18023|-606
18025|-48
18027|85
18029|-222
18031|-399
18033|-581
18035|540
18037|-143
18039|-9515
18041|-1012
18043|-411
18045|41
18047|-319
18049|-734
18051|-348
18053|-317
18055|-17
18057|-897
18059|-1169
18061|-465
18063|-1242
18065|-1330
18067|229
18069|-558
18071|-1088
18073|-846
18075|-276
18077|-310
18079|-888
18081|-1816
18083|348
18085|-825
18087|-661
18089|-7547
18091|-3052
18093|-512
18095|273
18097|-17720
18099|-1508
18101|-60
18103|-237
18105|426
18107|-337
18109|-1626
18111|-395
18113|-1256
18115|15
18117|-244
18119|19
18121|-110
18123|33
18125|-35
18127|-1993
18129|113
18131|-250
18133|-884
18135|-132
18137|-304
18139|-404
18141|-3648
18143|-499
18145|-1042
18147|-12
18149|-863
18151|-483
18153|46
18155|-117
18157|-1518
18159|-436
18161|-278
18163|-323
18165|-195
18167|-48
18169|-365
18171|-130
18173|-365
18175|-329
18177|-1610
18179|-132
18181|-345
18183|-337
19001|-96
19003|-37
19005|-520
19007|-213
19009|38
19011|-310
19013|-1401
19015|-475
19017|32
19019|-195
19021|-403
19023|-188
19025|-70
19027|-109
19029|-276
19031|-218
19033|-824
19035|5
19037|-10
19039|-273
19041|-268
19043|-134
19045|-711
19047|-70
19049|-660
19051|-77
19053|-219
19055|-189
19057|-864
19059|-161
19061|-1180
19063|-266
19065|-179
19067|-208
19069|-134
19071|-81
19073|-97
19075|-142
19077|-86
19079|-164
19081|-121
19083|-240
19085|-187
19087|-468
19089|-223
19091|-115
19093|-57
19095|-236
19097|-145
19099|-839
19101|-177
19103|-1854
19105|-175
19107|-90
19109|-59
19111|-528
19113|-2631
19115|-105
19117|-151
19119|-99
19121|-140
19123|-450
19125|-375
19127|-662
19129|-79
19131|-90
19133|20
19135|-28
19137|-141
19139|-911
19141|-190
19143|-29
19145|-225
19147|-204
19149|-248
19151|-147
19153|-11982
19155|-1972
19157|-250
19159|-137
19161|-21
19163|-3624
19165|-114
19167|-136
19169|-1168
19171|-397
19173|-151
19175|-247
19177|-179
19179|-869
19181|-539
19183|-386
19185|-68
19187|-671
19189|-221
19191|-261
19193|-1891
19195|-9
19197|-90
20001|-181
20003|-57
20005|-313
20007|23
20009|-298
20011|-429
20013|-72
20015|-462
20017|-20
20019|-42
20021|-251
20023|9
20025|-22
20027|-36
20029|-65
20031|-116
20033|5
20035|-461
20037|-674
20039|-20
20041|-25
20043|-16
20045|-1396
20047|12
20049|-3
20051|-78
20053|23
20055|-23
20057|-254
20059|-401
20061|-361
20063|2
20065|-5
20067|-27
20069|-34
20071|0
20073|-61
20075|20
20077|-27
20079|-45
20081|18
20083|-36
20085|17
20087|-185
20089|46
20091|-3530
20093|38
20095|21
20097|28
20099|-205
20101|8
20103|-527
20105|25
20107|-72
20109|1
20111|-540
20113|46
20115|15
20117|-159
20119|-63
20121|-427
20123|18
20125|-661
20127|2
20129|-24
20131|-59
20133|-284
20135|12
20137|-48
20139|-217
20141|-43
20143|-26
20145|-44
20147|12
20149|-110
20151|16
20153|29
20155|-466
20157|52
20159|-17
20161|-287
20163|-14
20165|-16
20167|10
20169|-696
20171|-14
20173|-4967
20175|-181
20177|-2309
20179|40
20181|-48
20183|14
20185|32
20187|-47
20189|-24
20191|-117
20193|-36
20195|11
20197|-105
20199|-3
20201|-10
20203|31
20205|-144
20207|-27
20209|-4172
21001|-580
21003|-659
21005|-841
21007|-34
21009|-1258
21011|-600
21013|-693
21015|-1471
21017|-823
21019|-604
21021|-556
21023|-309
21025|175
21027|-521
21029|-997
21031|-283
21033|-144
21035|-254
21037|-581
21039|-142
21041|-664
21043|-255
21045|-371
21047|-1319
21049|-1258
21051|-276
21053|-147
21055|-86
21057|-144
21059|-889
21061|-222
21063|-10
21065|-703
21067|-4828
21069|-397
21071|-315
21073|-1418
21075|24
21077|-359
21079|-474
21081|-958
21083|-519
21085|-865
21087|-470
21089|-341
21091|-110
21093|-2607
21095|53
21097|-708
21099|-343
21101|-791
21103|-122
21105|-48
21107|-917
21109|-447
21111|-14381
21113|-763
21115|-254
21117|-2093
21119|112
21121|-1277
21123|-496
21125|-1819
21127|13
21129|26
21131|160
21133|127
21135|-167
21137|-605
21139|-83
21141|-363
21143|-99
21145|-934
21147|-284
21149|-189
21151|-2015
21153|34
21155|-672
21157|-413
21159|197
21161|-392
21163|-340
21165|-277
21167|-456
21169|-419
21171|-309
21173|-911
21175|-86
21177|-392
21179|-1013
21181|-332
21183|-221
21185|-111
21187|-176
21189|-87
21191|-311
21193|-207
21195|-89
21197|-366
21199|-1561
21201|-83
21203|-504
21205|-526
21207|-767
21209|-1180
21211|-667
21213|-223
21215|-207
21217|-737
21219|-226
21221|-238
21223|-94
21225|-488
21227|-2200
21229|-383
21231|-372
21233|-163
21235|-1437
21237|-84
21239|-389
22001|-645
22003|-133
22005|-759
22007|51
22009|-830
22011|-115
22013|-355
22015|-1141
22017|-5012
22019|-2579
22021|-185
22023|99
22025|139
22027|-293
22029|-127
22031|-178
22033|-1055
22035|-5
22037|-175
22039|355
22041|-235
22043|-509
22045|303
22047|-244
22049|-162
22051|-5584
22053|63
22055|-83
22057|-54
22059|-31
22061|-845
22063|-1190
22065|56
22067|-479
22069|-490
22071|-24066
22073|-2649
22075|-152
22077|45
22079|-808
22081|-48
22083|-183
22085|-449
22087|-2876
22089|-789
22091|-194
22093|0
22095|-272
22097|-445
22099|-529
22101|749
22103|-4523
22105|-3842
22107|43
22109|-108
22111|-247
22113|127
22115|-788
22117|-668
22119|-1140
22121|-415
22123|-4
22125|-84
22127|-29
23000|-32518
24001|-1740
24003|-6834
24005|-11945
24009|-1666
24011|-1113
24013|-1672
24015|-2228
24017|-2425
24019|-1679
24021|-2489
24023|-446
24025|-3477
24027|-2615
24029|-510
24031|-8952
24033|-21201
24035|-793
24037|-2488
24039|-769
24041|-458
24043|-3085
24045|-3554
24047|-1229
24510|-31944
25000|-145165
26001|-50
26003|-172
26005|-2438
26007|-499
26009|-666
26011|-260
26013|-129
26015|-845
26017|-1229
26019|-444
26021|-1918
26023|-886
26025|-5049
26027|-1639
26029|-590
26031|-546
26033|-346
26035|-308
26037|-1089
26039|-241
26041|-802
26043|-310
26045|-744
26047|-772
26049|-6476
26051|-423
26053|-292
26055|-1720
26057|-457
26059|-1265
26061|-364
26063|-307
26065|-57
26067|-1019
26069|-420
26071|-174
26073|-3169
26075|-3213
26077|-4138
26079|-344
26081|-10146
26083|-22
26085|-179
26087|-2075
26089|-264
26091|-3165
26093|-2767
26095|-129
26097|-249
26099|-16963
26101|-345
26103|-915
26105|-577
26107|-1641
26109|-534
26111|-834
26113|-247
26115|-2988
26117|-1807
26119|-253
26121|-5315
26123|-1289
26125|-13960
26127|-798
26129|-421
26131|-82
26133|-497
26135|-224
26137|-846
26139|-4951
26141|-246
26143|-773
26145|-2436
26147|-4688
26149|-2335
26151|-1178
26153|-50
26155|-1546
26157|-1204
26159|-1338
26161|-4537
26163|-21445
26165|-1258
27000|0
27001|0
27003|0
27005|0
27007|0
27009|0
27011|0
27013|0
27015|0
27017|0
27019|0
27021|0
27023|0
27025|0
27027|0
27029|-2
27031|0
27033|1
27035|-8
27037|0
27039|-2
27041|0
27043|0
27045|0
27047|0
27049|5
27051|-1
27053|-1363
27055|1
27057|0
27059|0
27061|0
27063|1
27065|0
27067|-7
27069|0
27071|3
27073|0
27075|0
27077|1
27079|0
27081|1
27083|-1
27085|0
27087|0
27089|2
27091|-4
27093|2
27095|0
27097|3
27099|0
27101|-2
27103|0
27105|-7
27107|0
27109|0
27111|0
27113|-3
27115|0
27117|-3
27119|-4
27121|-2
27123|0
27125|-1
27127|0
27129|0
27131|0
27133|-2
27135|1
27137|0
27139|0
27141|0
27143|0
27145|0
27147|0
27149|4
27151|5
27153|0
27155|0
27157|0
27159|0
27161|0
27163|0
27165|-3
27167|-1
27169|-16
27171|0
27173|0
27175|-438
28001|-32
28003|-895
28005|-163
28007|-367
28009|-407
28011|-938
28013|-479
28015|-5
28017|-724
28019|-83
28021|-269
28023|-280
28025|-542
28027|-487
28029|-687
28031|-479
28033|-3294
28035|-1725
28037|-29
28039|-326
28041|-287
28043|-437
28045|-1323
28047|-5353
28049|-5372
28051|-297
28053|-234
28055|9
28057|-352
28059|-2810
28061|-270
28063|-11
28065|-240
28067|-1005
28069|-347
28071|-861
28073|-813
28075|-1682
28077|-28
28079|-241
28081|-2339
28083|-671
28085|-508
28087|-1407
28089|-1232
28091|-626
28093|-512
28095|-1245
28097|1
28099|-1014
28101|-551
28103|-450
28105|-610
28107|-844
28109|-1704
28111|-240
28113|-795
28115|-948
28117|-567
28119|-199
28121|-2769
28123|-812
28125|67
28127|-369
28129|-363
28131|-453
28133|-829
28135|-202
28137|-764
28139|-990
28141|-278
28143|-666
28145|-619
28147|-100
28149|-563
28151|-65
28153|-455
28155|-99
28157|135
28159|-342
28161|-132
28163|-942
29001|2558
29003|902
29005|503
29007|2781
29009|5081
29011|1828
29013|1985
29015|3097
29017|1867
29019|13535
29021|12234
29023|8628
29025|985
29027|3937
29029|4057
29031|7980
29033|1211
29035|1550
29037|6424
29039|2369
29041|739
29043|5657
29045|851
29047|13069
29049|1260
29051|6041
29053|1676
29055|4069
29057|1010
29059|2754
29061|926
29063|832
29065|2596
29067|2410
29069|8989
29071|7308
29073|1399
29075|553
29077|27524
29079|1283
29081|1132
29083|3193
29085|1277
29087|452
29089|1063
29091|7013
29093|2020
29095|87987
29097|16607
29099|16024
29101|4003
29103|368
29105|5117
29107|3424
29109|4431
29111|859
29113|4976
29115|1520
29117|1557
29119|3709
29121|1505
29123|2080
29125|1062
29127|4031
29129|309
29131|3484
29133|3873
29135|1294
29137|757
29139|1328
29141|2761
29143|4331
29145|5787
29147|1050
29149|1956
29151|738
29153|1674
29155|6148
29157|1744
29159|5563
29161|4588
29163|1921
29165|3557
29167|4604
29169|3850
29171|585
29173|802
29175|3891
29177|2022
29179|1338
29181|3499
29183|12414
29185|1506
29187|9229
29189|78652
29193|1605
29195|2646
29197|460
29199|322
29201|7724
29203|1724
29205|719
29207|4680
29209|3577
29211|918
29213|5094
29215|3641
29217|2989
29219|2853
29221|5583
29223|2810
29225|3648
29227|205
29229|3699
29510|93309
30201|-6633
31000|-6719
32001|-735
32003|-45507
32005|-367
32007|-424
32009|19
32011|4
32013|-68
32015|-12
32017|-53
32019|-875
32021|-93
32023|-1383
32027|-21
32029|-4
32031|-7804
32033|-61
32510|-1613
33000|-14791
34001|-2609
34003|-4566
34005|-3702
34007|-3858
34009|-2059
34011|-3574
34013|-10751
34015|-2951
34017|-7268
34019|-522
34021|-3118
34023|-4848
34025|-2035
34027|-2320
34029|-6828
34031|-8925
34033|-1004
34035|-1475
34037|-625
34039|-3162
34041|-618
35001|-19062
35003|39
35005|-602
35006|-450
35007|-199
35009|-515
35011|-53
35013|-5138
35015|-527
35017|-580
35019|-104
35021|27
35023|-74
35025|-300
35027|-339
35028|-47
35029|-1366
35031|-505
35033|25
35034|1392
35035|-1382
35037|-199
35039|-509
35041|21
35043|-2904
35045|-1380
35047|-286
35049|-3659
35051|-518
35053|-142
35055|-772
35057|-56
35059|18
35061|-2334
35063|61
36000|-409834
37001|-4672
37003|-885
37005|-266
37007|-681
37009|-843
37011|-627
37013|-956
37015|-285
37017|-595
37019|-2803
37021|-4892
37023|-2075
37025|-3697
37027|-2417
37029|-158
37031|-2111
37033|-348
37035|-4930
37037|-1043
37039|-1144
37041|-392
37043|-668
37045|-3251
37047|-1135
37049|-2248
37051|-7750
37053|-645
37055|-717
37057|-5109
37059|-944
37061|-1239
37063|-4410
37065|-1763
37067|-4617
37069|-1415
37071|-6651
37073|-253
37075|-241
37077|-728
37079|-461
37081|-11849
37083|-1048
37085|-2573
37087|-1500
37089|-2097
37091|-362
37093|-1561
37095|-19
37097|-2557
37099|-942
37101|-3944
37103|-178
37105|-2070
37107|-1898
37109|-1993
37111|-1923
37113|-1551
37115|-874
37117|-674
37119|-20160
37121|-109
37123|-1075
37125|-1648
37127|-2502
37129|-2620
37131|-426
37133|-1329
37135|-1291
37137|-263
37139|-865
37141|-1284
37143|-346
37145|-1421
37147|-3752
37149|-664
37151|-5024
37153|-2069
37155|-3788
37157|-2484
37159|-3891
37161|-2041
37163|-2126
37165|-844
37167|-1159
37169|-479
37171|-2157
37173|-461
37175|-1000
37177|-139
37179|-3605
37181|-2149
37183|-8374
37185|-340
37187|-240
37189|-343
37191|-2289
37193|-2208
37195|-1776
37197|-1125
37199|-371
38001|-4
38003|20
38005|-334
38009|-63
38011|-40
38013|-5
38015|-739
38017|-2207
38019|4
38021|-2
38023|-29
38025|33
38027|-38
38029|-24
38031|7
38033|-33
38035|-1027
38037|-25
38039|4
38041|-11
38043|-60
38045|-35
38047|9
38049|16
38051|-1
38053|71
38055|-44
38057|-26
38059|-344
38061|-18
38063|20
38065|-9
38067|-69
38069|-77
38071|-148
38073|-65
38075|-5
38077|-222
38079|-449
38081|-5
38083|-60
38085|-242
38089|-33
38091|-15
38093|-166
38095|-12
38097|-20
38099|-169
38101|-329
38103|-8
38105|15
39001|-923
39003|-1362
39005|-1152
39007|-3486
39009|-1144
39011|-1028
39013|-623
39015|-1145
39017|-5331
39019|-658
39021|-969
39023|-3790
39025|-3291
39027|-1103
39029|-1268
39031|-1341
39033|-1409
39035|3114
39037|-693
39039|-1206
39041|-1750
39043|-1868
39045|-3207
39047|-1136
39049|-24205
39051|-814
39053|-620
39055|-565
39057|-1735
39059|-717
39061|-14007
39063|-1502
39065|-768
39067|-184
39069|-529
39071|-1577
39073|-737
39075|-271
39077|-2064
39079|-796
39081|-882
39083|-1390
39085|-2057
39087|-875
39089|-3439
39091|-1439
39093|-4137
39095|-9538
39097|-905
39099|-4910
39101|-1957
39103|-1790
39105|-406
39107|-737
39109|-1852
39111|-163
39113|-11640
39115|-121
39117|-696
39119|-1890
39121|5
39123|-872
39125|-578
39127|-914
39129|-1249
39131|-924
39133|-2428
39135|-827
39137|-504
39139|-2115
39141|-2372
39143|-1535
39145|-555
39147|-1550
39149|-946
39151|-10023
39153|-5272
39155|-5938
39157|-2080
39159|-311
39161|-662
39163|-427
39165|-2272
39167|-731
39169|-2283
39171|-1046
39173|-1384
39175|-676
40001|-1009
40003|-96
40005|164
40007|10
40009|-339
40011|-114
40013|-107
40015|-185
40017|-526
40019|-592
40021|-217
40023|182
40025|-49
40027|-2155
40029|137
40031|-766
40033|-43
40035|-273
40037|-425
40039|365
40041|-349
40043|77
40045|-13
40047|-829
40049|-179
40051|-412
40053|10
40055|-6
40057|-18
40059|1
40061|-257
40063|169
40065|-229
40067|-64
40069|-168
40071|-36
40073|-125
40075|-18
40077|-127
40079|-177
40081|-297
40083|175
40085|-304
40087|-374
40089|-588
40091|-255
40093|49
40095|-105
40097|-141
40099|-18
40101|-1064
40103|-20
40105|-94
40107|198
40109|-3703
40111|-550
40113|91
40115|-196
40117|-243
40119|-603
40121|267
40123|443
40125|-669
40127|91
40129|-29
40131|-621
40133|119
40135|-679
40137|-158
40139|-197
40141|57
40143|-2542
40145|-290
40147|-750
40149|13
40151|101
40153|-261
41000|-240
42001|-981
42003|-10268
42005|-469
42007|-2142
42009|-361
42011|-6943
42013|-1291
42015|-626
42017|-5719
42019|-1128
42021|-1585
42023|-153
42025|-1130
42027|-302
42029|-2042
42031|-458
42033|-878
42035|-348
42037|-711
42039|-826
42041|-1946
42043|-3444
42045|-5668
42047|-418
42049|-5289
42051|-1470
42053|-86
42055|-2435
42057|-300
42059|-48
42061|-376
42063|-869
42065|-559
42067|-424
42069|-3592
42071|-3798
42073|-1127
42075|-2514
42077|-5005
42079|-6034
42081|-1233
42083|-297
42085|-1729
42087|-735
42089|-3949
42091|-5248
42093|-285
42095|-4084
42097|-1374
42099|-347
42101|-37027
42103|-1270
42105|-251
42107|-3348
42109|-486
42111|-484
42113|10
42115|-282
42117|-398
42119|-380
42121|-83
42123|-16
42125|-1844
42127|-928
42129|-5078
42131|-557
42133|-6306
44935|-20370
45001|-463
45003|-3849
45005|-192
45007|-4231
45009|-154
45011|-515
45013|-2680
45015|-5181
45017|-344
45019|-5083
45021|-2825
45023|-1799
45025|-1617
45027|-1160
45029|-1430
45031|-1239
45033|-1001
45035|-3194
45037|-497
45039|-924
45041|-3535
45043|-2115
45045|-8942
45047|-2362
45049|-951
45051|-10932
45053|-1017
45055|-2844
45057|-3191
45059|-1592
45061|-356
45063|-7380
45065|-206
45067|-619
45069|-291
45071|-1128
45073|-1547
45075|-3080
45077|-2921
45079|-10437
45081|-451
45083|-6530
45085|-3274
45087|-337
45089|-579
45091|-5089
46003|-7
46005|-439
46007|-11
46009|-23
46011|-136
46013|-265
46015|-68
46019|-238
46021|15
46023|-95
46025|13
46027|-91
46029|-461
46031|37
46033|-20
46035|-190
46037|0
46039|-13
46041|-178
46043|10
46045|-31
46047|-64
46049|-2
46051|-60
46053|-87
46055|-14
46057|-52
46059|-28
46061|-9
46063|-40
46065|-3
46067|-31
46069|-29
46071|-78
46073|3
46075|-32
46077|-46
46079|-53
46081|-308
46083|-189
46085|-75
46087|-11
46089|-41
46091|-60
46093|-175
46095|-24
46097|-38
46099|-3428
46101|-90
46103|-2023
46105|-46
46107|-1
46109|26
46111|-17
46113|-701
46115|-30
46117|-44
46119|-14
46121|-363
46123|-53
46125|-53
46127|-44
46129|-49
46135|-205
46137|-144
47001|-1947
47003|-2513
47005|-248
47007|-496
47009|-3541
47011|-3906
47013|-1512
47015|-623
47017|-905
47019|-903
47021|-1271
47023|-634
47025|-884
47027|-192
47029|-1528
47031|-2022
47033|-443
47035|-2034
47037|-11086
47039|-336
47041|-1230
47043|-1597
47045|-1093
47047|-945
47049|-654
47051|-977
47053|-958
47055|-816
47057|-873
47059|-2552
47061|-819
47063|-1619
47065|-6331
47067|-346
47069|-706
47071|-459
47073|-1363
47075|-663
47077|-757
47079|-1058
47081|-1241
47083|-262
47085|-719
47087|-293
47089|-1793
47091|-508
47093|-7803
47095|-179
47097|-1182
47099|-1229
47101|-354
47103|-643
47105|-1414
47107|-2216
47109|-731
47111|-939
47113|-2083
47115|-991
47117|-1281
47119|-2245
47121|-513
47123|-2025
47125|-3389
47127|-70
47129|-213
47131|-699
47133|-844
47135|-300
47137|-70
47139|-932
47141|-2020
47143|-1443
47145|-822
47147|-2343
47149|-7990
47151|-719
47153|-598
47155|-3119
47157|-22102
47159|-876
47161|-352
47163|-2657
47165|-3570
47167|-2417
47169|-416
47171|-311
47173|-657
47175|-262
47177|-1585
47179|-2253
47181|-333
47183|-1060
47185|-1163
47187|-1356
47189|-3619
48001|-1120
48003|-21
48005|-4516
48007|-986
48009|-39
48011|2
48013|-894
48015|-643
48017|75
48019|-146
48021|-4877
48023|80
48025|-678
48027|-10624
48029|-47192
48031|-588
48033|-9
48035|-495
48037|-2413
48039|-6745
48041|-4693
48043|-113
48045|-15
48047|-168
48049|-884
48051|-399
48053|-1677
48055|-2621
48057|-549
48059|-92
48061|-11845
48063|-436
48065|28
48067|-985
48069|-261
48071|-126
48073|-1780
48075|-144
48077|-20
48079|-122
48081|-25
48083|-320
48085|-6065
48087|11
48089|-225
48091|-1473
48093|-285
48095|20
48097|-645
48099|-1891
48101|0
48103|-26
48105|-30
48107|-178
48109|49
48111|-165
48113|-84133
48115|-9
48117|-63
48119|-87
48121|-4461
48123|-129
48125|34
48127|-417
48129|-11
48131|-125
48133|-6
48135|-1359
48137|58
48139|-3140
48141|-17544
48143|-564
48145|-635
48147|-555
48149|-320
48151|-97
48153|-50
48155|33
48157|-10749
48159|-154
48161|-541
48163|-560
48165|68
48167|-7315
48169|-112
48171|-366
48173|17
48175|-78
48177|-478
48179|-756
48181|-2261
48183|-3762
48185|-1117
48187|-3551
48189|-678
48191|-8
48193|-286
48195|9
48197|-147
48199|-819
48201|-99702
48203|-1980
48205|-65
48207|-154
48209|-12279
48211|-24
48213|-2052
48215|-31541
48217|-902
48219|-490
48221|-316
48223|-592
48225|-1208
48227|1894
48229|-138
48231|-2407
48233|-298
48235|-17
48237|-147
48239|-149
48241|-823
48243|-18
48245|-8667
48247|-75
48249|-464
48251|-2326
48253|-215
48255|-167
48257|-3098
48259|-132
48261|5
48263|-20
48265|-1112
48267|-234
48269|0
48271|-92
48273|5
48275|-56
48277|-2009
48279|-343
48281|-758
48283|-196
48285|-187
48287|-542
48289|-501
48291|-2800
48293|-714
48295|-3
48297|-191
48299|-680
48301|-1
48303|-5222
48305|12
48307|-124
48309|-10699
48311|12
48313|-656
48315|1102
48317|-78
48319|-6
48321|-1049
48323|-1858
48325|-587
48327|75
48329|129514
48331|-1077
48333|-128
48335|-56
48337|-291
48339|-8680
48341|-694
48343|-377
48345|24
48347|-1649
48349|157
48351|-740
48353|-2596
48355|-8453
48357|-73
48359|-8
48361|-2781
48363|-360
48365|-73
48367|-1881
48369|-36
48371|29
48373|-1289
48375|-998
48377|-34
48379|-228
48381|-1432
48383|-77
48385|-11
48387|135
48389|5
48391|-22
48393|-15
48395|-402
48397|-1614
48399|3
48401|-1252
48403|13
48405|83
48407|-358
48409|-920
48411|-198
48413|-36
48415|-214
48417|-45
48419|-365
48421|-43
48423|-1623
48425|24
48427|-569
48429|-122
48431|-25
48433|-48
48435|-79
48437|125
48439|-46219
48441|-2413
48443|5
48445|43
48447|22
48449|-1126
48451|-2235
48453|-97820
48455|-90
48457|-354
48459|-921
48461|-18
48463|-38
48465|-637
48467|-1380
48469|-2298
48471|-988
48473|-2038
48475|122
48477|-910
48479|-11920
48481|-1394
48483|1
48485|-1982
48487|-224
48489|-301
48491|-23305
48493|-1073
48495|-143
48497|-899
48499|-1550
48501|-100
48503|-96
48505|107
48507|199
49003|-3
49007|33
49011|109
49035|-114
49037|25
50000|-1503
51001|-574
51003|-926
51007|-363
51009|-363
51011|-315
51013|-312
51015|-945
51017|-115
51019|-694
51021|0
51023|-204
51025|-354
51027|-63
51029|-465
51031|-722
51033|-1091
51035|-696
"5103|-188
51037|-352
51041|-4294
51043|-186
51045|-102
51047|-1343
51049|-397
51051|-4
51053|-538
51057|-329
51059|-5691
51061|-1030
51063|-244
51065|-189
51067|-1670
51069|-1803
51071|-394
51073|-789
51075|-293
51077|-179
51079|-292
51081|-275
51083|-719
51085|-841
51087|-3817
51089|-2003
51091|-26
51093|-550
51095|-767
51097|-53
51099|-577
51101|-306
51103|4
51105|-395
51107|-1487
51109|-653
51111|-165
51113|-362
51115|-133
51117|-527
51119|-86
51121|-789
51125|-400
51127|-187
51131|-148
51133|-162
51135|-456
51137|-792
51139|-665
51141|-497
51143|-1391
51145|-244
51147|-401
51149|-175
51153|-4467
51155|-768
51157|-137
51159|-198
51161|-751
51163|-443
51165|-678
51167|-231
51169|-229
51171|-1191
51173|-739
51175|-259
51177|-2632
51179|-1430
51181|-115
51183|-97
51185|160
51187|-1078
51191|-816
51193|-321
51195|-125
51197|-675
51199|-324
51510|-961
51515|-80
51520|-674
51530|-200
51540|-483
51550|-2886
51570|-385
51580|-103
51590|-1509
51595|-271
51600|-4
51610|7
51620|-141
51630|-587
51640|-281
51650|-1303
51660|-320
51670|-775
51678|-46
51680|-853
51683|-958
51685|-335
51690|-704
51700|-3727
51710|-3567
51720|-39
51730|-1004
51735|-105
51740|-1266
51750|-202
51760|-2192
51770|-2688
51790|-543
51800|-1012
51810|-3983
51820|-918
51830|-143
51840|-855
52001|-957
52005|-614
53000|-172169
54000|-20041
55000|0
55001|-640
55003|-634
55005|-1248
55007|-153
55009|-5915
55011|-308
55013|-641
55015|-626
55017|-1659
55019|-628
55021|-1239
55023|-578
55025|-8732
55027|-1455
55029|-338
55031|-1648
55033|-1209
55035|-2111
55037|-168
55039|-1860
55041|-258
55043|-1011
55045|-818
55047|-439
55049|-475
55051|-201
55053|-373
55055|-1344
55057|-667
55059|-4638
55061|-353
55063|-2178
55065|-324
55067|-881
55069|-797
55071|-1399
55073|-2347
55075|-1189
55077|-337
55078|-338
55079|-26469
55081|-1276
55083|-929
55085|-663
55087|-2814
55089|-685
55091|-165
55093|-639
55095|-1085
55097|-994
55099|-157
55101|-6735
55103|-328
55105|-5254
55107|-750
55109|-1505
55111|-1532
55113|-722
55115|-855
55117|-2954
55119|-630
55121|-812
55123|-581
55125|-541
55127|-2451
55129|-679
55131|-1517
55133|-2556
55135|-1346
55137|-762
55139|-2964
55141|-1413
55143|-368
55145|-47
55147|-121
55149|-163
55151|-234
55153|15
55155|-12
56000|-1490
U.S.|-5757087
|0
b|0
