COUNTY|DELTA
01001|-2240
01003|-8672
01005|-912
01007|-1210
01009|-3119
01011|-459
01013|-1200
01015|-7419
01017|-2381
01019|-1111
01021|-3197
01023|-427
01025|-934
01027|-854
01029|-698
01031|-1441
01033|-2524
01035|-744
01037|-763
01039|-1300
01041|-516
01043|-2973
01045|-2279
01047|-2630
01049|-4336
01051|-3500
01053|-2079
01055|-5044
01057|-781
01059|-1540
01061|-1161
01063|-411
01065|-822
01067|-639
01069|-4460
01071|-2435
01073|-27654
01075|-637
01077|-3253
01079|-2141
01081|-4233
01083|-3430
01085|-805
01087|-1196
01089|-9036
01091|-1181
01093|-1606
01095|-4744
01097|-21376
01099|-1105
01101|-9089
01103|-5717
01105|-412
01107|-861
01109|-1278
01111|-1596
01113|-2784
01115|-4391
01117|-4893
01119|-623
01121|-4956
01123|-1979
01125|-7966
01127|-3372
01129|-629
01131|-710
01133|-1131
02110|-19184
04001|-5637
04003|0
04005|-7771
04007|-3312
04009|-2647
04011|-723
04013|-247721
04015|-14520
04017|-8650
04019|-58732
04021|-18505
04023|-4122
04025|-13724
04027|-11096
04029|-1013
05001|-499
05003|-372
05005|-1133
05007|-7383
05009|-1229
05011|-286
05013|-55
05015|-421
05017|-159
05019|-402
05021|-575
05023|-634
05025|-4
05027|-585
05029|-781
05031|-2588
05033|-2275
05035|-2125
05037|-298
05039|-217
05041|-4
05043|-105
05045|-2714
05047|-515
05049|-188
05051|-4206
05053|-438
05055|-1400
05057|-545
05059|-1107
05061|-621
05063|-190
05065|-254
05067|-367
05069|-1640
05071|-960
05073|-217
05075|-433
05077|136
05079|-348
05081|-298
05083|-1075
05085|-1966
05087|-554
05089|-701
05091|-1649
05093|-1358
05095|-42
05097|-329
05099|-318
05101|-201
05103|-499
05105|-203
05107|131
05109|-364
05111|-470
05113|-730
05115|-1703
05117|-189
05119|-10870
05121|-560
05123|-399
05125|-2706
05127|-375
05129|-230
05131|-3741
05133|-493
05135|-331
05137|-525
05139|-808
05141|-519
05143|-8592
05145|-1562
05147|-145
05149|-817
05159|629
06001|-22503
06003|-69
06005|-867
06007|-5088
06009|-1622
06011|-295
06013|-17145
06015|-694
06017|-3578
06019|-50826
06021|-582
06023|-2695
06025|-8379
06027|-492
06029|-29275
06031|-4675
06033|-2186
06035|-591
06037|-227280
06039|-5760
06041|-2557
06043|-365
06045|-3616
06047|-11540
06049|-317
06051|-247
06053|-9692
06055|-2408
06057|-1511
06059|-61097
06061|-4829
06063|-376
06065|-90313
06067|-44907
06069|-1656
06071|-110921
06073|-62256
06075|-9593
06077|-21385
06079|-5053
06081|-7644
06083|-8427
06085|-23478
06087|-5598
06089|-5846
06091|-120
06093|-1158
06095|-10742
06097|-9518
06099|-22444
06101|-2742
06103|-2351
06105|-240
06107|-28140
06109|-1612
06111|-19574
06113|-3642
06115|-2677
08003|-715
08007|-346
08009|-36
08011|-216
08013|-5817
08015|-376
08017|-12
08019|-211
08021|-113
08023|-146
08025|-219
08027|-181
08029|-1061
08031|-25124
08033|-84
08035|-2408
08037|-667
08039|-396
08041|-20464
08043|-1275
08045|-2035
08047|-198
08049|-270
08051|-292
08053|-14
08055|-301
08057|-58
08059|-11955
08061|9
08063|-159
08065|-306
08067|-1135
08069|-7183
08071|-941
08073|-71
08075|-483
08077|-4417
08079|-1
08081|-675
08083|-967
08085|-2181
08087|-1039
08089|-620
08091|-106
08093|-296
08095|-126
08097|-97
08099|-500
08101|-5731
08103|-194
08105|-332
08107|-341
08109|-177
08111|-29
08113|-100
08115|-68
08117|-496
08119|-866
08121|-98
08123|-8502
08125|-298
08127|-16587
08129|-15556
08131|-708
09000|-101168
10001|-8010
10002|-16391
10003|-10492
11001|-25482
12001|-10213
12003|-1774
12005|-12385
12007|-1766
12009|-24817
12011|-74980
12013|-1072
12015|-8702
12017|-8435
12019|-9071
12021|-19564
12023|-4856
12025|-170769
12027|-3007
12029|-1078
12031|-57235
12033|-19874
12035|-5325
12037|-538
12039|-3803
12041|-1179
12045|-688
12047|-1099
12049|-2559
12051|-4253
12053|-11585
12055|-6271
12057|-92364
12059|-1823
12061|-7097
12063|-2754
12065|-684
12067|-252
12069|-18899
12071|-42523
12073|-9233
12075|-2575
12077|-305
12079|-1252
12081|-21331
12083|-27102
12085|-5698
12087|-3339
12089|-3598
12091|-7996
12093|-3560
12095|-75477
12097|-22263
12099|-51177
12101|-26439
12103|-47074
12105|-42562
12107|-6705
12109|-6202
12111|-17540
12113|-5508
12115|-19457
12117|-14369
12119|-4109
12121|-2936
12123|-1448
12125|-863
12127|-32822
12129|-1541
12131|-2509
12133|-1700
13001|-1307
13003|-1261
13005|-754
13007|-84
13009|-2996
13011|-1515
13013|-4738
13015|-7418
13017|-1540
13019|-1499
13021|-9276
13023|-439
13025|-1025
13027|-984
13029|-1172
13031|-2999
13033|-1457
13035|-1696
13037|-224
13039|-2445
13043|-603
13045|-7111
13047|-4063
13049|-1504
13051|-12859
13053|-7
13055|-2122
13057|-7717
13059|-5751
13061|-85
13063|-25375
13065|-507
13067|-27984
13069|-3961
13071|-3629
13073|-3182
13075|-1325
13077|-7369
13079|-789
13081|-1045
13083|-1020
13085|-1148
13087|-1881
13089|-41688
13091|-1186
13093|-664
13095|-6669
13097|-7580
13099|-518
13100|-406
13103|-2319
13105|-1234
13107|-1650
13109|-622
13111|-1824
13113|-2714
13115|-6273
13117|-4662
13119|-1626
13121|-52675
13123|-2197
13125|-182
13127|-4977
13129|-4583
13131|-1807
13133|-1169
13135|-47346
13137|-2422
13139|-11569
13141|-541
13143|-2186
13145|-749
13147|-1835
13149|-842
13151|-10773
13153|-6543
13155|-606
13157|-3920
13159|-996
13161|-1136
13163|-1154
13165|-564
13167|-519
13169|-1294
13171|-1214
13173|-726
13175|-3227
13177|-1313
13179|-2003
13181|-293
13183|-1068
13185|-7008
13187|-1987
13189|-1291
13191|-747
13193|-710
13195|-1949
13197|-369
13199|-1523
13201|-414
13205|-1595
13207|-1121
13209|-590
13211|-1145
13213|-3985
13215|-8577
13217|-7088
13219|-771
13221|-694
13223|-7117
13225|-1781
13227|-2392
13229|-1622
13231|-877
13233|-3769
13235|-562
13237|-1534
13239|-229
13241|-1062
13243|-500
13245|-12961
13247|-5405
13249|-213
13251|-1074
13253|-473
13255|-5583
13257|-2155
13259|-134
13261|-1753
13263|-318
13265|-129
13267|-1303
13269|-428
13271|-777
13273|-773
13275|-2872
13277|-2707
13279|-2005
13281|-741
13283|-520
13285|-3994
13287|-494
13289|-356
13291|-1550
13293|-2209
13295|-3672
13297|-5238
13299|-1507
13301|-433
13303|-1442
13305|-2071
13307|-160
13309|-491
13311|-1926
13313|-8200
13315|-396
13317|-605
13319|-589
13321|-1317
14000|-9713
15001|-11065
15003|-20726
15007|-3144
15009|-5412
16000|-90314
17001|-1421
17003|-133
17005|-462
17007|-1662
17009|-48
17011|-716
17013|-83
17015|-346
17017|-201
17019|-3487
17021|-651
17023|-191
17025|-401
17027|-577
17029|-1310
17031|-4
17033|-273
17035|-70
17037|-2514
17039|-18
17041|-208
17043|-16036
17045|-574
17047|-99
17049|-694
17051|-447
17053|-122
17055|-961
17057|-562
17059|102
17061|-449
17063|-1016
17065|-92
17067|-448
17069|-42
17071|27
17073|-714
17075|-799
17077|-1061
17079|110
17081|-1465
17083|-460
17085|-333
17087|-33
17089|-17828
17091|-3534
17093|-2418
17095|-878
17097|-14377
17099|-3223
17101|-487
17103|-255
17105|-689
17107|-782
17109|-378
17111|-5537
17113|-3205
17115|-2724
17117|-1065
17119|-5405
17121|-1033
17123|-398
17125|-150
17127|-489
17129|-234
17131|-285
17133|-222
17135|-528
17137|-593
17139|-254
17141|-1856
17143|-4794
17145|-231
17147|-96
17149|-500
17151|-65
17153|-108
17155|-165
17157|-518
17159|-359
17161|-3698
17163|-6249
17165|-558
17167|-4173
17169|-77
17171|1
17173|-410
17175|-23
17177|-1433
17179|-2451
17181|-559
17183|-2063
17185|-346
17187|-240
17189|-113
17191|-139
17193|-248
17195|-1434
17197|-15606
17199|-1163
17201|-10902
17203|-162
18001|-858
18003|-12443
18005|-2159
18007|-404
18009|-288
18011|-1102
18013|-630
18015|-500
18017|-1411
18019|-3279
18021|-414
18023|-863
18025|-396
18027|-303
18029|-1082
18031|-935
18033|-1247
18035|-2404
18037|-746
18039|-11605
18041|-1368
18043|-1131
18045|-308
18047|-432
18049|-1017
18051|-657
18053|-2122
18055|-550
18057|-3061
18059|-1443
18061|-1113
18063|-2086
18065|-1899
18067|-2235
18069|-1133
18071|-1618
18073|-1053
18075|-789
18077|-885
18079|-1135
18081|-3074
18083|-296
18085|-2196
18087|-844
18089|-13042
18091|-3906
18093|-881
18095|-2835
18097|-45507
18099|-2025
18101|-17
18103|-1151
18105|-732
18107|-842
18109|-1432
18111|-461
18113|-2017
18115|-153
18117|-623
18119|-302
18121|-201
18123|-379
18125|-284
18127|-3889
18129|-131
18131|-566
18133|-987
18135|-843
18137|-700
18139|-510
18141|-8966
18143|-1101
18145|-1381
18147|-254
18149|-1420
18151|-1250
18153|-243
18155|-327
18157|-3146
18159|-427
18161|-345
18163|-3684
18165|-415
18167|-1753
18169|-993
18171|-217
18173|-1182
18175|-982
18177|-2416
18179|-735
18181|-810
18183|-902
19001|-124
19003|-151
19005|-391
19007|-241
19009|-91
19011|-446
19013|-3456
19015|-725
19017|-278
19019|-430
19021|-802
19023|-467
19025|-216
19027|-467
19029|-437
19031|-317
19033|-1392
19035|-234
19037|-142
19039|-464
19041|-479
19043|-393
19045|-1733
19047|-273
19049|-1246
19051|-226
19053|-447
19055|-543
19057|-1305
19059|-375
19061|-2529
19063|-347
19065|-577
19067|-469
19069|-219
19071|-219
19073|-237
19075|-57
19077|-239
19079|-367
19081|-185
19083|-422
19085|-252
19087|-691
19089|-255
19091|-256
19093|-169
19095|-277
19097|-555
19099|-990
19101|-602
19103|-1884
19105|-522
19107|-359
19109|-290
19111|-1068
19113|-4557
19115|-143
19117|-450
19119|-224
19121|-338
19123|-562
19125|-650
19127|-1635
19129|-285
19131|-176
19133|-71
19135|-258
19137|-248
19139|-1790
19141|-502
19143|-91
19145|-515
19147|-229
19149|-354
19151|-298
19153|-16961
19155|-3597
19157|-458
19159|-121
19161|-150
19163|-5042
19165|-117
19167|-409
19169|-1904
19171|-580
19173|-79
19175|-619
19177|-189
19179|-1473
19181|-1090
19183|-702
19185|-136
19187|-1138
19189|-338
19191|-416
19193|-4054
19195|-202
19197|-404
20001|-314
20003|-160
20005|-825
20007|-47
20009|-961
20011|-603
20013|-271
20015|-1334
20017|-17
20019|-127
20021|-779
20023|-33
20025|-16
20027|-178
20029|-202
20031|-149
20033|-9
20035|-973
20037|-1256
20039|-34
20041|-312
20043|-50
20045|-2100
20047|-94
20049|-55
20051|-586
20053|-34
20055|-1238
20057|-1255
20059|-875
20061|-834
20063|-22
20065|-11
20067|-190
20069|-79
20071|-19
20073|-301
20075|-50
20077|-127
20079|-932
20081|-41
20083|-30
20085|-126
20087|-336
20089|-49
20091|-7346
20093|-73
20095|-220
20097|-61
20099|-850
20101|10
20103|-950
20105|-86
20107|-296
20109|-50
20111|-1175
20113|-542
20115|-283
20117|-286
20119|-113
20121|-791
20123|-24
20125|-1706
20127|-74
20129|-91
20131|-90
20133|-569
20135|-75
20137|-122
20139|-513
20141|-85
20143|-82
20145|-162
20147|-118
20149|-373
20151|-218
20153|7
20155|-1429
20157|-68
20159|-200
20161|-696
20163|-81
20165|-113
20167|-176
20169|-2211
20171|-113
20173|-19565
20175|-831
20177|-6098
20179|18
20181|-201
20183|-43
20185|-80
20187|-56
20189|-81
20191|-644
20193|-116
20195|-40
20197|-160
20199|-34
20201|-81
20203|-39
20205|-378
20207|-171
20209|-9314
21001|-701
21003|-727
21005|-907
21007|-223
21009|-1882
21011|-640
21013|-1118
21015|-3261
21017|-916
21019|-1366
21021|-860
21023|-451
21025|-290
21027|-802
21029|-1818
21031|-535
21033|-435
21035|-748
21037|-2281
21039|-194
21041|-765
21043|-799
21045|-439
21047|-1949
21049|-1211
21051|-726
21053|-110
21055|-193
21057|-264
21059|-2927
21061|-425
21063|-159
21065|-637
21067|-8935
21069|-546
21071|-1237
21073|-1826
21075|-128
21077|-514
21079|-629
21081|-1237
21083|-1047
21085|-1095
21087|-409
21089|-509
21091|-330
21093|-2901
21095|-226
21097|-935
21099|-623
21101|-1675
21103|-580
21105|-253
21107|-1541
21109|-526
21111|-26086
21113|-1365
21115|-841
21117|-4810
21119|-329
21121|-1584
21123|-695
21125|-2038
21127|-349
21129|-186
21131|91
21133|-741
21135|-282
21137|-1200
21139|-451
21141|-983
21143|-190
21145|-1750
21147|-623
21149|-395
21151|-2889
21153|-375
21155|-1002
21157|-946
21159|-229
21161|-870
21163|-618
21165|-74
21167|-617
21169|-534
21171|-578
21173|-1024
21175|-383
21177|-903
21179|-1591
21181|-316
21183|-548
21185|-664
21187|-398
21189|-118
21191|-412
21193|-588
21195|-1864
21197|-671
21199|-2110
21201|-120
21203|-750
21205|-973
21207|-845
21209|-1483
21211|-1107
21213|-764
21215|-440
21217|-1171
21219|-449
21221|-464
21223|-119
21225|-765
21227|-4204
21229|-522
21231|-629
21233|-385
21235|-1500
21237|-224
21239|-736
22001|-2491
22003|-917
22005|-2482
22007|-619
22009|-1706
22011|-993
22013|-480
22015|-2020
22017|-8561
22019|-7548
22021|-465
22023|43
22025|-184
22027|-647
22029|-572
22031|-665
22033|-9747
22035|76
22037|-485
22039|-748
22041|-667
22043|-694
22045|-3020
22047|-1063
22049|-257
22051|-13181
22053|-1111
22055|-4825
22057|-2883
22059|-418
22061|-915
22063|-3947
22065|-89
22067|-879
22069|-1234
22071|-25700
22073|-3763
22075|-715
22077|-316
22079|-3326
22081|-238
22083|-656
22085|-1385
22087|-3685
22089|-1841
22091|-543
22093|-540
22095|-1538
22097|-3187
22099|-2160
22101|-1798
22103|-5715
22105|-4582
22107|-43
22109|-4034
22111|-734
22113|-1920
22115|-1051
22117|-1965
22119|-1558
22121|-683
22123|-442
22125|-123
22127|-347
23000|-54677
24001|-2768
24003|-9982
24005|-22387
24009|-3115
24011|-1937
24013|-3130
24015|-4382
24017|-3772
24019|-1915
24021|-4770
24023|-984
24025|-5971
24027|-4388
24029|-889
24031|-16885
24033|-33945
24035|-1726
24037|-3672
24039|-1072
24041|-1007
24043|-6283
24045|-4889
24047|-1691
24510|-50658
25000|-245365
26001|-437
26003|-402
26005|-5400
26007|-1177
26009|-1156
26011|-815
26013|-161
26015|-2874
26017|-4311
26019|-736
26021|-6931
26023|-2552
26025|-8783
26027|-3097
26029|-1396
26031|-986
26033|-1667
26035|-1558
26037|-2211
26039|-570
26041|-1445
26043|-1045
26045|-3999
26047|-1467
26049|-24792
26051|-1168
26053|-728
26055|-3553
26057|-1744
26059|-2496
26061|-1333
26063|-1074
26065|-1066
26067|-3077
26069|-1391
26071|-539
26073|-5781
26075|-8129
26077|-12880
26079|-1015
26081|-28155
26083|-90
26085|-731
26087|-4689
26089|-620
26091|-5362
26093|-5946
26095|-244
26097|-519
26099|-45525
26101|-1018
26103|-2879
26105|-1463
26107|-2348
26109|-1179
26111|-2456
26113|-873
26115|-6793
26117|-3616
26119|-401
26121|-10791
26123|-3332
26125|-42627
26127|-1568
26129|-856
26131|-253
26133|-1338
26135|-360
26137|-1242
26139|-12401
26141|-479
26143|-1308
26145|-9478
26147|-8994
26149|-4346
26151|-2089
26153|-85
26155|-3346
26157|-2895
26159|-4432
26161|-10967
26163|-110947
26165|-1754
27000|0
27001|0
27003|0
27005|0
27007|0
27009|0
27011|-14
27013|0
27015|0
27017|0
27019|0
27021|0
27023|0
27025|0
27027|0
27029|-15
27031|0
27033|-28
27035|-100
27037|0
27039|-42
27041|0
27043|0
27045|0
27047|0
27049|-64
27051|-17
27053|-1675
27055|-38
27057|-39
27059|0
27061|0
27063|-11
27065|0
27067|-115
27069|-7
27071|-26
27073|0
27075|0
27077|0
27079|0
27081|-20
27083|-85
27085|0
27087|-15
27089|-54
27091|-66
27093|-44
27095|0
27097|-62
27099|0
27101|-13
27103|0
27105|-20
27107|-8
27109|0
27111|0
27113|-23
27115|0
27117|-18
27119|-58
27121|-34
27123|0
27125|0
27127|0
27129|0
27131|0
27133|-10
27135|-17
27137|0
27139|0
27141|0
27143|0
27145|0
27147|0
27149|-23
27151|-21
27153|0
27155|-5
27157|0
27159|0
27161|0
27163|0
27165|-28
27167|-8
27169|-76
27171|0
27173|-43
27175|0
28001|-888
28003|-1657
28005|-441
28007|-776
28009|-520
28011|-1539
28013|-640
28015|-102
28017|-919
28019|-415
28021|-472
28023|-891
28025|-726
28027|-1127
28029|-1363
28031|-1028
28033|-6223
28035|-3430
28037|-345
28039|-1320
28041|-539
28043|-1067
28045|-2668
28047|-10851
28049|-10348
28051|-649
28053|-533
28055|-7
28057|-1003
28059|-6628
28061|-644
28063|95
28065|-604
28067|-3484
28069|-395
28071|-1401
28073|-1954
28075|-3425
28077|-539
28079|-911
28081|-4058
28083|-1456
28085|-1423
28087|-2516
28089|-2734
28091|-1560
28093|-1939
28095|-1513
28097|-242
28099|-1808
28101|-830
28103|-446
28105|-1349
28107|-1401
28109|-3237
28111|-477
28113|-1871
28115|-1547
28117|-1470
28119|-361
28121|-3194
28123|-1433
28125|-43
28127|-1074
28129|-688
28131|-938
28133|-681
28135|-550
28137|-1301
28139|-1578
28141|-953
28143|-1066
28145|-1139
28147|-652
28149|-2085
28151|-1437
28153|-1142
28155|-262
28157|-247
28159|-1026
28161|-561
28163|-1113
29925|-199695
30201|-30796
31000|-40109
32001|-1194
32003|-93705
32005|-933
32007|-1544
32009|-1
32011|-28
32013|-588
32015|-184
32017|-192
32019|-1885
32021|-219
32023|-3281
32027|-132
32029|-45
32031|-16983
32033|-293
32510|-2863
33000|-38509
34001|-6238
34003|-9317
34005|-6628
34007|-10454
34009|-2184
34011|-6094
34013|-28990
34015|-5189
34017|-19303
34019|-882
34021|-6833
34023|-10992
34025|-5831
34027|-3494
34029|-12768
34031|-16451
34033|-1855
34035|-2583
34037|-1414
34039|-8782
34041|-1372
35001|-37181
35003|-131
35005|-3312
35006|-1432
35007|-500
35009|-1489
35011|-66
35013|-10390
35015|-2219
35017|-1924
35019|-216
35021|7
35023|-349
35025|-3748
35027|-924
35028|-88
35029|-2122
35031|-967
35033|-98
35034|-3331
35035|-2902
35037|-275
35039|-1970
35041|-616
35043|-8532
35045|-7747
35047|-1326
35049|-5979
35051|-714
35053|-529
35055|-1622
35057|-817
35059|-12
35061|-3935
35063|-503
36000|-767564
37001|-7503
37003|-1659
37005|-408
37007|-1190
37009|-1205
37011|-893
37013|-1664
37015|-986
37017|-1276
37019|-5021
37021|-10362
37023|-4175
37025|-6867
37027|-4385
37029|-293
37031|-2843
37033|-953
37035|-7804
37037|-1496
37039|-1615
37041|-753
37043|-678
37045|-5868
37047|-2780
37049|-3413
37051|-14774
37053|-705
37055|-1328
37057|-8118
37059|-1635
37061|-2413
37063|-8885
37065|-3372
37067|-12189
37069|-2285
37071|-12549
37073|-380
37075|-405
37077|-1906
37079|-705
37081|-19491
37083|-1989
37085|-5566
37087|-2775
37089|-3973
37091|-979
37093|-2381
37095|-93
37097|-5136
37099|-1335
37101|-7089
37103|-499
37105|-3385
37107|-2836
37109|-3636
37111|-2675
37113|-2175
37115|-1345
37117|-943
37119|-40235
37121|-482
37123|-1214
37125|-2676
37127|-3987
37129|-5944
37131|-864
37133|-2296
37135|-2709
37137|-484
37139|-1589
37141|-2345
37143|-530
37145|-1659
37147|-6255
37149|-893
37151|-6554
37153|-2932
37155|-9458
37157|-4029
37159|-6815
37161|-3972
37163|-3123
37165|-1277
37167|-2731
37169|-1260
37171|-3336
37173|-975
37175|-1673
37177|-165
37179|-7559
37181|-2305
37183|-19906
37185|-829
37187|-485
37189|-1169
37191|-4822
37193|-4266
37195|-3451
37197|-1670
37199|-720
38001|3
38003|-207
38005|-165
38009|-92
38011|-36
38013|-26
38015|-699
38017|-3384
38019|-9
38021|-88
38023|-32
38025|-15
38027|-20
38029|-11
38031|12
38033|-21
38035|-1241
38037|-19
38039|5
38041|-42
38043|-73
38045|-29
38047|-24
38049|-54
38051|17
38053|-65
38055|-31
38057|-106
38059|-517
38061|-2
38063|-17
38065|-3
38067|-132
38069|-58
38071|-172
38073|-138
38075|-52
38077|-341
38079|-900
38081|-39
38083|-44
38085|-216
38089|-304
38091|-61
38093|-301
38095|-34
38097|-202
38099|-352
38101|-692
38103|-9
38105|-192
39001|-1706
39003|-4497
39005|-1866
39007|-5354
39009|-2005
39011|-1689
39013|-2498
39015|-2543
39017|-12926
39019|-1498
39021|-1648
39023|-6566
39025|-6325
39027|-2284
39029|-4284
39031|-1861
39033|-2514
39035|1523
39037|-1735
39039|-2136
39041|-2380
39043|-3794
39045|-5524
39047|-1479
39049|-46220
39051|-1563
39053|-1209
39055|-1410
39057|-3150
39059|-1530
39061|-36770
39063|-2613
39065|-1190
39067|-645
39069|-1141
39071|-3183
39073|-1584
39075|-814
39077|-2740
39079|-1419
39081|-2488
39083|-2400
39085|-7145
39087|-2220
39089|-6591
39091|-2871
39093|-10264
39095|-16874
39097|-1479
39099|-11519
39101|-3135
39103|-4175
39105|-839
39107|-1268
39109|-3517
39111|-472
39113|-20387
39115|-528
39117|-1710
39119|-3990
39121|-309
39123|-977
39125|-1153
39127|-1402
39129|-2516
39131|-1592
39133|-4946
39135|-1638
39137|-756
39139|-5432
39141|-3415
39143|-2162
39145|-2559
39147|-3102
39149|-2068
39151|-17380
39153|-19880
39155|-9262
39157|-4436
39159|-914
39161|-1454
39163|-914
39165|-4751
39167|-1860
39169|-3916
39171|-1914
39173|-3092
39175|-923
40001|-1836
40003|-268
40005|-785
40007|-143
40009|-1397
40011|-607
40013|-1774
40015|-1235
40017|-3075
40019|-2348
40021|-1701
40023|-706
40025|-165
40027|-7817
40029|-140
40031|-3847
40033|-309
40035|-749
40037|-3813
40039|-803
40041|-1698
40043|-95
40045|-187
40047|-3077
40049|-975
40051|-2037
40053|-41
40055|-248
40057|-108
40059|-116
40061|-681
40063|-539
40065|-943
40067|-358
40069|-709
40071|-2267
40073|-561
40075|-380
40077|-464
40079|-2538
40081|-1276
40083|-1553
40085|-581
40087|-1584
40089|-1706
40091|-1004
40093|-226
40095|-781
40097|-1584
40099|-386
40101|-3220
40103|-402
40105|-480
40107|-263
40109|-31851
40111|-1980
40113|-1180
40115|-1592
40117|-774
40119|-2920
40121|-1623
40123|-1508
40125|-3569
40127|-473
40129|-151
40131|-3694
40133|-1017
40135|-2449
40137|-1934
40139|-828
40141|-237
40143|-22629
40145|-1596
40147|-2356
40149|-572
40151|-161
40153|-1112
41000|-364
42001|-2467
42003|-28715
42005|-2247
42007|-5167
42009|-1544
42011|-14059
42013|-3664
42015|-1844
42017|-11365
42019|-4190
42021|-4154
42023|-249
42025|-2447
42027|-1849
42029|-5260
42031|-1359
42033|-3002
42035|-1062
42037|-1815
42039|-3542
42041|-5608
42043|-8963
42045|-14208
42047|-944
42049|-12274
42051|-4590
42053|-166
42055|-5562
42057|-596
42059|-766
42061|-1197
42063|-2527
42065|-1573
42067|-714
42069|-7052
42071|-16382
42073|-3368
42075|-4780
42077|-8234
42079|-12238
42081|-3560
42083|-1470
42085|-4012
42087|-2068
42089|-7759
42091|-12349
42093|-567
42095|-8061
42097|-3253
42099|-1163
42101|-75361
42103|-1968
42105|-464
42107|-5620
42109|-980
42111|-2011
42113|-134
42115|-1098
42117|-1224
42119|-922
42121|-2023
42123|-1203
42125|-4359
42127|-1503
42129|-10025
42131|-970
42133|-14893
44935|-52393
45001|-981
45003|-6999
45005|-478
45007|-7733
45009|-686
45011|-1159
45013|-5989
45015|-8412
45017|-548
45019|-12525
45021|-3506
45023|-2567
45025|-2767
45027|-1589
45029|-2082
45031|-2809
45033|-1992
45035|-6887
45037|-966
45039|-1180
45041|-5849
45043|-2413
45045|-17009
45047|-3264
45049|-1335
45051|-17338
45053|-1845
45055|-3481
45057|-4630
45059|-3138
45061|-516
45063|-11324
45065|-192
45067|-1424
45069|-1220
45071|-2177
45073|-3234
45075|-4491
45077|-5082
45079|-14851
45081|-661
45083|-13081
45085|-4635
45087|-1228
45089|-1472
45091|-8188
46003|-50
46005|-910
46007|-222
46009|-254
46011|-560
46013|-1158
46015|-303
46019|-525
46021|4
46023|-357
46025|-62
46027|-374
46029|-1009
46031|-209
46033|-195
46035|-729
46037|-206
46039|-98
46041|-528
46043|-59
46045|-75
46047|-279
46049|-28
46051|-168
46053|-178
46055|-20
46057|-181
46059|-18
46061|-13
46063|-51
46065|-442
46067|-184
46069|-35
46071|-259
46073|-73
46075|-8
46077|-128
46079|-285
46081|-853
46083|-371
46085|-161
46087|-174
46089|-69
46091|-102
46093|-716
46095|-147
46097|-75
46099|-9307
46101|-200
46103|-4900
46105|-53
46107|-15
46109|-544
46111|-62
46113|-1313
46115|-129
46117|-41
46119|-9
46121|-876
46123|-189
46125|-369
46127|-395
46129|-215
46135|-908
46137|-176
47001|-3323
47003|-3163
47005|-631
47007|-744
47009|-4876
47011|-5504
47013|-2692
47015|-854
47017|-1303
47019|-2766
47021|-2326
47023|-799
47025|-1540
47027|-539
47029|-2143
47031|-3193
47033|-577
47035|-2883
47037|-31260
47039|-539
47041|-1125
47043|-2972
47045|-1862
47047|-1217
47049|-1077
47051|-1839
47053|-2300
47055|-1315
47057|-1468
47059|-3606
47061|-911
47063|-3413
47065|-14354
47067|-509
47069|-1485
47071|-1204
47073|-2786
47075|-1139
47077|-1724
47079|-1651
47081|-1733
47083|-372
47085|-875
47087|-519
47089|-2511
47091|-903
47093|-16489
47095|-432
47097|-1879
47099|-2051
47101|-619
47103|-1559
47105|-2228
47107|-2458
47109|-1434
47111|-1512
47113|-4686
47115|-1520
47117|-1906
47119|-4563
47121|-658
47123|-2835
47125|-5658
47127|-275
47129|-749
47131|-1145
47133|-1025
47135|-487
47137|-84
47139|-1172
47141|-3387
47143|-2286
47145|-1955
47147|-3181
47149|-13441
47151|-967
47153|-1231
47155|-5461
47157|-50296
47159|-1171
47161|-531
47163|-6922
47165|-7119
47167|-3363
47169|-434
47171|-845
47173|-1147
47175|-276
47177|-2185
47179|-4746
47181|-587
47183|-1751
47185|-1699
47187|-2630
47189|-4975
48001|-1742
48003|-451
48005|-4610
48007|-698
48009|-35
48011|-9
48013|-2469
48015|-1559
48017|-185
48019|-361
48021|-3304
48023|-143
48025|-1280
48027|-12994
48029|-76559
48031|-300
48033|-5
48035|-985
48037|-4331
48039|-10062
48041|-5302
48043|-276
48045|-1
48047|-271
48049|-971
48051|-755
48053|-2110
48055|-2389
48057|-1037
48059|-492
48061|-19117
48063|-941
48065|-76
48067|-1523
48069|-141
48071|-1045
48073|-2826
48075|-72
48077|125
48079|-156
48081|8
48083|-199
48085|-11181
48087|-149
48089|-773
48091|-2839
48093|-700
48095|-44
48097|-1092
48099|-1757
48101|-8
48103|-49
48105|-247
48107|-554
48109|-114
48111|-196
48113|-106998
48115|-978
48117|-934
48119|-241
48121|-11081
48123|-1069
48125|-62
48127|-318
48129|-95
48131|-1116
48133|-654
48135|-6758
48137|-67
48139|-5604
48141|-36145
48143|-1429
48145|-774
48147|-1059
48149|-704
48151|-106
48153|-62
48155|-34
48157|-6498
48159|-405
48161|-894
48163|-837
48165|-612
48167|-10240
48169|-127
48171|-686
48173|-14
48175|-31
48177|-551
48179|-868
48181|-4699
48183|-6168
48185|-1650
48187|-4527
48189|-1638
48191|-199
48193|-428
48195|-272
48197|-227
48199|-1771
48201|-166310
48203|-3379
48205|-118
48207|-280
48209|-6073
48211|-118
48213|-3898
48215|-47153
48217|-1633
48219|-1830
48221|-1509
48223|-1471
48225|-1353
48227|-401
48229|-315
48231|-3528
48233|-744
48235|-40
48237|-43
48239|-865
48241|-1375
48243|-57
48245|-10616
48247|-367
48249|-2175
48251|-6416
48253|-292
48255|-613
48257|-5086
48259|-584
48261|-22
48263|-10
48265|-1838
48267|-11
48269|-5
48271|-133
48273|-839
48275|-170
48277|-1868
48279|-378
48281|-959
48283|-212
48285|-499
48287|-743
48289|-756
48291|-4995
48293|-1178
48295|-137
48297|-434
48299|-905
48301|-2
48303|-8864
48305|-234
48307|-372
48309|-11203
48311|2
48313|-389
48315|-49
48317|-134
48319|-90
48321|-1603
48323|-4539
48325|-1660
48327|-52
48329|-4677
48331|-1508
48333|-100
48335|79
48337|-1027
48339|-13263
48341|-1083
48343|-916
48345|11
48347|-2751
48349|-2037
48351|-694
48353|-479
48355|-11505
48357|-554
48359|-46
48361|-3279
48363|-1934
48365|-1218
48367|-5131
48369|-333
48371|-775
48373|-1767
48375|-7764
48377|-342
48379|-296
48381|-1282
48383|-140
48385|11
48387|-184
48389|-900
48391|-97
48393|-4
48395|-584
48397|-1418
48399|-282
48401|-2384
48403|-782
48405|-473
48407|-1800
48409|-2490
48411|-68
48413|-98
48415|-326
48417|-94
48419|-934
48421|-49
48423|-6577
48425|-101
48427|-4567
48429|-1077
48431|3
48433|-40
48435|-123
48437|-377
48439|-70308
48441|-4457
48443|-8
48445|-562
48447|-5
48449|-1915
48451|-4015
48453|-49270
48455|-556
48457|-906
48459|-2373
48461|-118
48463|-1726
48465|-2168
48467|-2120
48469|-3558
48471|-1823
48473|-1643
48475|-361
48477|-1129
48479|-20468
48481|-2278
48483|-169
48485|-5089
48487|-604
48489|-984
48491|-15303
48493|-1586
48495|-459
48497|-1328
48499|-2078
48501|-480
48503|-831
48505|-1312
48507|-572
49003|1377
49007|272
49011|303
49035|705
49037|377
50000|-2949
51001|-1417
51003|-2054
51007|-806
51009|-1085
51011|-611
51013|-346
51015|-1904
51017|-119
51019|-1873
51021|-74
51023|-571
51025|-751
51027|-393
51029|-902
51031|-2039
51033|-1461
51035|-1206
"5103|-275
51037|-515
51041|-9855
51043|-304
51045|-185
51047|-2423
51049|-576
51051|-345
51053|-1306
51057|-663
51059|-12776
51061|-1579
51063|-606
51065|-582
51067|-2168
51069|-2885
51071|-590
51073|-1586
51075|-463
51077|-462
51079|-752
51081|-358
51083|-1376
51085|-1884
51087|-11087
51089|-3080
51091|-42
51093|-1063
51095|-1642
51097|-251
51099|-914
51101|-703
51103|-361
51105|-748
51107|-3060
51109|-1621
51111|-564
51113|-674
51115|-272
51117|-1373
51119|-425
51121|-1682
51125|-617
51127|-355
51131|-479
51133|-403
51135|-914
51137|-1309
51139|-1262
51141|-748
51143|-2173
51145|-527
51147|-703
51149|-641
51153|-9446
51155|-1539
51157|-210
51159|-454
51161|-2256
51163|-846
51165|-1973
51167|-933
51169|-935
51171|-2052
51173|-1488
51175|-489
51177|-4087
51179|-3116
51181|-337
51183|-415
51185|-1241
51187|-1925
51191|-1888
51193|-870
51195|-956
51197|-1286
51199|-826
51510|-2442
51515|-115
51520|-836
51530|-345
51540|-1378
51550|-6662
51570|-660
51580|-312
51590|-2441
51595|-473
51600|-2
51610|4
51620|-598
51630|-1288
51640|-274
51650|-4652
51660|-1409
51670|-1695
51678|-103
51680|-2845
51683|-1528
51685|-538
51690|-696
51700|-8733
51710|-10848
51720|-108
51730|-2352
51735|-127
51740|-4930
51750|-370
51760|-9333
51770|-5634
51790|-1194
51800|-3059
51810|-10062
51820|-1164
51830|-286
51840|-1638
52001|-3448
52005|-2891
53000|-366227
54000|-65626
55000|0
55001|-1436
55003|-1073
55005|-2694
55007|-510
55009|-12093
55011|-735
55013|-1239
55015|-1444
55017|-3621
55019|-1592
55021|-2409
55023|-1018
55025|-17752
55027|-3976
55029|-913
55031|-2714
55033|-2247
55035|-4712
55037|-266
55039|-4394
55041|-652
55043|-2247
55045|-1870
55047|-950
55049|-1209
55051|-436
55053|-1122
55055|-3800
55057|-1800
55059|-9843
55061|-780
55063|-4725
55065|-810
55067|-1379
55069|-1918
55071|-3614
55073|-6827
55075|-2447
55077|-721
55078|-823
55079|-79563
55081|-2723
55083|-1636
55085|-1719
55087|-6641
55089|-1705
55091|-394
55093|-1607
55095|-2589
55097|-2744
55099|-682
55101|-12134
55103|-1115
55105|-11773
55107|-1340
55109|-3170
55111|-3154
55113|-1433
55115|-2415
55117|-5873
55119|-1127
55121|-1412
55123|-1322
55125|-777
55127|-5203
55129|-1144
55131|-4228
55133|-7356
55135|-2631
55137|-1433
55139|-7229
55141|-3484
55143|-1192
55145|-118
55147|-244
55149|-165
55151|-601
55153|-40
55155|-59
56000|-11735
U.S.|-11835607
|0
b|0
