COUNTY|DELTA
01001|-2037
01003|-9457
01005|-1015
01007|-1008
01009|-2878
01011|-409
01013|-770
01015|-6261
01017|-1307
01019|-1105
01021|-2528
01023|-437
01025|-866
01027|-833
01029|-612
01031|-1738
01033|-2288
01035|-417
01037|-596
01039|-1416
01041|-416
01043|-2760
01045|-1932
01047|-1968
01049|-3517
01051|-3702
01053|-1711
01055|-4123
01057|-653
01059|-1320
01061|-1339
01063|-932
01065|-915
01067|-485
01069|-4297
01071|-1439
01073|-29652
01075|-685
01077|-3095
01079|-1820
01081|-4096
01083|-3186
01085|-498
01087|-1067
01089|-10022
01091|-1039
01093|-1278
01095|-4465
01097|-19960
01099|-923
01101|-9756
01103|-5373
01105|-333
01107|-875
01109|-1546
01111|-1408
01113|-2792
01115|-3791
01117|-5287
01119|-575
01121|-4159
01123|-1792
01125|-7940
01127|-4054
01129|-589
01131|-351
01133|-905
02110|-23507
04001|-4549
04003|-22516
04005|-5261
04007|-3151
04009|-1962
04011|-353
04013|-162805
04015|-9983
04017|-6225
04019|-47523
04021|-14036
04023|-2805
04025|-9787
04027|-8613
04029|-895
05001|-401
05003|-450
05005|-1032
05007|-7086
05009|-1411
05011|-221
05013|-81
05015|-862
05017|-193
05019|-180
05021|-415
05023|-653
05025|-74
05027|-428
05029|-738
05031|-2950
05033|-1953
05035|-1779
05037|-307
05039|35
05041|-172
05043|-210
05045|-2729
05047|-445
05049|-150
05051|-3132
05053|-405
05055|-996
05057|-605
05059|-1096
05061|-870
05063|-984
05065|-165
05067|-595
05069|-1664
05071|-985
05073|-181
05075|-227
05077|-78
05079|-250
05081|-486
05083|-1024
05085|-2316
05087|-237
05089|-497
05091|-1720
05093|-1230
05095|-216
05097|-435
05099|-269
05101|-73
05103|-656
05105|-392
05107|-153
05109|-530
05111|-596
05113|-831
05115|-1595
05117|-137
05119|-12699
05121|-500
05123|-330
05125|-2765
05127|-532
05129|-371
05131|-4906
05133|-590
05135|-652
05137|-491
05139|-690
05141|-447
05143|-10334
05145|-1817
05147|-192
05149|-863
05159|531
06001|-27202
06003|-50
06005|-847
06007|-4659
06009|-1554
06011|-115
06013|-19771
06015|-698
06017|-4190
06019|-40041
06021|-649
06023|-3410
06025|-9349
06027|-467
06029|-31230
06031|-5470
06033|-1834
06035|-565
06037|-261906
06039|-6903
06041|-2726
06043|-565
06045|-3317
06047|-10689
06049|-111
06051|-217
06053|-12959
06055|-2836
06057|-1930
06059|-73800
06061|-5308
06063|-529
06065|-87476
06067|-42261
06069|-1960
06071|-108165
06073|-87952
06075|-12476
06077|-24830
06079|-5000
06081|-9298
06083|-8436
06085|-26081
06087|-4918
06089|-5180
06091|-133
06093|-930
06095|-9090
06097|-9572
06099|-22815
06101|-2526
06103|-2570
06105|-285
06107|-23223
06109|-923
06111|-18775
06113|-3551
06115|-2718
08003|-782
08007|-469
08009|-105
08011|-77
08013|-5723
08015|-422
08017|-21
08019|-235
08021|-281
08023|-226
08025|-171
08027|-141
08029|-937
08031|-20245
08033|-116
08035|-2546
08037|-592
08039|-291
08041|-18106
08043|-1489
08045|-2404
08047|-165
08049|-220
08051|-241
08053|-10
08055|-395
08057|-32
08059|-12224
08061|-20
08063|-190
08065|-339
08067|-1078
08069|-6017
08071|-750
08073|18
08075|-468
08077|-5836
08079|4
08081|-659
08083|-872
08085|-1714
08087|-934
08089|-542
08091|-146
08093|-276
08095|-118
08097|-121
08099|-572
08101|-5143
08103|-208
08105|-506
08107|-478
08109|-278
08111|-34
08113|-150
08115|-49
08117|-446
08119|-457
08121|-117
08123|-7656
08125|-397
08127|-22289
08129|-17677
08131|-433
09000|-126658
10001|-11414
10002|-23348
10003|-10098
11001|-30823
12001|-11538
12003|-1447
12005|-9628
12007|-1526
12009|-28465
12011|-105384
12013|-757
12015|-8302
12017|-9453
12019|-9195
12021|-19355
12023|-4371
12025|-204193
12027|-3060
12029|-1145
12031|-63187
12033|-16275
12035|-5767
12037|-561
12039|-3415
12041|-1267
12045|-642
12047|-738
12049|-2375
12051|-3807
12053|-11765
12055|-6378
12057|-100027
12059|-1452
12061|-8449
12063|-2155
12065|-752
12067|-209
12069|-20986
12071|-39520
12073|-11327
12075|-2363
12077|-304
12079|-880
12081|-20283
12083|-24879
12085|-6647
12087|-2961
12089|-3463
12091|-7226
12093|-3682
12095|-96704
12097|-29804
12099|-77187
12101|-23902
12103|-53947
12105|-46585
12107|-6675
12109|-5939
12111|-18610
12113|-5227
12115|-19167
12117|-18656
12119|-3594
12121|-2715
12123|-872
12125|-847
12127|-36369
12129|-1452
12131|-2375
12133|-1343
13001|-1228
13003|-110
13005|-541
13007|-31
13009|-2888
13011|-1221
13013|-4173
13015|-6172
13017|-176
13019|-1156
13021|-9275
13023|-542
13025|-1054
13027|-82
13029|-1367
13031|-3027
13033|-1465
13035|-1226
13037|-360
13039|-1947
13043|-970
13045|-5932
13047|-3259
13049|-579
13051|-13400
13053|-142
13055|-1271
13057|-7473
13059|-5824
13061|-166
13063|-26636
13065|-375
13067|-30473
13069|-4676
13071|-4303
13073|-3289
13075|-1183
13077|-5490
13079|-983
13081|-1128
13083|-924
13085|-867
13087|-1452
13089|-42608
13091|-1329
13093|-674
13095|-5838
13097|-6930
13099|-591
13100|418
13103|-1912
13105|-1363
13107|-1393
13109|-748
13111|-1307
13113|-2816
13115|-5857
13117|-3601
13119|-1500
13121|-50232
13123|-1968
13125|-235
13127|-6101
13129|-3545
13131|-1442
13133|-978
13135|-40653
13137|-2248
13139|-11904
13141|-411
13143|-2117
13145|-680
13147|-1462
13149|-630
13151|-11020
13153|-6679
13155|-455
13157|-3093
13159|-908
13161|-1053
13163|-923
13165|-259
13167|-402
13169|-1493
13171|-944
13173|-223
13175|-2859
13177|-1373
13179|-1800
13181|-238
13183|-851
13185|-7360
13187|-1527
13189|-1093
13191|-677
13193|-606
13195|-3630
13197|-345
13199|-1182
13201|-376
13205|-1204
13207|-1195
13209|-533
13211|-958
13213|-3182
13215|-10768
13217|-7384
13219|-827
13221|1011
13223|-6866
13225|-1624
13227|-1815
13229|-964
13231|-872
13233|-3272
13235|-669
13237|-1327
13239|-86
13241|-671
13243|-565
13245|-11015
13247|-6528
13249|-119
13251|-900
13253|-92
13255|-3522
13257|-1852
13259|-180
13261|-1812
13263|-301
13265|-73
13267|-4234
13269|-564
13271|-811
13273|-590
13275|-2735
13277|-3034
13279|-1805
13281|-558
13283|-311
13285|-2619
13287|-542
13289|-496
13291|-1079
13293|-1486
13295|-3281
13297|-4602
13299|-2475
13301|-619
13303|-1528
13305|-1844
13307|-176
13309|-336
13311|-1878
13313|-6472
13315|-411
13317|-555
13319|-506
13321|-1375
14000|-10301
15001|-12902
15003|-24383
15007|-3514
15009|-6656
16000|-97795
17001|-1750
17003|-122
17005|-278
17007|-1596
17009|-48
17011|-923
17013|-1
17015|-412
17017|-312
17019|-3387
17021|-810
17023|-31
17025|-500
17027|-637
17029|-1530
17031|0
17033|-434
17035|26
17037|-2973
17039|139
17041|-243
17043|-23325
17045|-953
17047|-54
17049|-639
17051|-380
17053|152
17055|-898
17057|-1160
17059|155
17061|-366
17063|-1134
17065|-114
17067|-534
17069|13
17071|-22
17073|-984
17075|-992
17077|-1663
17079|58
17081|-1542
17083|-396
17085|-369
17087|209
17089|-17672
17091|-2779
17093|-2578
17095|-988
17097|-16324
17099|-3264
17101|-218
17103|-378
17105|-915
17107|-981
17109|-610
17111|-7637
17113|-3414
17115|-3183
17117|-1473
17119|-3701
17121|-671
17123|-206
17125|-494
17127|-561
17129|-173
17131|-331
17133|30
17135|-1010
17137|-768
17139|-404
17141|-1894
17143|-5024
17145|-396
17147|12
17149|-531
17151|-54
17153|-81
17155|-94
17157|-107
17159|-375
17161|-3919
17163|-3471
17165|-913
17167|-5588
17169|-218
17171|-71
17173|-722
17175|21
17177|-1888
17179|-3051
17181|-572
17183|-1540
17185|-145
17187|-461
17189|-165
17191|131
17193|-219
17195|-1147
17197|-13068
17199|-1411
17201|-5465
17203|-210
18001|-710
18003|-14794
18005|-1320
18007|-406
18009|-298
18011|-938
18013|-264
18015|-568
18017|-1542
18019|-4373
18021|-819
18023|-481
18025|-384
18027|-647
18029|-1703
18031|-864
18033|-1373
18035|-4388
18037|-947
18039|-3898
18041|-790
18043|-2018
18045|-680
18047|-429
18049|-404
18051|-834
18053|-2818
18055|-1480
18057|-3554
18059|-1218
18061|-1357
18063|-2481
18065|-1693
18067|-3601
18069|-1327
18071|-1630
18073|-766
18075|-976
18077|-1085
18079|-930
18081|-2113
18083|-856
18085|-2563
18087|-488
18089|-10313
18091|-3250
18093|-1764
18095|-5371
18097|-40499
18099|-903
18101|-243
18103|-1357
18105|-3508
18107|-920
18109|-1906
18111|-372
18113|-1467
18115|-261
18117|-623
18119|-826
18121|-420
18123|-572
18125|-304
18127|-3163
18129|-526
18131|-383
18133|-1299
18135|-905
18137|-778
18139|-347
18141|-8674
18143|-937
18145|-1336
18147|-420
18149|-729
18151|-1175
18153|-560
18155|-495
18157|-3638
18159|-150
18161|-227
18163|-6497
18165|-670
18167|-3988
18169|-793
18171|-331
18173|-1313
18175|-1249
18177|-1848
18179|-738
18181|-639
18183|-671
19001|-142
19003|-122
19005|-66
19007|-132
19009|-141
19011|-378
19013|-3247
19015|-434
19017|-183
19019|-465
19021|-638
19023|-368
19025|-185
19027|-347
19029|-388
19031|-492
19033|-1436
19035|-287
19037|-247
19039|-436
19041|-426
19043|-323
19045|-1769
19047|-353
19049|-795
19051|-195
19053|-248
19055|-252
19057|-1364
19059|-368
19061|-1917
19063|-119
19065|-509
19067|-350
19069|-259
19071|-90
19073|-312
19075|-116
19077|-267
19079|-385
19081|-216
19083|-424
19085|-246
19087|-716
19089|-255
19091|-182
19093|-236
19095|-212
19097|-351
19099|-851
19101|-480
19103|-1131
19105|-440
19107|-86
19109|-256
19111|-1119
19113|-4362
19115|-367
19117|-286
19119|-143
19121|-278
19123|-965
19125|-344
19127|-1228
19129|-207
19131|-91
19133|-174
19135|-100
19137|-394
19139|-1744
19141|-294
19143|-104
19145|-541
19147|-203
19149|-274
19151|-111
19153|-13565
19155|-3812
19157|-263
19159|12
19161|-191
19163|-5533
19165|-88
19167|-330
19169|-1496
19171|-225
19173|-108
19175|-396
19177|-190
19179|-1353
19181|-794
19183|-495
19185|-186
19187|-991
19189|-166
19191|-193
19193|-4303
19195|-202
19197|-398
20001|-317
20003|-204
20005|-643
20007|-106
20009|-1172
20011|-631
20013|-189
20015|-1782
20017|-44
20019|-98
20021|-895
20023|-36
20025|-25
20027|-126
20029|-188
20031|-193
20033|-45
20035|-1316
20037|-1079
20039|-90
20041|-527
20043|-105
20045|-2204
20047|-95
20049|-3
20051|-730
20053|-103
20055|-1701
20057|-1480
20059|-1047
20061|-1080
20063|-28
20065|-21
20067|-251
20069|-90
20071|-19
20073|-195
20075|-103
20077|-68
20079|-1269
20081|-82
20083|-19
20085|-124
20087|-293
20089|-38
20091|-8192
20093|-121
20095|-273
20097|-78
20099|-899
20101|-29
20103|-1392
20105|-94
20107|-372
20109|-67
20111|-1197
20113|-694
20115|-416
20117|-4
20119|-95
20121|-881
20123|-85
20125|-1330
20127|-139
20129|-51
20131|-85
20133|-741
20135|-72
20137|-86
20139|-528
20141|-51
20143|-90
20145|-164
20147|-170
20149|-319
20151|-146
20153|-37
20155|-1950
20157|-100
20159|-359
20161|-1075
20163|-163
20165|-102
20167|-171
20169|-2236
20171|-159
20173|-24766
20175|-884
20177|-7193
20179|-41
20181|-142
20183|-56
20185|-87
20187|-68
20189|-91
20191|-846
20193|-117
20195|14
20197|-41
20199|-4
20201|-166
20203|-20
20205|-394
20207|-127
20209|-9887
21001|-456
21003|-500
21005|-944
21007|-408
21009|-931
21011|-500
21013|-1151
21015|-3004
21017|-785
21019|-1534
21021|-1135
21023|-344
21025|-610
21027|-638
21029|-2172
21031|-465
21033|-576
21035|-950
21037|-2874
21039|-180
21041|-682
21043|-838
21045|-514
21047|-1353
21049|-1008
21051|-645
21053|-150
21055|-67
21057|-216
21059|-3302
21061|-370
21063|-179
21065|-410
21067|-8404
21069|-297
21071|-1632
21073|-1933
21075|-242
21077|-323
21079|-533
21081|-795
21083|-876
21085|-986
21087|-338
21089|-985
21091|-208
21093|-2428
21095|-616
21097|-755
21099|-472
21101|-1861
21103|-558
21105|-160
21107|-1391
21109|-271
21111|-27648
21113|-1339
21115|-806
21117|-4440
21119|-583
21121|-1185
21123|-371
21125|-1442
21127|-494
21129|-391
21131|-128
21133|-683
21135|-424
21137|-1115
21139|-446
21141|-856
21143|-205
21145|-1698
21147|-430
21149|-288
21151|-2123
21153|-431
21155|-674
21157|-804
21159|-432
21161|-587
21163|-666
21165|-27
21167|-676
21169|-310
21171|-419
21173|-1001
21175|-359
21177|-919
21179|-1493
21181|-181
21183|-758
21185|-768
21187|-517
21189|-234
21191|-596
21193|-912
21195|-2272
21197|-512
21199|-2314
21201|-124
21203|-612
21205|-754
21207|-488
21209|-1463
21211|-1106
21213|-761
21215|-586
21217|-1350
21219|-391
21221|-354
21223|-300
21225|-469
21227|-4626
21229|-417
21231|-389
21233|-425
21235|-1244
21237|-254
21239|-919
22001|-2377
22003|-939
22005|-3650
22007|-1056
22009|-1405
22011|-1277
22013|-276
22015|-610
22017|-7998
22019|-7875
22021|-355
22023|-110
22025|-240
22027|-371
22029|-776
22031|-362
22033|-14594
22035|-42
22037|-747
22039|-1130
22041|-533
22043|-47
22045|-4021
22047|-1339
22049|-198
22051|-18207
22053|-734
22055|-6641
22057|-2955
22059|-394
22061|-765
22063|-4725
22065|-182
22067|-814
22069|-1146
22071|-25645
22073|-3647
22075|111
22077|-81
22079|-5012
22081|-256
22083|-350
22085|-1101
22087|-2799
22089|-1636
22091|-563
22093|-641
22095|-1994
22097|-3887
22099|-1695
22101|-2407
22103|-4741
22105|-4612
22107|49
22109|-4977
22111|-476
22113|-1982
22115|-1084
22117|-1855
22119|-1522
22121|289
22123|-522
22125|-221
22127|-426
23000|-52631
24001|-2763
24003|-13471
24005|-38118
24009|-3233
24011|-2088
24013|-3519
24015|-4838
24017|-4632
24019|-1657
24021|-6091
24023|-1115
24025|-6214
24027|-5762
24029|-837
24031|-21583
24033|-35458
24035|-1850
24037|-3672
24039|-1088
24041|-1193
24043|-7004
24045|-5317
24047|-1987
24510|-53632
25000|-204607
26001|-538
26003|-367
26005|-4827
26007|-1595
26009|-952
26011|-708
26013|-372
26015|-2485
26017|-5045
26019|-630
26021|-9323
26023|-2388
26025|-6919
26027|-2543
26029|-1353
26031|-1263
26033|-2105
26035|-1997
26037|-2361
26039|-755
26041|-1542
26043|-1138
26045|-5242
26047|-1225
26049|-28663
26051|-1395
26053|-782
26055|-4311
26057|-2072
26059|-2127
26061|-2043
26063|-1011
26065|-557
26067|-3264
26069|-1454
26071|-549
26073|-6207
26075|-9297
26077|-17040
26079|-1233
26081|-35050
26083|-117
26085|-823
26087|-4507
26089|-751
26091|-5096
26093|-6127
26095|-119
26097|-530
26099|-51915
26101|-925
26103|-3858
26105|-1299
26107|-2278
26109|-808
26111|-3316
26113|-832
26115|-6327
26117|-3634
26119|-464
26121|-10838
26123|-3516
26125|-58537
26127|-1162
26129|-1136
26131|-276
26133|-1395
26135|-385
26137|-1411
26139|-11384
26141|-490
26143|-1157
26145|-12085
26147|-7745
26149|-3723
26151|-1662
26153|-207
26155|-3346
26157|-2889
26159|-4658
26161|-15247
26163|-144285
26165|-1469
27001|0
27003|0
27005|0
27007|0
27009|0
27011|-15
27013|0
27015|0
27017|0
27019|0
27021|0
27023|0
27025|0
27027|0
27029|-11
27031|0
27033|-22
27035|-95
27037|0
27039|-34
27041|0
27043|0
27045|0
27047|0
27049|-82
27051|-15
27053|-2143
27055|-47
27057|-36
27059|0
27061|0
27063|-11
27065|0
27067|-117
27069|-8
27071|-26
27073|0
27075|0
27077|0
27079|0
27081|-20
27083|-90
27085|0
27087|6
27089|-20
27091|-42
27093|-44
27095|0
27097|-65
27099|0
27101|-10
27103|0
27105|-21
27107|-8
27109|0
27111|0
27113|-17
27115|0
27117|-14
27119|-65
27121|-37
27123|0
27125|0
27127|0
27129|0
27131|0
27133|-9
27135|-18
27137|0
27139|0
27141|0
27143|0
27145|0
27147|0
27149|-24
27151|-21
27153|0
27155|-3
27157|0
27159|0
27161|0
27163|0
27165|-21
27167|-7
27169|-83
27171|0
27173|-42
27175|438
28001|-1116
28003|-1267
28005|-317
28007|-573
28009|-359
28011|-859
28013|-408
28015|-235
28017|-642
28019|-351
28021|-498
28023|-901
28025|-734
28027|-1235
28029|-1283
28031|-932
28033|-5792
28035|-3178
28037|-205
28039|-1743
28041|-624
28043|-1090
28045|-2970
28047|-13109
28049|-10408
28051|-545
28053|-350
28055|-16
28057|-945
28059|-6033
28061|-825
28063|-250
28065|-461
28067|-4362
28069|-344
28071|-1493
28073|-2430
28075|-3112
28077|-685
28079|-1253
28081|-3850
28083|-1647
28085|-1431
28087|-2104
28089|-2513
28091|-1681
28093|-1930
28095|-1042
28097|-546
28099|-1769
28101|-1056
28103|-316
28105|-1551
28107|-1578
28109|-3080
28111|-425
28113|-1720
28115|-1086
28117|-1165
28119|-172
28121|-3944
28123|-1506
28125|4
28127|-1145
28129|-445
28131|-827
28133|-595
28135|-536
28137|-1147
28139|-1029
28141|-722
28143|-928
28145|-1153
28147|-698
28149|-2733
28151|-1913
28153|-1086
28155|-391
28157|-532
28159|-780
28161|-616
28163|-813
29925|-169008
30201|-36605
31000|-46734
32001|-1278
32003|-109881
32005|-1400
32007|-1387
32009|-14
32011|-24
32013|-695
32015|-222
32017|-162
32019|-2824
32021|-121
32023|-3223
32027|-242
32029|-47
32031|-22932
32033|-358
32510|-3414
33000|-39500
34001|-11297
34003|-12561
34005|-8465
34007|-17534
34009|-2869
34011|-8612
34013|-28056
34015|-6974
34017|-29977
34019|-1289
34021|-8660
34023|-17480
34025|-8877
34027|-5647
34029|-22122
34031|-23567
34033|-2380
34035|-4002
34037|-2167
34039|-14637
34041|-2577
35001|-39846
35003|-173
35005|-4350
35006|-2183
35007|-655
35009|-2623
35011|-86
35013|-15693
35015|-2356
35017|-1838
35019|-383
35021|-44
35023|-340
35025|-3548
35027|-1133
35028|-248
35029|-2478
35031|-749
35033|-566
35034|-6249
35035|-3193
35037|-737
35039|-3407
35041|-842
35043|-7060
35045|-10091
35047|-2320
35049|-5452
35051|-763
35053|-942
35055|-2048
35057|-1476
35059|-85
35061|-4933
35063|-1018
36000|-759941
37001|-7467
37003|-1830
37005|-470
37007|-1368
37009|-1305
37011|-693
37013|-2121
37015|-1196
37017|-2282
37019|-5719
37021|-12959
37023|-4589
37025|-8262
37027|-4259
37029|-442
37031|-2448
37033|-952
37035|-7692
37037|-1750
37039|-1331
37041|-780
37043|-531
37045|-6017
37047|-3372
37049|-4262
37051|-16427
37053|-615
37055|-1601
37057|-8133
37059|-1921
37061|-2784
37063|-12817
37065|-3516
37067|-15346
37069|-3236
37071|-12894
37073|-421
37075|-520
37077|-2776
37079|-843
37081|-25061
37083|-2739
37085|-6773
37087|-2740
37089|-4999
37091|-1174
37093|-2693
37095|-120
37097|-5332
37099|-1846
37101|-9084
37103|-740
37105|-2765
37107|-3155
37109|-3245
37111|-2929
37113|-2454
37115|-1096
37117|-1247
37119|-47262
37121|-585
37123|-1105
37125|-2396
37127|-4437
37129|-8656
37131|-1255
37133|-3860
37135|-3183
37137|-543
37139|-1931
37141|-2814
37143|-604
37145|-1832
37147|-7648
37149|-732
37151|-6288
37153|-3462
37155|-13306
37157|-4646
37159|-8498
37161|-4461
37163|-3684
37165|-1981
37167|-3153
37169|-1783
37171|-3373
37173|-974
37175|-1618
37177|-209
37179|-9402
37181|-2983
37183|-25094
37185|-1251
37187|-719
37189|-1457
37191|-7538
37193|-4468
37195|-4744
37197|-2015
37199|-759
38001|-19
38003|-168
38005|-296
38009|-46
38011|7
38013|-11
38015|-960
38017|-3131
38019|-5
38021|-122
38023|-3
38025|-78
38027|6
38029|-66
38031|-30
38033|-30
38035|-1004
38037|-2
38039|-12
38041|-18
38043|-54
38045|-40
38047|-32
38049|19
38051|-37
38053|-122
38055|-110
38057|-81
38059|-421
38061|-41
38063|-43
38065|-22
38067|-70
38069|6
38071|-26
38073|-10
38075|-37
38077|-324
38079|-879
38081|-13
38083|-13
38085|-132
38089|-71
38091|-26
38093|-551
38095|-36
38097|-68
38099|-176
38101|-679
38103|-60
38105|-151
39001|-1686
39003|-5469
39005|-2019
39007|-4479
39009|-2603
39011|-1513
39013|-2745
39015|-3207
39017|-14903
39019|-1403
39021|-1630
39023|-6961
39025|-6768
39027|-2760
39029|-4177
39031|-1528
39033|-2307
39035|-57
39037|-2457
39039|-1404
39041|-2663
39043|-4584
39045|-5963
39047|-1723
39049|-57421
39051|-1173
39053|-1297
39055|-1708
39057|-3946
39059|-1663
39061|-47819
39063|-2429
39065|-1339
39067|-849
39069|-803
39071|-3141
39073|-2003
39075|-837
39077|-2849
39079|-1310
39081|-2774
39083|-2608
39085|-9171
39087|-2630
39089|-5930
39091|-2408
39093|-11919
39095|-22542
39097|-1435
39099|-13855
39101|-2938
39103|-3809
39105|-975
39107|-1167
39109|-3242
39111|-627
39113|-23588
39115|-564
39117|-1882
39119|-4409
39121|-351
39123|-978
39125|-881
39127|-2054
39129|-2496
39131|-1623
39133|-5943
39135|-1992
39137|-669
39139|-5815
39141|-4412
39143|-1808
39145|-3908
39147|-2674
39149|-1940
39151|-18420
39153|-28203
39155|-9334
39157|-3473
39159|-1357
39161|-1213
39163|-829
39165|-4577
39167|-1808
39169|-3462
39171|-1719
39173|-2420
39175|-320
40001|-1439
40003|-227
40005|-725
40007|-87
40009|-1029
40011|-702
40013|-1887
40015|-1227
40017|-3107
40019|-2551
40021|-2514
40023|-915
40025|-112
40027|-8862
40029|-337
40031|-4695
40033|-221
40035|-722
40037|-4432
40039|-1162
40041|-2306
40043|-83
40045|-85
40047|-3318
40049|-1017
40051|-2032
40053|-37
40055|-253
40057|-131
40059|-108
40061|-1148
40063|-617
40065|-1097
40067|-339
40069|-672
40071|-2575
40073|-387
40075|-353
40077|-549
40079|-3364
40081|-1452
40083|-1859
40085|-491
40087|-1440
40089|-1550
40091|-1280
40093|-403
40095|-691
40097|-2044
40099|-534
40101|-3174
40103|-269
40105|-472
40107|-746
40109|-35264
40111|-1886
40113|-2323
40115|-1597
40117|-709
40119|-2983
40121|-2322
40123|-2064
40125|-3581
40127|-561
40129|-105
40131|-4472
40133|-1165
40135|-2635
40137|-2279
40139|-784
40141|-214
40143|-25739
40145|-1944
40147|-2194
40149|-394
40151|-309
40153|-685
41000|-313
42001|-2373
42003|-30662
42005|-2731
42007|-5106
42009|-1797
42011|-14227
42013|-3834
42015|-976
42017|-11307
42019|-4950
42021|-4580
42023|-144
42025|-2476
42027|-2018
42029|-7233
42031|-922
42033|-2777
42035|-794
42037|-2088
42039|-3376
42041|-6447
42043|-10106
42045|-14722
42047|-670
42049|-12109
42051|-4494
42053|-113
42055|-6200
42057|-513
42059|-869
42061|-1487
42063|-2649
42065|-1407
42067|-806
42069|-7541
42071|-17476
42073|-2961
42075|-4603
42077|-10434
42079|-12525
42081|-3525
42083|-1676
42085|-3516
42087|-1783
42089|-6610
42091|-14949
42093|-334
42095|-8186
42097|-4220
42099|-1191
42101|-77488
42103|-1878
42105|-663
42107|-5853
42109|-1394
42111|-2318
42113|-133
42115|-1264
42117|-978
42119|-957
42121|-2099
42123|-1860
42125|-4212
42127|-1482
42129|-10041
42131|-726
42133|-15981
44935|-62190
45001|-512
45003|-5752
45005|-370
45007|-5924
45009|-656
45011|-673
45013|-4992
45015|-7134
45017|-429
45019|-10233
45021|-2086
45023|-1683
45025|-2032
45027|-1232
45029|-1926
45031|-2611
45033|-1338
45035|-6722
45037|-913
45039|-969
45041|-4968
45043|-1592
45045|-15670
45047|-2896
45049|-937
45051|-13433
45053|-1488
45055|-2596
45057|-3133
45059|-2513
45061|-450
45063|-10633
45065|-158
45067|-1346
45069|-1215
45071|-1447
45073|-1896
45075|-3482
45077|-3417
45079|-14991
45081|-614
45083|-10443
45085|-3749
45087|-1151
45089|-1114
45091|-7770
46003|-74
46005|-1017
46007|-327
46009|-233
46011|-700
46013|-1154
46015|-416
46019|-591
46021|-10
46023|-548
46025|-100
46027|-316
46029|-751
46031|-361
46033|-240
46035|-664
46037|-257
46039|-96
46041|-521
46043|-81
46045|-49
46047|-172
46049|-8
46051|-111
46053|-223
46055|-32
46057|-246
46059|-23
46061|-8
46063|5
46065|-470
46067|-107
46069|-17
46071|-184
46073|-43
46075|-1
46077|-141
46079|-220
46081|-891
46083|-446
46085|-241
46087|-170
46089|-43
46091|-93
46093|-624
46095|-112
46097|-22
46099|-7971
46101|-221
46103|-4094
46105|-5
46107|-15
46109|-621
46111|-43
46113|-1741
46115|-169
46117|4
46119|9
46121|-929
46123|-212
46125|-277
46127|-336
46129|-232
46135|-695
46137|-277
47001|-2909
47003|-1660
47005|-199
47007|-425
47009|-3511
47011|-3780
47013|-1801
47015|-703
47017|-987
47019|-2514
47021|-1921
47023|-513
47025|-888
47027|-292
47029|-1463
47031|-2101
47033|-509
47035|-1826
47037|-29662
47039|-331
47041|-487
47043|-1985
47045|-1077
47047|-1195
47049|-713
47051|-1388
47053|-1613
47055|-700
47057|-982
47059|-2556
47061|-426
47063|-2479
47065|-12967
47067|-218
47069|-1470
47071|-561
47073|-1782
47075|-961
47077|-1158
47079|-1260
47081|-1052
47083|-197
47085|-470
47087|-363
47089|-1639
47091|-504
47093|-14683
47095|-349
47097|-891
47099|-1357
47101|-212
47103|-1356
47105|-1491
47107|-1561
47109|-1280
47111|-1130
47113|-2601
47115|-1008
47117|-1266
47119|-3586
47121|-216
47123|-1567
47125|-5260
47127|-234
47129|-734
47131|-763
47133|-563
47135|-562
47137|-61
47139|-646
47141|-2540
47143|-1180
47145|-1943
47147|-2473
47149|-10943
47151|-609
47153|-868
47155|-4065
47157|-41563
47159|-717
47161|-380
47163|-6704
47165|-5772
47167|-2058
47169|-203
47171|-869
47173|-727
47175|-39
47177|-1326
47179|-4077
47181|-450
47183|-1181
47185|-930
47187|-2067
47189|-2911
48001|-1350
48003|-523
48005|-1746
48007|-171
48009|-259
48011|-32
48013|-2153
48015|-1343
48017|-430
48019|-566
48021|-2335
48023|-251
48025|-690
48027|-11204
48029|-65993
48031|-249
48033|4
48035|-639
48037|-3484
48039|-8680
48041|-4128
48043|-271
48045|-93
48047|-130
48049|-882
48051|-622
48053|-1516
48055|-1081
48057|-991
48059|-668
48061|-16358
48063|-622
48065|-149
48067|-1135
48069|-28
48071|-1260
48073|-1813
48075|-83
48077|-317
48079|-55
48081|-76
48083|-89
48085|-18621
48087|-232
48089|-1129
48091|-2308
48093|-506
48095|-167
48097|-1237
48099|-1664
48101|-37
48103|-149
48105|-260
48107|-149
48109|-112
48111|-253
48113|-120671
48115|-422
48117|-1050
48119|-210
48121|-15202
48123|-853
48125|-120
48127|-182
48129|-157
48131|-347
48133|-789
48135|-4958
48137|17
48139|-5147
48141|-29402
48143|-1446
48145|-446
48147|-1637
48149|-340
48151|-291
48153|-468
48155|-58
48157|-9563
48159|-479
48161|-490
48163|-386
48165|-552
48167|-7109
48169|-84
48171|-673
48173|-40
48175|-258
48177|-718
48179|-577
48181|-5234
48183|-4753
48185|-971
48187|-3158
48189|-726
48191|-137
48193|-235
48195|-114
48197|-117
48199|-1810
48201|-186615
48203|-3165
48205|-35
48207|-188
48209|-3942
48211|-111
48213|-3187
48215|-35880
48217|-1367
48219|-596
48221|-2049
48223|-1120
48225|-413
48227|1861
48229|-367
48231|-3275
48233|-856
48235|-84
48237|-234
48239|-841
48241|-1049
48243|-109
48245|-6538
48247|-235
48249|-1904
48251|-5581
48253|-1762
48255|-259
48257|-3881
48259|-655
48261|-21
48263|-26
48265|-1065
48267|135
48269|-4
48271|106
48273|-1057
48275|-39
48277|-854
48279|-612
48281|-614
48283|127
48285|-528
48287|-508
48289|-527
48291|-2834
48293|-862
48295|-55
48297|-285
48299|-709
48301|0
48303|-10381
48305|-240
48307|-424
48309|-8550
48311|8
48313|64
48315|-711
48317|-36
48319|-89
48321|-1440
48323|-1057
48325|-1769
48327|-113
48329|-3995
48331|-1115
48333|-89
48335|-206
48337|-979
48339|-14834
48341|-1192
48343|-677
48345|-65
48347|-1926
48349|-4105
48351|-434
48353|-176
48355|-9277
48357|-311
48359|-69
48361|-2476
48363|-1258
48365|-944
48367|-4846
48369|-306
48371|-728
48373|-1716
48375|-5686
48377|18
48379|-365
48381|-5804
48383|-94
48385|4
48387|-569
48389|-466
48391|-117
48393|-9
48395|-743
48397|-2100
48399|-317
48401|-1576
48403|-763
48405|-486
48407|-1237
48409|-2292
48411|53
48413|-70
48415|-1631
48417|-103
48419|-1165
48421|-12
48423|-7788
48425|-325
48427|-4998
48429|-355
48431|1
48433|-20
48435|-39
48437|-657
48439|-68618
48441|-4322
48443|0
48445|-329
48447|-39
48449|-2225
48451|-2641
48453|-33361
48455|-925
48457|-616
48459|-1311
48461|-82
48463|-1133
48465|-2053
48467|-1935
48469|-3526
48471|-1487
48473|-1874
48475|-44
48477|-538
48479|-16726
48481|-1769
48483|-155
48485|-4521
48487|-624
48489|-891
48491|-10022
48493|-1303
48495|-214
48497|-2106
48499|-1489
48501|-191
48503|-505
48505|-970
48507|-669
49003|1493
49007|271
49011|249
49035|782
49037|360
50000|-2862
51001|-1436
51003|-2076
51007|-635
51009|-999
51011|-524
51013|-252
51015|-1805
51017|-85
51019|-1499
51021|-82
51023|-479
51025|-685
51027|-370
51029|-787
51031|-1951
51033|-1023
51035|-908
"5103|-194
51037|-301
51041|-9468
51043|-153
51045|-101
51047|-1573
51049|-430
51051|-471
51053|-1050
51057|-560
51059|-15020
51061|-1111
51063|-668
51065|-643
51067|-1674
51069|-2345
51071|-417
51073|-1330
51075|-457
51077|-521
51079|-677
51081|-362
51083|-1015
51085|-1925
51087|-11357
51089|-2382
51091|-11
51093|-1004
51095|-1252
51097|-353
51099|-877
51101|-670
51103|-400
51105|-726
51107|-2986
51109|-1424
51111|-567
51113|-447
51115|-206
51117|-1249
51119|-373
51121|-1673
51125|-527
51127|-415
51131|-575
51133|-398
51135|-793
51137|-856
51139|-747
51141|-402
51143|-1758
51145|-461
51147|-623
51149|-688
51153|-9481
51155|-1288
51157|-147
51159|-351
51161|-2404
51163|-697
51165|-1834
51167|-802
51169|-997
51171|-1295
51173|-1287
51175|-464
51177|-3496
51179|-2852
51181|-250
51183|-395
51185|-1430
51187|-1389
51191|-1752
51193|-946
51195|-1248
51197|-1004
51199|-883
51510|-2160
51515|-182
51520|-633
51530|-180
51540|-1244
51550|-5975
51570|-546
51580|-254
51590|-1620
51595|-320
51600|0
51610|-11
51620|-601
51630|-1221
51640|-144
51650|-5438
51660|-1657
51670|-1487
51678|-103
51680|-2924
51683|-1313
51685|-298
51690|-380
51700|-9045
51710|-11421
51720|-127
51730|-2299
51735|-98
51740|-5300
51750|-356
51760|-11658
51770|-5537
51790|-912
51800|-3339
51810|-11264
51820|-983
51830|-338
51840|-1270
52001|-4070
52005|-3330
53000|-329005
54000|-52202
55000|-89657
55001|-802
55003|-542
55005|-2307
55007|-443
55009|-7826
55011|-504
55013|-508
55015|-894
55017|-2186
55019|-1144
55021|-1668
55023|-451
55025|-11404
55027|-2685
55029|-773
55031|-1416
55033|-1274
55035|-2896
55037|-148
55039|-2603
55041|-577
55043|-1272
55045|-1264
55047|-638
55049|-855
55051|-301
55053|-596
55055|-3066
55057|-1289
55059|-5587
55061|-683
55063|-2768
55065|-628
55067|-701
55069|-1239
55071|-2373
55073|-4840
55075|-1540
55077|-399
55078|-564
55079|-51014
55081|-1923
55083|-870
55085|-1455
55087|-4341
55089|-1286
55091|-175
55093|-1122
55095|-1833
55097|-1648
55099|-401
55101|-6061
55103|-899
55105|-6650
55107|-686
55109|-2396
55111|-2375
55113|-827
55115|-1768
55117|-3751
55119|-689
55121|-884
55123|-866
55125|-464
55127|-3993
55129|-818
55131|-2913
55133|-6116
55135|-1582
55137|-728
55139|-4402
55141|-2472
55143|-712
55145|-74
55147|-124
55149|45
55151|-397
55153|-50
55155|-12
56000|-12590
U.S.|-12193093
|0
b|0
