COUNTY|DELTA
01001|-1009
01003|-5672
01005|-503
01007|-427
01009|-19617
01011|-159
01013|-400
01015|-2343
01017|241
01019|-750
01021|-315
01023|-257
01025|-761
01027|-245
01029|-425
01031|-962
01033|-1139
01035|93
01037|-83
01039|-806
01041|-148
01043|-1585
01045|-867
01047|-954
01049|-2428
01051|-2296
01053|-836
01055|-2101
01057|-216
01059|-707
01061|-885
01063|-528
01065|-663
01067|-79
01069|-3044
01071|-716
01073|-18635
01075|-296
01077|-1670
01079|-890
01081|-2899
01083|-1924
01085|10
01087|-414
01089|-8550
01091|-170
01093|-460
01095|-3205
01097|-8075
01099|-236
01101|-6573
01103|-3064
01105|-228
01107|-351
01109|-808
01111|-358
01113|-1665
01115|-1698
01117|-3101
01119|-280
01121|-1727
01123|-926
01125|-3586
01127|-2179
01129|-21
01131|74
01133|-226
02110|-17005
04001|-1915
04003|-24349
04005|-2379
04007|-1769
04009|-473
04011|23
04013|-64513
04015|-5465
04017|-3750
04019|-20119
04021|-10080
04023|-1538
04025|-4479
04027|-5999
04029|-410
05001|-52
05003|-35
05005|-740
05007|-1335
05009|-874
05011|-176
05013|-157
05015|-586
05017|73
05019|-147
05021|-25
05023|-176
05025|-151
05027|413
05029|-192
05031|-1519
05033|-1388
05035|-421
05037|-74
05039|17
05041|-285
05043|-360
05045|-1920
05047|25
05049|-187
05051|-1128
05053|-321
05055|-601
05057|-130
05059|-547
05061|-204
05063|-967
05065|-311
05067|-208
05069|-707
05071|-460
05073|247
05075|-136
05077|-170
05079|-78
05081|-249
05083|-374
05085|-1382
05087|-129
05089|-153
05091|-469
05093|152
05095|-185
05097|-154
05099|-40
05101|122
05103|-456
05105|-159
05107|-86
05109|-407
05111|-336
05113|-616
05115|-900
05117|-21
05119|-9759
05121|-140
05123|-337
05125|-1344
05127|-149
05129|-89
05131|-3088
05133|-416
05135|-545
05137|-226
05139|-183
05141|-62
05143|-4803
05145|-1518
05147|-106
05149|-613
05159|888
06001|-25201
06003|-1
06005|-803
06007|-4202
06009|-1010
06011|20
06013|-14402
06015|-612
06017|-3092
06019|-26846
06021|-426
06023|-2261
06025|-6521
06027|-436
06029|-20311
06031|-3745
06033|-1992
06035|-155
06037|-186414
06039|-5172
06041|-1758
06043|-500
06045|-2532
06047|-8169
06049|-3
06051|-157
06053|-13751
06055|-1679
06057|-1896
06059|-60617
06061|-4572
06063|-453
06065|-64655
06067|-28126
06069|-945
06071|-73298
06073|-75327
06075|-9255
06077|-22556
06079|-3838
06081|-9237
06083|-3644
06085|-14413
06087|-2460
06089|-4138
06091|-10
06093|-871
06095|-5683
06097|-7532
06099|-17406
06101|-1766
06103|-1208
06105|-238
06107|-12677
06109|-211
06111|-9579
06113|-2516
06115|-1173
08003|-434
08007|-271
08009|-66
08011|33
08013|-3685
08015|-341
08017|-15
08019|-102
08021|-313
08023|-265
08025|-66
08027|22
08029|-656
08031|-15410
08033|-6
08035|-1926
08037|-658
08039|-145
08041|-10802
08043|-1359
08045|-1445
08047|-75
08049|-121
08051|-209
08053|-4
08055|-199
08057|26
08059|-8112
08061|-45
08063|-128
08065|-126
08067|-709
08069|-3236
08071|-316
08073|-62
08075|-222
08077|-3674
08079|11
08081|-184
08083|-483
08085|-845
08087|-330
08089|-416
08091|-100
08093|-285
08095|-121
08097|-147
08099|-370
08101|-4774
08103|-117
08105|-425
08107|-356
08109|-272
08111|-13
08113|-161
08115|-62
08117|-330
08119|-256
08121|-46
08123|-5189
08125|-212
08127|-13527
08129|-11478
08131|-293
09000|-81484
10001|-9867
10002|-21844
10003|-7928
11001|-25697
12001|-6936
12003|-695
12005|-5164
12007|-856
12009|-19110
12011|-76540
12013|-542
12015|-4449
12017|-5765
12019|-5159
12021|-9494
12023|-2557
12025|-130706
12027|-1646
12029|-565
12031|-36808
12033|-8180
12035|-2858
12037|-313
12039|-2047
12041|-536
12045|-357
12047|-442
12049|-1313
12051|-2072
12053|-7778
12055|-4590
12057|-57905
12059|-392
12061|-5388
12063|-1460
12065|-366
12067|-157
12069|-12762
12071|-26467
12073|-8392
12075|-1348
12077|-234
12079|-273
12081|-12787
12083|-14465
12085|-4210
12087|-1494
12089|-1921
12091|-4791
12093|-2369
12095|-65818
12097|-24187
12099|-58643
12101|-16500
12103|-33672
12105|-29252
12107|-3285
12109|-2791
12111|-11198
12113|-2714
12115|-12053
12117|-15247
12119|-1765
12121|-1540
12123|-78
12125|-388
12127|-19474
12129|-887
12131|-1372
12133|-482
13001|-895
13003|350
13005|-527
13007|-35
13009|-1403
13011|-720
13013|-3020
13015|-3828
13017|-530
13019|-519
13021|-6807
13023|-379
13025|-1263
13027|-271
13029|-806
13031|-2262
13033|-883
13035|-2366
13037|-174
13039|-1300
13043|-416
13045|-3555
13047|-1745
13049|455
13051|-9384
13053|-13
13055|-1334
13057|-1522
13059|-3639
13061|-100
13063|-19073
13065|-235
13067|-25932
13069|-1111
13071|-2608
13073|-2787
13075|-741
13077|-1720
13079|-574
13081|-416
13083|-160
13085|-346
13087|-1252
13089|-39486
13091|-910
13093|-346
13095|-4629
13097|-878
13099|-314
13100|424
13103|-644
13105|-1025
13107|-1085
13109|-419
13111|-889
13113|-678
13115|-3893
13117|-1329
13119|-1113
13121|-35053
13123|-1229
13125|-146
13127|-3522
13129|-1720
13131|-521
13133|-622
13135|-23574
13137|-1775
13139|-6858
13141|-325
13143|-1177
13145|-336
13147|-693
13149|-65
13151|-3962
13153|-5053
13155|-357
13157|-1963
13159|-805
13161|-627
13163|-625
13165|-57
13167|-260
13169|-799
13171|-402
13173|-74
13175|-1922
13177|-532
13179|-1097
13181|-161
13183|-271
13185|-4898
13187|-574
13189|-878
13191|-359
13193|-943
13195|-2264
13197|-185
13199|-2297
13201|-138
13205|-1555
13207|-747
13209|-330
13211|-751
13213|-1520
13215|-8402
13217|-5629
13219|-737
13221|885
13223|-4874
13225|-505
13227|-1124
13229|253
13231|-1080
13233|-1648
13235|-420
13237|-799
13239|12
13241|-272
13243|-226
13245|-8879
13247|-4629
13249|-59
13251|-559
13253|-230
13255|457
13257|-1381
13259|-19
13261|-247
13263|-57
13265|-85
13267|-769
13269|-111
13271|-484
13273|11
13275|-2606
13277|-2212
13279|-1377
13281|-92
13283|-205
13285|-830
13287|-278
13289|-431
13291|-247
13293|-1262
13295|-2593
13297|-2609
13299|-2997
13301|-250
13303|-1026
13305|-1181
13307|-45
13309|-177
13311|-930
13313|-1559
13315|-347
13317|-272
13319|-126
13321|-518
14000|-6931
15001|-10749
15003|-18996
15007|-2483
15009|-6873
16000|-50124
17001|-1557
17003|-60
17005|-286
17007|4775
17009|346
17011|-652
17013|456
17015|-353
17017|-134
17019|-3803
17021|-924
17023|1757
17025|-265
17027|-43
17029|-1069
17031|4
17033|-1193
17035|1170
17037|-2251
17039|1725
17041|-387
17043|-9483
17045|-2997
17047|610
17049|-1943
17051|-116
17053|1315
17055|-586
17057|-585
17059|973
17061|-333
17063|2851
17065|-136
17067|-155
17069|633
17071|483
17073|-1261
17075|-744
17077|-5149
17079|838
17081|-3600
17083|-911
17085|-303
17087|1276
17089|-11838
17091|-2047
17093|-1986
17095|-941
17097|-12077
17099|-5976
17101|-227
17103|1724
17105|-737
17107|-3449
17109|-603
17111|-5331
17113|-2310
17115|-2242
17117|-987
17119|-3166
17121|-1032
17123|-346
17125|-465
17127|-369
17129|1048
17131|1263
17133|848
17135|-863
17137|-865
17139|-1143
17141|-3343
17143|-4670
17145|3134
17147|820
17149|-993
17151|-847
17153|-112
17155|403
17157|-245
17159|-238
17161|-2648
17163|-1994
17165|-1668
17167|-4205
17169|-561
17171|388
17173|-344
17175|478
17177|-1117
17179|-1628
17181|-1529
17183|-940
17185|-711
17187|-2421
17189|827
17191|2057
17193|-110
17195|-1163
17197|-8433
17199|-1312
17201|-11950
17203|1696
18001|-181
18003|-7619
18005|-546
18007|-160
18009|-311
18011|-433
18013|-46
18015|-169
18017|-810
18019|-1819
18021|-332
18023|-578
18025|-128
18027|-324
18029|-900
18031|-265
18033|12
18035|-3379
18037|-107
18039|60
18041|-329
18043|-1068
18045|-360
18047|-251
18049|-131
18051|-178
18053|-2128
18055|-863
18057|-2510
18059|-806
18061|-657
18063|-1327
18065|-799
18067|-2499
18069|-454
18071|-1019
18073|-337
18075|-456
18077|-434
18079|-437
18081|-1103
18083|-575
18085|-1559
18087|-353
18089|-6234
18091|-1453
18093|-1070
18095|-4433
18097|-23301
18099|-168
18101|-198
18103|-910
18105|-2499
18107|-742
18109|-1711
18111|-229
18113|-506
18115|21
18117|-160
18119|-587
18121|-276
18123|-266
18125|-155
18127|-2663
18129|-318
18131|-55
18133|-816
18135|-291
18137|-475
18139|-105
18141|-5971
18143|-229
18145|-455
18147|-44
18149|192
18151|-368
18153|-321
18155|-266
18157|-2628
18159|-189
18161|39
18163|-3467
18165|-527
18167|-2764
18169|-508
18171|-152
18173|-492
18175|-338
18177|-1711
18179|-173
18181|-52
18183|-215
19001|-139
19003|-53
19005|-342
19007|-170
19009|-143
19011|-418
19013|-3160
19015|-262
19017|-213
19019|-381
19021|-343
19023|-102
19025|-218
19027|-380
19029|-228
19031|-348
19033|-1031
19035|-370
19037|-249
19039|-297
19041|-271
19043|-319
19045|-1553
19047|-351
19049|-535
19051|-225
19053|-122
19055|99
19057|-1438
19059|-314
19061|-1253
19063|-134
19065|-476
19067|-407
19069|-201
19071|-69
19073|-368
19075|-304
19077|-293
19079|-359
19081|-223
19083|-554
19085|-280
19087|-532
19089|-171
19091|-166
19093|-160
19095|-234
19097|-603
19099|-846
19101|-396
19103|-1547
19105|-135
19107|-210
19109|-62
19111|-1248
19113|-4746
19115|-430
19117|-223
19119|-84
19121|-192
19123|-881
19125|-309
19127|-1134
19129|-247
19131|-225
19133|-267
19135|-102
19137|-344
19139|-1442
19141|-64
19143|-76
19145|-262
19147|-232
19149|-365
19151|-139
19153|-11691
19155|-3425
19157|-236
19159|-98
19161|-248
19163|-5155
19165|-142
19167|-437
19169|-867
19171|-444
19173|-179
19175|-171
19177|-197
19179|-1230
19181|-364
19183|-454
19185|-137
19187|-993
19189|-124
19191|70
19193|-3809
19195|-241
19197|-395
20001|-273
20003|-1
20005|-132
20007|40
20009|-315
20011|-157
20013|-156
20015|-1098
20017|22
20019|-5
20021|-170
20023|-26
20025|-42
20027|54
20029|-129
20031|-18
20033|-25
20035|-706
20037|-632
20039|-16
20041|-241
20043|-21
20045|-1396
20047|5
20049|33
20051|-143
20053|-60
20055|-524
20057|-384
20059|-455
20061|-411
20063|-27
20065|-11
20067|-45
20069|-33
20071|-4
20073|6
20075|15
20077|-62
20079|-374
20081|-25
20083|17
20085|-9
20087|-159
20089|-9
20091|-3852
20093|-84
20095|-74
20097|-3
20099|-357
20101|-41
20103|-1062
20105|-32
20107|-160
20109|-22
20111|-630
20113|-189
20115|-123
20117|52
20119|7
20121|-540
20123|-71
20125|-633
20127|-97
20129|-8
20131|-84
20133|-433
20135|38
20137|16
20139|-132
20141|-28
20143|-111
20145|5
20147|-78
20149|-257
20151|58
20153|-17
20155|-1103
20157|-45
20159|-215
20161|-649
20163|-64
20165|25
20167|-130
20169|-848
20171|-18
20173|-10749
20175|-51
20177|-3428
20179|-20
20181|-33
20183|-63
20185|40
20187|-22
20189|16
20191|-266
20193|-14
20195|-13
20197|-13
20199|-2
20201|-18
20203|27
20205|-238
20207|37
20209|-4497
21001|-493
21003|-400
21005|-524
21007|-262
21009|-634
21011|-255
21013|-804
21015|-1281
21017|-658
21019|-1047
21021|-982
21023|-92
21025|-284
21027|-223
21029|-1457
21031|-245
21033|-330
21035|-724
21037|-1755
21039|-94
21041|-507
21043|-408
21045|-479
21047|402
21049|-504
21051|-203
21053|-194
21055|-65
21057|-102
21059|-1578
21061|-268
21063|-161
21065|-236
21067|-4593
21069|-141
21071|-663
21073|-1345
21075|-158
21077|-215
21079|-460
21081|-454
21083|-799
21085|-475
21087|-325
21089|-847
21091|-1
21093|-1378
21095|-741
21097|-290
21099|-216
21101|-1204
21103|-363
21105|19
21107|-758
21109|-92
21111|-17383
21113|-1031
21115|-407
21117|-1852
21119|-275
21121|-529
21123|-179
21125|-1326
21127|1
21129|-298
21131|-49
21133|41
21135|-285
21137|-606
21139|-112
21141|-468
21143|-104
21145|-1063
21147|-331
21149|52
21151|-1110
21153|36
21155|-282
21157|-20
21159|-108
21161|-409
21163|-714
21165|102
21167|-504
21169|-143
21171|-165
21173|-1062
21175|83
21177|-412
21179|-884
21181|1
21183|-325
21185|-297
21187|-225
21189|-134
21191|-366
21193|-446
21195|-556
21197|-321
21199|-1569
21201|-29
21203|-257
21205|-424
21207|-299
21209|-788
21211|-992
21213|-239
21215|-257
21217|-828
21219|-249
21221|-111
21223|-232
21225|-9
21227|-3065
21229|-311
21231|-379
21233|-131
21235|-898
21237|-28
21239|-653
22001|-789
22003|93
22005|-2202
22007|-169
22009|-583
22011|-688
22013|273
22015|71
22017|-3860
22019|-2842
22021|161
22023|-274
22025|-2
22027|-140
22029|-357
22031|158
22033|-13596
22035|45
22037|-140
22039|-325
22041|-2
22043|272
22045|-1187
22047|-588
22049|65
22051|-13197
22053|187
22055|-3233
22057|108
22059|277
22061|-576
22063|-2445
22065|-44
22067|-194
22069|-547
22071|-14975
22073|-2939
22075|846
22077|298
22079|-4517
22081|-170
22083|114
22085|82
22087|-1160
22089|-549
22091|130
22093|-70
22095|-1180
22097|-1766
22099|222
22101|-583
22103|-2946
22105|-3576
22107|234
22109|-1571
22111|-20
22113|-247
22115|-744
22117|-833
22119|-744
22121|580
22123|-122
22125|-145
22127|-83
23000|-28465
24001|-1984
24003|-11969
24005|-33721
24009|-1814
24011|-1448
24013|-2770
24015|-2915
24017|-3988
24019|-1224
24021|-4705
24023|-546
24025|-4171
24027|-4590
24029|-496
24031|-18097
24033|-16475
24035|-1126
24037|-2925
24039|-1071
24041|-1074
24043|-4562
24045|-4617
24047|-1627
24510|-40426
25000|-113332
26001|98
26003|44
26005|161
26007|-207
26009|34
26011|-80
26013|-212
26015|586
26017|-197
26019|-147
26021|-2301
26023|72
26025|679
26027|-20
26029|-89
26031|-263
26033|-25
26035|-291
26037|28
26039|-78
26041|8
26043|-356
26045|-899
26047|-67
26049|-2677
26051|35
26053|-94
26055|-179
26057|-168
26059|112
26061|-98
26063|27
26065|545
26067|-443
26069|-448
26071|42
26073|3765
26075|-1753
26077|-229
26079|20
26081|-8340
26083|-21
26085|-158
26087|-341
26089|10
26091|-814
26093|-1062
26095|38
26097|-228
26099|-16103
26101|-81
26103|376
26105|-251
26107|1789
26109|374
26111|-677
26113|-38
26115|-1518
26117|-22
26119|28
26121|-277
26123|-517
26125|-23485
26127|-43
26129|-302
26131|-20
26133|24
26135|42
26137|-237
26139|2078
26141|-152
26143|-39
26145|-1066
26147|-136
26149|-449
26151|396
26153|-76
26155|-26
26157|-227
26159|-566
26161|-1672
26163|-43346
26165|84
27000|0
27001|0
27003|0
27005|0
27007|0
27009|0
27011|4
27013|0
27015|0
27017|0
27019|0
27021|0
27023|0
27025|0
27027|0
27029|4
27031|0
27033|6
27035|-6
27037|0
27039|5
27041|0
27043|0
27045|0
27047|0
27049|-15
27051|1
27053|-2534
27055|-1
27057|5
27059|0
27061|0
27063|6
27065|0
27067|15
27069|2
27071|6
27073|0
27075|0
27077|0
27079|0
27081|-3
27083|-2
27085|0
27087|3
27089|-3
27091|8
27093|-1
27095|0
27097|-9
27099|0
27101|-3
27103|0
27105|0
27107|1
27109|0
27111|0
27113|8
27115|0
27117|7
27119|-1
27121|0
27123|0
27125|0
27127|0
27129|0
27131|0
27133|1
27135|1
27137|0
27139|0
27141|0
27143|0
27145|0
27147|0
27149|-3
27151|-3
27153|0
27155|0
27157|0
27159|0
27161|0
27163|0
27165|7
27167|-2
27169|-8
27171|0
27173|1
27175|0
28001|-794
28003|-851
28005|-177
28007|-72
28009|-225
28011|-633
28013|-295
28015|-267
28017|-421
28019|-6
28021|-312
28023|-413
28025|-282
28027|-1150
28029|-860
28031|-350
28033|-3365
28035|-2713
28037|-200
28039|-1155
28041|-387
28043|-501
28045|-2449
28047|-10288
28049|-6579
28051|-425
28053|-226
28055|-10
28057|-503
28059|-4484
28061|-360
28063|-458
28065|-214
28067|-2141
28069|-187
28071|-1151
28073|-1911
28075|-1794
28077|-466
28079|-460
28081|-1580
28083|-1655
28085|-749
28087|-831
28089|-1682
28091|-642
28093|-741
28095|-359
28097|-220
28099|-998
28101|-788
28103|-119
28105|-1277
28107|-1095
28109|-1978
28111|-237
28113|-882
28115|-645
28117|-743
28119|-207
28121|-3100
28123|-1108
28125|-88
28127|-883
28129|-94
28131|-236
28133|-548
28135|-220
28137|-717
28139|-463
28141|-265
28143|-624
28145|-635
28147|-291
28149|-1741
28151|-1148
28153|-693
28155|-212
28157|-331
28159|-218
28161|-27
28163|-469
29925|-61263
30201|-16300
31000|-14710
32001|-959
32003|-71916
32005|-929
32007|-426
32009|-11
32011|17
32013|15
32015|-13
32017|-37
32019|-2157
32021|-44
32023|-1185
32027|-54
32029|-19
32031|-11480
32033|-242
32510|-2141
33000|-16032
34001|-11194
34003|-8912
34005|-7717
34007|-18005
34009|-2490
34011|-6252
34013|-14709
34015|-6535
34017|-26365
34019|-1188
34021|-7638
34023|-14941
34025|-7624
34027|-4841
34029|-14364
34031|-28569
34033|-1962
34035|-4047
34037|-1631
34039|-12241
34041|-2066
35001|-30608
35003|-50
35005|-2702
35006|-2199
35007|-1311
35009|-1894
35011|-98
35013|-13171
35015|-843
35017|-858
35019|-326
35021|-28
35023|-111
35025|185
35027|-821
35028|-142
35029|-2065
35031|-629
35033|-436
35034|-4720
35035|-1879
35037|-540
35039|-3535
35041|-468
35043|-4190
35045|-6557
35047|-2670
35049|-3214
35051|-856
35053|-582
35055|-2056
35057|-1156
35059|-292
35061|-4366
35063|-977
36000|-359534
37001|-4928
37003|-1292
37005|-346
37007|-983
37009|-983
37011|-553
37013|-1768
37015|-1062
37017|-1857
37019|-4075
37021|-8973
37023|-3243
37025|-6316
37027|-3226
37029|-251
37031|-1395
37033|-786
37035|-5208
37037|-1792
37039|-1060
37041|-559
37043|-357
37045|-3738
37047|-2498
37049|-3090
37051|-13246
37053|-417
37055|-1215
37057|-6550
37059|-1522
37061|-2464
37063|-11358
37065|-3015
37067|-11507
37069|-2643
37071|-7334
37073|-372
37075|-337
37077|-2123
37079|-518
37081|-20932
37083|-2481
37085|-4609
37087|-1743
37089|-3932
37091|-835
37093|-2734
37095|-87
37097|-3878
37099|-1780
37101|-7588
37103|-509
37105|-2838
37107|-2352
37109|-2358
37111|-2525
37113|-1807
37115|-844
37117|-995
37119|-30694
37121|-403
37123|-1049
37125|-1912
37127|-3545
37129|-7922
37131|-1061
37133|-3946
37135|-2613
37137|-237
37139|-1850
37141|-2212
37143|-383
37145|-1484
37147|-7100
37149|-588
37151|-5480
37153|-2644
37155|-10216
37157|-3940
37159|-6531
37161|-3318
37163|-3014
37165|-1883
37167|-2175
37169|-1683
37171|-2876
37173|-512
37175|-1208
37177|-64
37179|-6745
37181|-2637
37183|-18155
37185|-1105
37187|-653
37189|-1013
37191|-6158
37193|-2798
37195|-3512
37197|-1326
37199|-422
38001|-9
38003|-41
38005|-333
38009|1
38011|-4
38013|3
38015|-153
38017|-1073
38019|43
38021|-24
38023|17
38025|-3
38027|22
38029|-78
38031|-51
38033|9
38035|-368
38037|20
38039|14
38041|25
38043|-55
38045|17
38047|11
38049|50
38051|-9
38053|20
38055|33
38057|87
38059|284
38061|113
38063|-3
38065|-20
38067|15
38069|3
38071|38
38073|59
38075|39
38077|19
38079|-268
38081|31
38083|-18
38085|-191
38089|466
38091|10
38093|-23
38095|-15
38097|-53
38099|123
38101|936
38103|-75
38105|218
39001|-815
39003|-3262
39005|-721
39007|-1787
39009|-1468
39011|-536
39013|-1167
39015|-1638
39017|-5943
39019|-416
39021|-339
39023|-3422
39025|-2995
39027|-2273
39029|-1584
39031|-674
39033|-704
39035|1171
39037|-1200
39039|-172
39041|-1422
39043|-2580
39045|-3124
39047|-1265
39049|-34777
39051|-276
39053|-795
39055|-1125
39057|-2157
39059|-578
39061|-19305
39063|-1234
39065|-513
39067|-238
39069|-212
39071|-564
39073|-918
39075|-271
39077|-1425
39079|-268
39081|-1776
39083|-1159
39085|-3658
39087|-929
39089|-2535
39091|-707
39093|-4754
39095|-11975
39097|-687
39099|-5867
39101|-1304
39103|-2102
39105|-567
39107|-437
39109|-778
39111|-93
39113|-13222
39115|-392
39117|-469
39119|-2172
39121|-97
39123|-313
39125|-78
39127|-940
39129|-580
39131|-873
39133|-2807
39135|-1220
39137|-307
39139|-2987
39141|-2037
39143|-615
39145|-1866
39147|-999
39149|-56
39151|-8182
39153|-8645
39155|-5067
39157|-666
39159|-710
39161|-483
39163|-180
39165|-1615
39167|-837
39169|-1813
39171|-738
39173|-676
39175|11
40001|-529
40003|-14
40005|62
40007|77
40009|504
40011|-42
40013|-780
40015|-302
40017|-329
40019|-396
40021|-4459
40023|-365
40025|4
40027|-3135
40029|-105
40031|-2893
40033|-29
40035|34
40037|-1532
40039|338
40041|-586
40043|71
40045|99
40047|-435
40049|-76
40051|117
40053|-17
40055|92
40057|-24
40059|18
40061|-342
40063|-163
40065|-329
40067|-78
40069|69
40071|-560
40073|107
40075|17
40077|-109
40079|-1545
40081|-545
40083|-466
40085|-115
40087|-550
40089|-457
40091|-139
40093|-207
40095|-210
40097|-782
40099|-195
40101|1365
40103|17
40105|-151
40107|-402
40109|-8324
40111|744
40113|-658
40115|-770
40117|-194
40119|-646
40121|-1076
40123|-595
40125|-313
40127|-160
40129|4
40131|-1350
40133|-231
40135|-1416
40137|-188
40139|-168
40141|-151
40143|-10111
40145|-1255
40147|-368
40149|284
40151|16
40153|446
41000|281
42001|-1526
42003|-19777
42005|-1143
42007|-2481
42009|-939
42011|-9965
42013|-2040
42015|990
42017|-8568
42019|-2503
42021|-3014
42023|18
42025|-1335
42027|-698
42029|-7430
42031|-236
42033|-279
42035|-80
42037|-1089
42039|-767
42041|-3898
42043|-7631
42045|-9037
42047|55
42049|-6728
42051|-1513
42053|-68
42055|-3746
42057|-219
42059|-262
42061|-678
42063|-855
42065|-371
42067|-407
42069|-5271
42071|-11382
42073|-1605
42075|-3545
42077|-7201
42079|-7969
42081|-887
42083|-769
42085|-1700
42087|-803
42089|-3368
42091|-13293
42093|-119
42095|-4567
42097|-3329
42099|-430
42101|-63789
42103|-1441
42105|-369
42107|-3669
42109|-902
42111|-1170
42113|-11
42115|-158
42117|-157
42119|-426
42121|-533
42123|-853
42125|-1719
42127|-1231
42129|-4936
42131|-32
42133|-11067
44935|-39415
45001|-138
45003|-3530
45005|80
45007|-1756
45009|-316
45011|-470
45013|-2263
45015|-4975
45017|-151
45019|-3543
45021|-917
45023|-370
45025|-1009
45027|-593
45029|-1676
45031|-1342
45033|-646
45035|-3240
45037|-186
45039|-339
45041|-1508
45043|-631
45045|-5346
45047|-1903
45049|-637
45051|-6784
45053|-963
45055|-1202
45057|282
45059|-859
45061|-299
45063|-7477
45065|-80
45067|-829
45069|-465
45071|-821
45073|-294
45075|-1064
45077|-572
45079|-8886
45081|-524
45083|-5525
45085|-2416
45087|-718
45089|-81
45091|-4139
46003|4
46005|-690
46007|-90
46009|15
46011|-215
46013|-578
46015|-200
46019|-237
46021|-1
46023|-241
46025|-45
46027|-89
46029|-266
46031|-221
46033|-78
46035|-167
46037|-101
46039|-68
46041|-199
46043|14
46045|-29
46047|37
46049|35
46051|-81
46053|-68
46055|-15
46057|-67
46059|-33
46061|-33
46063|8
46065|-108
46067|-15
46069|-3
46071|0
46073|45
46075|-13
46077|-105
46079|6
46081|-343
46083|-460
46085|-177
46087|-26
46089|-3
46091|15
46093|-86
46095|-63
46097|11
46099|-2321
46101|-60
46103|-1016
46105|9
46107|6
46109|-357
46111|-14
46113|-1147
46115|-89
46117|35
46119|6
46121|-521
46123|-51
46125|-35
46127|-211
46129|-9
46135|-118
46137|-106
47001|-1113
47003|-690
47005|12
47007|-269
47009|-1365
47011|-979
47013|-421
47015|-296
47017|-426
47019|-1090
47021|-782
47023|-160
47025|-19
47027|86
47029|-530
47031|-592
47033|-181
47035|-626
47037|-11102
47039|39
47041|-379
47043|-667
47045|-126
47047|-723
47049|-212
47051|-93
47053|-311
47055|-209
47057|-79
47059|-524
47061|-20
47063|-973
47065|-2678
47067|-14
47069|-103
47071|-108
47073|299
47075|-61
47077|-45
47079|-335
47081|-113
47083|30
47085|-109
47087|-80
47089|-352
47091|-164
47093|-6014
47095|109
47097|-240
47099|-434
47101|44
47103|-696
47105|-230
47107|-532
47109|-238
47111|-416
47113|-721
47115|-444
47117|-489
47119|-605
47121|62
47123|53
47125|-2677
47127|-42
47129|-349
47131|-236
47133|-101
47135|-359
47137|-73
47139|-206
47141|-971
47143|-207
47145|-959
47147|-1129
47149|-3923
47151|-311
47153|-18
47155|-1116
47157|-34400
47159|-194
47161|-251
47163|-2321
47165|-1307
47167|-600
47169|-58
47171|-312
47173|-213
47175|58
47177|-15
47179|-1736
47181|7
47183|-377
47185|-530
47187|-668
47189|-43
48001|-914
48003|-16
48005|-1685
48007|-293
48009|-435
48011|-17
48013|-673
48015|-453
48017|-126
48019|-516
48021|-1278
48023|-58
48025|441
48027|-9761
48029|-53869
48031|-148
48033|-19
48035|-171
48037|-2083
48039|-6836
48041|-2956
48043|-180
48045|-113
48047|21
48049|-525
48051|-74
48053|-620
48055|-573
48057|-372
48059|-273
48061|-13918
48063|-205
48065|-85
48067|-113
48069|-161
48071|-567
48073|-514
48075|-197
48077|-563
48079|-16
48081|-236
48083|8
48085|-17322
48087|-79
48089|-294
48091|-1250
48093|115
48095|-77
48097|-690
48099|-1222
48101|-17
48103|-194
48105|-6
48107|92
48109|-20
48111|-181
48113|-108517
48115|102
48117|-398
48119|-72
48121|-16875
48123|-68
48125|-49
48127|238
48129|-128
48131|580
48133|-223
48135|1688
48137|9
48139|-4056
48141|-22997
48143|-639
48145|-85
48147|-980
48149|199
48151|-255
48153|-673
48155|-39
48157|-16705
48159|-458
48161|-74
48163|27
48165|6
48167|-3788
48169|3
48171|-352
48173|-48
48175|-266
48177|-366
48179|-54
48181|-3003
48183|-2234
48185|-208
48187|-988
48189|-405
48191|42
48193|-77
48195|172
48197|-34
48199|-798
48201|-169268
48203|-843
48205|-39
48207|65
48209|-2611
48211|-62
48213|-2509
48215|-22374
48217|-797
48219|1135
48221|-1097
48223|-534
48225|48
48227|2679
48229|-313
48231|-3622
48233|-382
48235|-23
48237|-588
48239|-134
48241|-425
48243|-103
48245|-6431
48247|79
48249|464
48251|-2778
48253|-1836
48255|265
48257|-1645
48259|-362
48261|-30
48263|-48
48265|-373
48267|-188
48269|-14
48271|62
48273|58
48275|-18
48277|-831
48279|-311
48281|-286
48283|136
48285|-329
48287|-277
48289|-106
48291|-465
48293|-329
48295|114
48297|33
48299|-299
48301|-3
48303|-7978
48305|-87
48307|29
48309|-4075
48311|-10
48313|-82
48315|-1339
48317|83
48319|-11
48321|-716
48323|735
48325|-885
48327|-60
48329|816
48331|-452
48333|-63
48335|-386
48337|-56
48339|-10618
48341|-790
48343|-234
48345|-84
48347|-1512
48349|-2357
48351|-68
48353|-95
48355|-6134
48357|231
48359|-59
48361|-2024
48363|0
48365|-121
48367|-1212
48369|-310
48371|131
48373|-604
48375|-913
48377|288
48379|-315
48381|-6576
48383|-1
48385|-146
48387|-194
48389|586
48391|-417
48393|-4
48395|-317
48397|-1460
48399|-82
48401|-743
48403|-96
48405|-156
48407|-700
48409|-601
48411|30
48413|-29
48415|-1622
48417|-58
48419|-796
48421|-60
48423|-5087
48425|-430
48427|-511
48429|510
48431|-41
48433|3
48435|-52
48437|-161
48439|-57408
48441|-2179
48443|-29
48445|-68
48447|-21
48449|-1211
48451|-808
48453|-14648
48455|-690
48457|-67
48459|-313
48461|-41
48463|461
48465|-509
48467|-1292
48469|-1082
48471|-1447
48473|373
48475|331
48477|-199
48479|-5610
48481|-988
48483|-31
48485|-1676
48487|-226
48489|-332
48491|-6034
48493|-463
48495|148
48497|-1108
48499|-499
48501|158
48503|-226
48505|-696
48507|-253
49925|402
50000|-2199
51001|-1048
51003|-1296
51007|-218
51009|-378
51011|-333
51013|-267
51015|-795
51017|-79
51019|-673
51021|-22
51023|-169
51025|-339
51027|53
51029|-480
51031|-903
51033|-753
51035|-454
"5103|-148
51037|-239
51041|-5672
51043|-109
51045|-48
51047|-757
51049|-309
51051|-184
51053|-561
51057|-433
51059|-12234
51061|-500
51063|-299
51065|-476
51067|-821
51069|-1261
51071|-27
51073|-601
51075|-170
51077|-283
51079|-402
51081|-236
51083|-390
51085|-1152
51087|-7236
51089|-1537
51091|0
51093|-519
51095|-803
51097|-209
51099|-562
51101|-441
51103|-296
51105|-345
51107|-2145
51109|-746
51111|-137
51113|-275
51115|-87
51117|-422
51119|-274
51121|-904
51125|-385
51127|-367
51131|-349
51133|-220
51135|-475
51137|-558
51139|-399
51141|-100
51143|-929
51145|-319
51147|-429
51149|-404
51153|-6605
51155|-147
51157|-100
51159|-138
51161|-1063
51163|-463
51165|-795
51167|-88
51169|-346
51171|-751
51173|-568
51175|-320
51177|-2093
51179|-1326
51181|-88
51183|-205
51185|-621
51187|-734
51191|-723
51193|-529
51195|-356
51197|-336
51199|-568
51510|-1298
51515|-242
51520|-237
51530|-131
51540|-402
51550|-4241
51570|-399
51580|-65
51590|-1055
51595|-310
51600|-256
51610|3
51620|-462
51630|-712
51640|-60
51650|-5140
51660|-1174
51670|-799
51678|-72
51680|-2171
51683|-787
51685|25
51690|-404
51700|-6077
51710|-6788
51720|-59
51730|-1149
51735|-108
51740|-4070
51750|-39
51760|-8158
51770|-3582
51790|-608
51800|-2378
51810|-7200
51820|-591
51830|-257
51840|-645
52001|-2427
52005|-1915
53000|-129906
54000|-6562
55000|-49362
55001|-135
55003|2932
55005|-442
55007|1177
55009|-1712
55011|1333
55013|149
55015|95
55017|-87
55019|2857
55021|-549
55023|16
55025|-5374
55027|-261
55029|-491
55031|-362
55033|-14
55035|-947
55037|563
55039|-675
55041|1096
55043|-133
55045|-325
55047|-122
55049|-57
55051|770
55053|2265
55055|-972
55057|-488
55059|-929
55061|-176
55063|-18558
55065|-247
55067|-195
55069|3084
55071|-578
55073|-742
55075|-40
55077|-270
55078|-70
55079|-47307
55081|4846
55083|-139
55085|-440
55087|-744
55089|-242
55091|663
55093|-136
55095|-306
55097|-133
55099|1777
55101|-620
55103|-40
55105|-1580
55107|2590
55109|-183
55111|-728
55113|2874
55115|-369
55117|-835
55119|2328
55121|2657
55123|2740
55125|1726
55127|-1591
55129|-334
55131|-303
55133|-3293
55135|-92
55137|95
55139|-1132
55141|-22378
55143|-27
55145|-27
55147|-25
55149|64
55151|-127
55153|-29
55155|27
56000|-610
U.S.|-7032707
|0
b|0
