COUNTY|DELTA
01001|-190
01003|-2383
01005|-303
01007|-39
01009|-37208
01011|65
01013|38
01015|-503
01017|762
01019|-162
01021|459
01023|-97
01025|-463
01027|53
01029|-162
01031|-468
01033|-329
01035|217
01037|107
01039|-14
01041|-96
01043|-478
01045|-401
01047|204
01049|-1069
01051|-594
01053|-407
01055|-832
01057|89
01059|-45
01061|-264
01063|144
01065|-193
01067|220
01069|-839
01071|-411
01073|-7204
01075|-37
01077|230
01079|-149
01081|-720
01083|-813
01085|181
01087|487
01089|-5516
01091|-7
01093|521
01095|-2251
01097|-1137
01099|15
01101|-1446
01103|-840
01105|124
01107|3
01109|-56
01111|131
01113|-625
01115|-304
01117|-526
01119|215
01121|692
01123|146
01125|-221
01127|-346
01129|281
01131|151
01133|286
02110|-7742
04001|267
04003|-1623
04005|-184
04007|-458
04009|241
04011|157
04013|-52961
04015|-1835
04017|-1247
04019|-2698
04021|-5499
04023|-848
04025|-320
04027|-2270
04029|-70
05001|207
05003|613
05005|-162
05007|-369
05009|-7
05011|88
05013|8
05015|82
05017|228
05019|123
05021|385
05023|138
05025|51
05027|875
05029|255
05031|-22
05033|-110
05035|230
05037|62
05039|-42
05041|120
05043|53
05045|-1233
05047|86
05049|36
05051|-100
05053|-129
05055|-156
05057|5
05059|139
05061|-40
05063|-505
05065|-188
05067|54
05069|913
05071|-258
05073|270
05075|60
05077|12
05079|105
05081|91
05083|276
05085|205
05087|41
05089|290
05091|128
05093|273
05095|283
05097|59
05099|146
05101|155
05103|261
05105|64
05107|493
05109|48
05111|214
05113|50
05115|1
05117|17
05119|-4279
05121|124
05123|200
05125|132
05127|318
05129|318
05131|-737
05133|-214
05135|-97
05137|-1
05139|557
05141|71
05143|-1117
05145|-763
05147|85
05149|-65
05159|660
06001|-16212
06003|11
06005|-596
06007|-4106
06009|-512
06011|-177
06013|-6747
06015|-91
06017|-1484
06019|-18800
06021|-307
06023|-1568
06025|-3620
06027|-189
06029|-12910
06031|-1799
06033|-1194
06035|44
06037|-151195
06039|-2522
06041|-954
06043|-237
06045|-931
06047|-6654
06049|46
06051|-148
06053|-9359
06055|-545
06057|-1692
06059|-45255
06061|-1386
06063|-342
06065|-47065
06067|-20468
06069|-102
06071|-50312
06073|-42580
06075|-4124
06077|-17335
06079|-1898
06081|-6987
06083|-2879
06085|-11333
06087|-3495
06089|-1143
06091|-53
06093|-1102
06095|-4394
06097|-12180
06099|-12251
06101|-1481
06103|-704
06105|-152
06107|-10883
06109|-283
06111|-6541
06113|-1555
06115|-182
08003|-41
08007|-145
08009|-6
08011|-27
08013|-1491
08015|-201
08017|-64
08019|-35
08021|-102
08023|-60
08025|-51
08027|-17
08029|-717
08031|-12933
08033|62
08035|-996
08037|-514
08039|42
08041|-10331
08043|-970
08045|-688
08047|-91
08049|-82
08051|-241
08053|0
08055|-13
08057|3
08059|-4045
08061|-19
08063|-102
08065|-2
08067|-421
08069|-2228
08071|-135
08073|-123
08075|-146
08077|-2435
08079|0
08081|-106
08083|-107
08085|-75
08087|-239
08089|-319
08091|-9
08093|-266
08095|-93
08097|-89
08099|-310
08101|-5592
08103|-103
08105|-40
08107|-144
08109|-320
08111|5
08113|-126
08115|-103
08117|-215
08119|-311
08121|23
08123|-3828
08125|-115
08127|-9039
08129|-7422
08131|-252
09000|-53988
10001|-4826
10002|-13502
10003|-4573
11001|-13220
12001|-3523
12003|-431
12005|-4199
12007|-280
12009|-15522
12011|-48863
12013|-329
12015|-2155
12017|-2348
12019|-3773
12021|-4929
12023|-1237
12025|-87261
12027|-967
12029|-165
12031|-25941
12033|-7616
12035|-1685
12037|-562
12039|-1683
12041|-190
12045|-290
12047|-397
12049|-549
12051|-1528
12053|-3416
12055|-3132
12057|-42592
12059|-87
12061|-2834
12063|-1347
12065|-317
12067|-254
12069|-5523
12071|-16355
12073|-8093
12075|-691
12077|-247
12079|-197
12081|-7140
12083|-6471
12085|-1889
12087|-670
12089|-1409
12091|-4516
12093|-1091
12095|-50248
12097|-18502
12099|-39630
12101|-11099
12103|-18664
12105|-18506
12107|-2464
12109|-2668
12111|-6311
12113|-2682
12115|-5089
12117|-11578
12119|-1072
12121|-546
12123|-381
12125|-120
12127|-10865
12129|-722
12131|-1436
12133|-286
13001|-288
13003|-627
13005|-715
13007|1
13009|-1141
13011|-280
13013|-2758
13015|-2511
13017|-1253
13019|-400
13021|-4222
13023|-200
13025|-394
13027|-1076
13029|-232
13031|-2324
13033|-222
13035|-983
13037|-102
13039|-1406
13043|-77
13045|-828
13047|-630
13049|-63
13051|-8135
13053|51
13055|-720
13057|-2909
13059|129
13061|-64
13063|-16463
13065|-302
13067|-16244
13069|904
13071|-1464
13073|-2066
13075|-303
13077|-1831
13079|-286
13081|-270
13083|25
13085|-37
13087|-1062
13089|-22440
13091|-558
13093|-67
13095|-4969
13097|-3757
13099|-114
13100|-647
13103|-359
13105|-591
13107|-1062
13109|-267
13111|-393
13113|-681
13115|-2607
13117|-678
13119|-823
13121|-19464
13123|-783
13125|26
13127|-1691
13129|-1232
13131|-458
13133|-259
13135|-19245
13137|-1562
13139|-4138
13141|-187
13143|-1030
13145|-273
13147|-916
13149|-7
13151|-2757
13153|-4061
13155|-160
13157|-1335
13159|-512
13161|-392
13163|-446
13165|-71
13167|-84
13169|-655
13171|-633
13173|-545
13175|-1467
13177|-342
13179|-844
13181|-174
13183|-304
13185|-3025
13187|42
13189|-914
13191|-349
13193|-386
13195|-304
13197|-165
13199|-565
13201|0
13205|-840
13207|-475
13209|-83
13211|-450
13213|-735
13215|-6918
13217|-3359
13219|-610
13221|-1338
13223|-3640
13225|-257
13227|-334
13229|-352
13231|-495
13233|-1603
13235|-241
13237|-447
13239|-108
13241|-302
13243|-56
13245|-4534
13247|891
13249|-106
13251|-471
13253|-275
13255|-772
13257|-1076
13259|-116
13261|2
13263|14
13265|-115
13267|2252
13269|128
13271|-246
13273|42
13275|-2144
13277|-945
13279|-768
13281|58
13283|-198
13285|-2096
13287|-102
13289|-326
13291|24
13293|-910
13295|-607
13297|-2486
13299|-812
13301|151
13303|-617
13305|-383
13307|10
13309|-151
13311|-46
13313|-1825
13315|-210
13317|-48
13319|27
13321|-194
14000|-5673
15001|-7350
15003|-16468
15007|-1195
15009|-6587
16000|-3965
17001|-4118
17003|-286
17005|-765
17007|5584
17009|356
17011|-2733
17013|472
17015|1986
17017|-376
17019|-5631
17021|-1008
17023|1821
17025|-218
17027|2883
17029|-1632
17031|0
17033|-1204
17035|1183
17037|-2710
17039|1657
17041|-2754
17043|-6313
17045|-2909
17047|619
17049|-2417
17051|3467
17053|1255
17055|-2125
17057|-618
17059|906
17061|2241
17063|3215
17065|1141
17067|-176
17069|655
17071|529
17073|-1671
17075|4137
17077|-5922
17079|892
17081|-3873
17083|-3917
17085|1605
17087|1159
17089|-17713
17091|-7717
17093|-2055
17095|-1410
17097|-14027
17099|-7312
17101|-394
17103|1939
17105|4072
17107|-3892
17109|-563
17111|-4811
17113|-7244
17115|-3398
17117|-1121
17119|-6947
17121|-7670
17123|1326
17125|-251
17127|-288
17129|1083
17131|1371
17133|712
17135|-756
17137|-1834
17139|1360
17141|-3688
17143|-7841
17145|3446
17147|735
17149|2205
17151|-876
17153|-71
17155|410
17157|-1337
17159|-356
17161|-4532
17163|-5217
17165|-1621
17167|-5706
17169|-489
17171|445
17173|-442
17175|418
17177|-2820
17179|-2722
17181|-1596
17183|-2102
17185|-3394
17187|-2733
17189|904
17191|1976
17193|2235
17195|-4336
17197|-15405
17199|-1543
17201|-19167
17203|1711
18001|-54
18003|-4067
18005|-191
18007|91
18009|-279
18011|-214
18013|-78
18015|-91
18017|-541
18019|183
18021|-230
18023|-578
18025|-47
18027|-277
18029|-535
18031|19
18033|558
18035|-2021
18037|202
18039|3067
18041|-116
18043|8
18045|-115
18047|-71
18049|3
18051|-20
18053|-1212
18055|-181
18057|-1541
18059|-375
18061|54
18063|-590
18065|-121
18067|-1249
18069|-217
18071|-370
18073|3
18075|-58
18077|-97
18079|86
18081|-388
18083|-334
18085|-752
18087|197
18089|-2978
18091|-787
18093|-275
18095|-2157
18097|-24246
18099|45
18101|-143
18103|-492
18105|-530
18107|-435
18109|-251
18111|-80
18113|-48
18115|39
18117|-172
18119|-42
18121|-279
18123|-133
18125|-148
18127|-707
18129|-91
18131|102
18133|-134
18135|-21
18137|-245
18139|106
18141|-3564
18143|268
18145|165
18147|-8
18149|269
18151|164
18153|-406
18155|-124
18157|-1691
18159|-107
18161|24
18163|-951
18165|-193
18167|-1218
18169|-332
18171|-37
18173|-47
18175|182
18177|-852
18179|-16
18181|120
18183|2
19001|-204
19003|-50
19005|-291
19007|-169
19009|-156
19011|-219
19013|-2892
19015|-342
19017|-280
19019|-197
19021|-318
19023|-4
19025|-138
19027|-277
19029|-199
19031|-120
19033|-321
19035|-214
19037|-155
19039|-23
19041|-266
19043|-229
19045|-773
19047|-242
19049|-682
19051|-123
19053|29
19055|-17
19057|-1015
19059|-251
19061|-1421
19063|-227
19065|-273
19067|-385
19069|-167
19071|-165
19073|-199
19075|-180
19077|-275
19079|-360
19081|-91
19083|-501
19085|-232
19087|-362
19089|-37
19091|-111
19093|-56
19095|-142
19097|-514
19099|-668
19101|-294
19103|-1982
19105|-204
19107|-283
19109|-199
19111|-1072
19113|-3761
19115|-119
19117|-126
19119|-145
19121|-93
19123|-114
19125|-665
19127|-963
19129|-385
19131|-274
19133|-317
19135|-140
19137|-238
19139|-1140
19141|-102
19143|-83
19145|-118
19147|-104
19149|-442
19151|-234
19153|-12638
19155|-2729
19157|-178
19159|-154
19161|-231
19163|-3658
19165|-142
19167|-517
19169|-693
19171|-550
19173|-184
19175|-98
19177|-55
19179|-473
19181|-792
19183|-346
19185|-72
19187|-1024
19189|-19
19191|8
19193|-2941
19195|-131
19197|-269
20001|-53
20003|45
20005|-79
20007|44
20009|73
20011|98
20013|-120
20015|-725
20017|61
20019|-41
20021|79
20023|-18
20025|-9
20027|-48
20029|2
20031|120
20033|-2
20035|-548
20037|-653
20039|-21
20041|-53
20043|-103
20045|-642
20047|21
20049|-6
20051|135
20053|6
20055|-429
20057|101
20059|-273
20061|-41
20063|-34
20065|38
20067|95
20069|22
20071|-9
20073|28
20075|21
20077|-21
20079|186
20081|-38
20083|16
20085|-177
20087|-171
20089|-2
20091|-588
20093|10
20095|66
20097|38
20099|148
20101|-18
20103|-341
20105|-4
20107|-55
20109|15
20111|-183
20113|-98
20115|-4
20117|-106
20119|64
20121|-177
20123|41
20125|-926
20127|-69
20129|-27
20131|40
20133|-97
20135|40
20137|6
20139|48
20141|8
20143|-83
20145|42
20147|-46
20149|-123
20151|68
20153|-1
20155|-472
20157|-28
20159|-1
20161|-42
20163|28
20165|5
20167|-80
20169|-479
20171|85
20173|-5822
20175|229
20177|-2041
20179|13
20181|-6
20183|-11
20185|0
20187|28
20189|59
20191|-100
20193|-8
20195|-26
20197|-33
20199|-11
20201|124
20203|9
20205|-140
20207|-31
20209|-3565
21001|-431
21003|-369
21005|302
21007|-109
21009|-954
21011|-150
21013|-927
21015|-733
21017|-508
21019|-1032
21021|-546
21023|-28
21025|-322
21027|8
21029|-876
21031|-23
21033|-130
21035|-554
21037|-374
21039|-146
21041|-183
21043|-434
21045|-350
21047|276
21049|-301
21051|-167
21053|-172
21055|-47
21057|-151
21059|-815
21061|-53
21063|-32
21065|-52
21067|-4251
21069|-171
21071|-880
21073|-811
21075|-157
21077|-137
21079|-278
21081|-170
21083|-587
21085|-184
21087|-229
21089|-225
21091|5
21093|-855
21095|-1358
21097|222
21099|-374
21101|-817
21103|-126
21105|-61
21107|-531
21109|-128
21111|-10136
21113|-981
21115|-608
21117|-1586
21119|-370
21121|-597
21123|9
21125|-957
21127|138
21129|-187
21131|-378
21133|-710
21135|-147
21137|-528
21139|-57
21141|-434
21143|-57
21145|-1128
21147|-152
21149|15
21151|-1247
21153|-294
21155|-362
21157|-161
21159|-141
21161|-287
21163|-402
21165|68
21167|-67
21169|-169
21171|-100
21173|-608
21175|217
21177|-209
21179|-209
21181|-91
21183|21
21185|140
21187|20
21189|-58
21191|-104
21193|-727
21195|-1662
21197|-317
21199|-1143
21201|29
21203|-99
21205|-524
21207|-332
21209|-504
21211|-560
21213|97
21215|76
21217|-507
21219|-64
21221|-251
21223|41
21225|-70
21227|-2128
21229|-137
21231|-483
21233|-87
21235|-788
21237|22
21239|-229
22001|-1037
22003|-4
22005|-1545
22007|683
22009|-309
22011|-622
22013|-4
22015|-3065
22017|-7615
22019|-5843
22021|1
22023|-63
22025|-164
22027|60
22029|-213
22031|-785
22033|-13374
22035|155
22037|-73
22039|-405
22041|89
22043|-303
22045|-753
22047|-878
22049|-47
22051|-12632
22053|-579
22055|-3950
22057|-99
22059|127
22061|-1182
22063|-1799
22065|13
22067|-90
22069|-610
22071|-10991
22073|-4671
22075|-756
22077|-618
22079|-4559
22081|-347
22083|-458
22085|-223
22087|-2778
22089|-344
22091|1226
22093|-334
22095|-814
22097|-1062
22099|-110
22101|-147
22103|-4669
22105|-5165
22107|19
22109|-2848
22111|-593
22113|-953
22115|-908
22117|-1034
22119|-577
22121|-1550
22123|-20
22125|-105
22127|-50
23000|-5670
24001|-1807
24003|-8028
24005|-17033
24009|-697
24011|-979
24013|-2097
24015|-1044
24017|-3265
24019|-1255
24021|-3778
24023|-427
24025|-2624
24027|-3422
24029|-291
24031|-13474
24033|-10424
24035|-624
24037|-1656
24039|-1865
24041|-964
24043|-3870
24045|-3628
24047|-940
24510|-21917
25000|-86625
26001|44
26003|137
26005|1857
26007|723
26009|311
26011|190
26013|79
26015|991
26017|2001
26019|218
26021|2074
26023|983
26025|3654
26027|1514
26029|459
26031|550
26033|824
26035|667
26037|1396
26039|183
26041|659
26043|243
26045|1519
26047|845
26049|9680
26051|640
26053|299
26055|2311
26057|639
26059|731
26061|1240
26063|633
26065|12
26067|711
26069|227
26071|35
26073|7089
26075|2403
26077|8482
26079|479
26081|12555
26083|55
26085|224
26087|1310
26089|242
26091|1465
26093|2767
26095|84
26097|163
26099|4506
26101|261
26103|2644
26105|388
26107|3217
26109|618
26111|782
26113|174
26115|1364
26117|1510
26119|314
26121|4215
26123|673
26125|10337
26127|593
26129|171
26131|59
26133|594
26135|71
26137|464
26139|6558
26141|154
26143|438
26145|4361
26147|2547
26149|1816
26151|1412
26153|139
26155|1187
26157|665
26159|1019
26161|7075
26163|15276
26165|385
27000|0
27001|0
27003|0
27005|0
27007|0
27009|0
27011|1
27013|0
27015|0
27017|0
27019|0
27021|0
27023|0
27025|0
27027|0
27029|8
27031|0
27033|-1
27035|-6
27037|0
27039|-2
27041|0
27043|0
27045|0
27047|0
27049|3
27051|-1
27053|-2503
27055|9
27057|-1
27059|0
27061|0
27063|3
27065|0
27067|21
27069|3
27071|10
27073|0
27075|0
27077|-3
27079|0
27081|0
27083|9
27085|0
27087|1
27089|-4
27091|-2
27093|-2
27095|0
27097|-1
27099|0
27101|-2
27103|0
27105|1
27107|0
27109|0
27111|0
27113|-5
27115|0
27117|4
27119|9
27121|2
27123|0
27125|-1
27127|0
27129|0
27131|0
27133|-4
27135|3
27137|0
27139|0
27141|0
27143|0
27145|0
27147|0
27149|-3
27151|-7
27153|0
27155|-3
27157|0
27159|0
27161|0
27163|0
27165|2
27167|-3
27169|-3
27171|0
27173|5
27175|0
28001|-510
28003|-739
28005|-197
28007|-134
28009|-77
28011|-895
28013|-284
28015|-182
28017|-329
28019|-35
28021|-351
28023|-255
28025|-179
28027|-496
28029|-654
28031|-339
28033|-2898
28035|-2095
28037|-173
28039|-347
28041|-38
28043|-438
28045|-1174
28047|-6463
28049|-4887
28051|-35
28053|-269
28055|28
28057|-206
28059|-3682
28061|-186
28063|-331
28065|-183
28067|-892
28069|-80
28071|-512
28073|-771
28075|-1389
28077|-270
28079|-275
28081|-344
28083|-1253
28085|-532
28087|-1040
28089|-799
28091|-115
28093|-381
28095|-470
28097|-157
28099|-718
28101|-490
28103|-40
28105|-988
28107|-1196
28109|-1042
28111|-299
28113|-1031
28115|-338
28117|-276
28119|-259
28121|-1390
28123|-724
28125|-114
28127|-770
28129|-59
28131|-232
28133|-290
28135|-50
28137|-607
28139|-107
28141|-3
28143|-355
28145|-411
28147|-100
28149|-995
28151|-1084
28153|-573
28155|-84
28157|-110
28159|-6
28161|-127
28163|-306
29925|2486
30201|-5674
31000|-5726
32001|-144
32003|-28407
32005|-200
32007|-109
32009|4
32011|-17
32013|156
32015|35
32017|-78
32019|-444
32021|-98
32023|-65
32027|88
32029|-23
32031|-1539
32033|-152
32510|-528
33000|-7032
34001|-9239
34003|-3800
34005|-3819
34007|-11271
34009|-990
34011|-1421
34013|-17864
34015|-3288
34017|-19384
34019|-606
34021|-5648
34023|-12412
34025|-7068
34027|-2937
34029|-12488
34031|-18384
34033|-922
34035|-2314
34037|-629
34039|-7029
34041|-909
35001|-8337
35003|24
35005|-831
35006|-1261
35007|-364
35009|-272
35011|-6
35013|-4794
35015|333
35017|60
35019|-82
35021|21
35023|32
35025|525
35027|-340
35028|-36
35029|-711
35031|-224
35033|294
35034|4
35035|-104
35037|-248
35039|-2296
35041|-181
35043|-3546
35045|-4353
35047|-1563
35049|-1473
35051|-535
35053|-331
35055|-1190
35057|-265
35059|-424
35061|-1803
35063|-533
36000|-186665
37001|-527
37003|183
37005|32
37007|-261
37009|-44
37011|3
37013|4908
37015|2597
37017|4158
37019|7896
37021|9795
37023|-690
37025|-604
37027|419
37029|595
37031|3017
37033|2331
37035|10608
37037|2439
37039|10
37041|2122
37043|251
37045|395
37047|7445
37049|1006
37051|36350
37053|103
37055|222
37057|244
37059|27
37061|4740
37063|-3834
37065|9364
37067|-5954
37069|-90
37071|352
37073|62
37075|115
37077|-219
37079|2756
37081|34640
37083|7917
37085|11799
37087|485
37089|-208
37091|3024
37093|5257
37095|559
37097|708
37099|-224
37101|8894
37103|1239
37105|4588
37107|7661
37109|-79
37111|3520
37113|241
37115|-131
37117|-173
37119|-9064
37121|-157
37123|31
37125|5181
37127|7086
37129|11575
37131|2951
37133|9060
37135|5295
37137|1141
37139|3525
37141|4504
37143|1358
37145|-31
37147|15486
37149|12
37151|-938
37153|-553
37155|30102
37157|384
37159|-353
37161|165
37163|8961
37165|7105
37167|-96
37169|-23
37171|-473
37173|225
37175|-335
37177|505
37179|-348
37181|112
37183|-2233
37185|2261
37187|1831
37189|-68
37191|13353
37193|-753
37195|4236
37197|314
37199|240
38001|15
38003|-1
38005|-267
38009|4
38011|-9
38013|-45
38015|735
38017|-561
38019|25
38021|33
38023|-16
38025|-3
38027|21
38029|26
38031|43
38033|25
38035|230
38037|-11
38039|-30
38041|24
38043|-32
38045|21
38047|8
38049|-79
38051|-18
38053|36
38055|73
38057|104
38059|680
38061|178
38063|-27
38065|8
38067|78
38069|17
38071|138
38073|5
38075|55
38077|80
38079|72
38081|-16
38083|29
38085|-46
38089|384
38091|-13
38093|362
38095|62
38097|-24
38099|-46
38101|1240
38103|8
38105|129
39001|81
39003|-971
39005|377
39007|146
39009|-191
39011|339
39013|-212
39015|-176
39017|-1434
39019|135
39021|145
39023|-58
39025|49
39027|-1192
39029|-267
39031|-201
39033|377
39035|1883
39037|228
39039|195
39041|1171
39043|-262
39045|-532
39047|-392
39049|-13843
39051|-73
39053|-261
39055|-135
39057|-312
39059|496
39061|-2889
39063|93
39065|257
39067|87
39069|192
39071|783
39073|3402
39075|72
39077|-146
39079|135
39081|-1146
39083|818
39085|-408
39087|195
39089|-279
39091|452
39093|-1194
39095|-704
39097|59
39099|780
39101|156
39103|-1141
39105|-409
39107|322
39109|1332
39111|70
39113|-8489
39115|-373
39117|480
39119|-1113
39121|10
39123|105
39125|204
39127|294
39129|124
39131|95
39133|53
39135|44
39137|-60
39139|-1602
39141|-4491
39143|-100
39145|-661
39147|-110
39149|942
39151|190
39153|-1016
39155|-1399
39157|483
39159|105
39161|-23
39163|560
39165|729
39167|-275
39169|61
39171|178
39173|-189
39175|130
40001|-171
40003|32
40005|64
40007|-48
40009|421
40011|154
40013|-408
40015|-168
40017|-127
40019|89
40021|-970
40023|-257
40025|3
40027|-1726
40029|-23
40031|-1424
40033|-193
40035|277
40037|-440
40039|656
40041|-297
40043|39
40045|81
40047|969
40049|-54
40051|821
40053|-65
40055|-38
40057|-14
40059|1
40061|-339
40063|-64
40065|56
40067|-39
40069|173
40071|-396
40073|-44
40075|-80
40077|-180
40079|-479
40081|-301
40083|-180
40085|2
40087|-533
40089|-17
40091|-168
40093|-54
40095|33
40097|-37
40099|39
40101|308
40103|-85
40105|-26
40107|-70
40109|-5704
40111|404
40113|1004
40115|-733
40117|-112
40119|451
40121|-459
40123|125
40125|253
40127|-120
40129|-101
40131|-573
40133|191
40135|199
40137|-39
40139|-267
40141|-107
40143|6858
40145|-849
40147|378
40149|54
40151|197
40153|344
41000|181
42001|-643
42003|-4497
42005|110
42007|266
42009|-170
42011|-2670
42013|-534
42015|638
42017|-2887
42019|86
42021|-847
42023|28
42025|-174
42027|391
42029|-4042
42031|379
42033|866
42035|171
42037|-250
42039|791
42041|-1721
42043|-1044
42045|-3564
42047|247
42049|-1853
42051|1116
42053|-9
42055|-968
42057|-49
42059|307
42061|129
42063|297
42065|113
42067|61
42069|-2254
42071|-3679
42073|-304
42075|-1849
42077|-3043
42079|-2766
42081|418
42083|141
42085|327
42087|130
42089|-344
42091|-6866
42093|119
42095|-427
42097|-915
42099|10
42101|-24674
42103|-471
42105|220
42107|-628
42109|-260
42111|-251
42113|45
42115|557
42117|226
42119|-119
42121|32
42123|86
42125|476
42127|-166
42129|-114
42131|265
42133|-3800
44935|-24650
45001|-339
45003|-1793
45005|264
45007|-1264
45009|-256
45011|-768
45013|-1427
45015|-2911
45017|-26
45019|-4287
45021|-309
45023|280
45025|181
45027|367
45029|-648
45031|-819
45033|-710
45035|-1225
45037|169
45039|-142
45041|-903
45043|-279
45045|-2911
45047|-733
45049|-5
45051|-1162
45053|-391
45055|-836
45057|1197
45059|-992
45061|16
45063|-3919
45065|31
45067|-601
45069|-488
45071|-471
45073|-871
45075|420
45077|-538
45079|-4313
45081|-228
45083|-5853
45085|-1184
45087|-761
45089|289
45091|-1719
46003|31
46005|-979
46007|-7
46009|57
46011|-85
46013|-376
46015|-74
46019|-18
46021|0
46023|32
46025|15
46027|-50
46029|-208
46031|-98
46033|-9
46035|-81
46037|31
46039|-23
46041|-110
46043|13
46045|0
46047|48
46049|8
46051|-56
46053|83
46055|4
46057|90
46059|-24
46061|-5
46063|6
46065|50
46067|18
46069|15
46071|63
46073|9
46075|-20
46077|-18
46079|85
46081|-99
46083|-323
46085|-3
46087|-8
46089|-16
46091|-18
46093|-80
46095|-65
46097|20
46099|96
46101|-16
46103|124
46105|-19
46107|2
46109|-217
46111|-6
46113|-518
46115|-1
46117|-8
46119|19
46121|-373
46123|18
46125|-17
46127|-44
46129|57
46135|-40
46137|-53
47001|-639
47003|-1154
47005|-254
47007|-187
47009|-1718
47011|130
47013|-472
47015|299
47017|-436
47019|-979
47021|-369
47023|-122
47025|-87
47027|-52
47029|-396
47031|-597
47033|-308
47035|-724
47037|-10241
47039|-95
47041|-232
47043|-546
47045|-349
47047|-695
47049|-73
47051|136
47053|-138
47055|-312
47057|-184
47059|-178
47061|31
47063|-1205
47065|-1701
47067|-153
47069|203
47071|-417
47073|-677
47075|21
47077|-98
47079|-622
47081|-178
47083|-2
47085|-41
47087|-282
47089|-181
47091|-289
47093|-4603
47095|17
47097|-242
47099|-139
47101|105
47103|-224
47105|-347
47107|-116
47109|-187
47111|-490
47113|-1170
47115|-196
47117|-161
47119|251
47121|27
47123|-162
47125|-2102
47127|99
47129|-169
47131|-533
47133|-51
47135|-108
47137|-57
47139|41
47141|-1135
47143|-326
47145|-826
47147|-332
47149|-1582
47151|-259
47153|-25
47155|-605
47157|-18765
47159|-49
47161|-298
47163|-2285
47165|-1448
47167|-561
47169|-72
47171|-19
47173|-351
47175|-36
47177|32
47179|-2172
47181|71
47183|-670
47185|-763
47187|43
47189|-777
48001|-322
48003|259
48005|944
48007|228
48009|-255
48011|-31
48013|169
48015|161
48017|253
48019|-132
48021|-85
48023|16
48025|666
48027|-3838
48029|-20891
48031|41
48033|-31
48035|105
48037|-57
48039|-787
48041|-994
48043|96
48045|4
48047|142
48049|609
48051|223
48053|147
48055|220
48057|187
48059|200
48061|-5168
48063|-113
48065|17
48067|-59
48069|57
48071|-101
48073|74
48075|-5
48077|-84
48079|44
48081|-16
48083|131
48085|-2828
48087|-7
48089|201
48091|-939
48093|159
48095|19
48097|186
48099|-476
48101|-21
48103|-64
48105|122
48107|110
48109|47
48111|275
48113|-33181
48115|187
48117|180
48119|8
48121|-9455
48123|401
48125|47
48127|258
48129|48
48131|300
48133|450
48135|4451
48137|-36
48139|-1042
48141|-8000
48143|-85
48145|261
48147|263
48149|359
48151|-40
48153|-2
48155|23
48157|-5992
48159|-204
48161|18
48163|263
48165|267
48167|-289
48169|25
48171|-35
48173|-7
48175|137
48177|177
48179|274
48181|130
48183|-195
48185|355
48187|-213
48189|281
48191|63
48193|-7
48195|27
48197|36
48199|58
48201|-55743
48203|169
48205|23
48207|235
48209|-381
48211|-6
48213|-1270
48215|-7639
48217|-175
48219|714
48221|148
48223|-250
48225|395
48227|1307
48229|-66
48231|-929
48233|130
48235|59
48237|-277
48239|228
48241|521
48243|32
48245|-2746
48247|90
48249|1074
48251|-453
48253|-230
48255|322
48257|230
48259|-124
48261|-29
48263|-16
48265|19
48267|-91
48269|-4
48271|-46
48273|894
48275|-47
48277|226
48279|220
48281|-61
48283|-51
48285|130
48287|-36
48289|104
48291|670
48293|-190
48295|3
48297|278
48299|-33
48301|-9
48303|514
48305|49
48307|275
48309|726
48311|-14
48313|14
48315|-695
48317|122
48319|-21
48321|496
48323|234
48325|-115
48327|7
48329|3443
48331|312
48333|22
48335|74
48337|337
48339|-1837
48341|134
48343|-253
48345|-19
48347|-312
48349|595
48351|192
48353|162
48355|-1047
48357|161
48359|-3
48361|-395
48363|-307
48365|-162
48367|1215
48369|-168
48371|181
48373|575
48375|1691
48377|298
48379|16
48381|-1268
48383|24
48385|-41
48387|-1
48389|864
48391|-158
48393|-5
48395|166
48397|794
48399|80
48401|-801
48403|35
48405|-80
48407|-9
48409|1832
48411|67
48413|46
48415|-86
48417|-31
48419|-376
48421|-30
48423|-773
48425|-322
48427|1980
48429|156
48431|8
48433|26
48435|-63
48437|85
48439|-20462
48441|450
48443|-21
48445|64
48447|0
48449|138
48451|1554
48453|5102
48455|-115
48457|157
48459|-297
48461|-38
48463|866
48465|413
48467|-343
48469|1555
48471|-719
48473|1201
48475|240
48477|359
48479|-603
48481|-43
48483|-70
48485|72
48487|299
48489|-228
48491|-219
48493|585
48495|172
48497|35
48499|-58
48501|169
48503|188
48505|-221
48507|40
49925|488
50000|-1989
51001|-937
51003|-726
51007|82
51009|-39
51011|-258
51013|-238
51015|-175
51017|-75
51019|-463
51021|-30
51023|-106
51025|-146
51027|-284
51029|-329
51031|-455
51033|-279
51035|-368
"5103|-151
51037|-62
51041|-4094
51043|-34
51045|-48
51047|-652
51049|-121
51051|-190
51053|-395
51057|-199
51059|-10668
51061|-279
51063|54
51065|-204
51067|-348
51069|-472
51071|28
51073|-177
51075|6
51077|-169
51079|-183
51081|-136
51083|-147
51085|-513
51087|-4321
51089|-853
51091|35
51093|-315
51095|-670
51097|-94
51099|-369
51101|-215
51103|-229
51105|-369
51107|-1366
51109|-669
51111|-4
51113|-174
51115|-102
51117|-510
51119|-343
51121|-331
51125|-192
51127|-159
51131|-29
51133|-257
51135|-242
51137|-324
51139|-367
51141|71
51143|-500
51145|-273
51147|-300
51149|-525
51153|-4217
51155|279
51157|-37
51159|-104
51161|-580
51163|-230
51165|-40
51167|-270
51169|-325
51171|-811
51173|-162
51175|-321
51177|-1066
51179|-1279
51181|-106
51183|-151
51185|-1171
51187|-536
51191|-456
51193|-295
51195|-376
51197|50
51199|-292
51510|-754
51515|-36
51520|-112
51530|-229
51540|-204
51550|-3721
51570|-398
51580|-91
51590|-862
51595|-377
51600|-309
51610|-25
51620|-371
51630|-341
51640|-114
51650|-3721
51660|-613
51670|-515
51678|-53
51680|-1444
51683|-426
51685|3
51690|-300
51700|-3763
51710|-4992
51720|-33
51730|-659
51735|-72
51740|-3143
51750|-58
51760|-6505
51770|-3216
51790|-506
51800|-1254
51810|-4132
51820|-212
51830|-168
51840|-518
52001|-2212
52005|-2452
53000|-74974
54000|-8589
55000|89599
55001|-603
55003|2748
55005|14
55007|1251
55009|-3741
55011|1357
55013|-238
55015|-393
55017|-148
55019|2766
55021|-1151
55023|-388
55025|-11574
55027|-1403
55029|-597
55031|-797
55033|-354
55035|-2314
55037|541
55039|-1744
55041|1122
55043|-759
55045|-759
55047|-433
55049|-217
55051|725
55053|1993
55055|-1815
55057|-1016
55059|-3587
55061|-54
55063|-21136
55065|-303
55067|-596
55069|2689
55071|-1411
55073|-2786
55075|-665
55077|-418
55078|-225
55079|-69285
55081|4690
55083|-602
55085|-453
55087|-3122
55089|-469
55091|651
55093|-350
55095|-344
55097|-1071
55099|1660
55101|-7875
55103|-337
55105|-5324
55107|2411
55109|21
55111|-1487
55113|2637
55115|-870
55117|-2153
55119|2280
55121|2696
55123|2694
55125|1645
55127|-1629
55129|-143
55131|-1164
55133|-4984
55135|-1055
55137|-431
55139|-4058
55141|-23777
55143|-120
55145|7
55147|-37
55149|-84
55151|-118
55153|-40
55155|-17
56000|-1017
U.S.|-3106910
|0
b|0
