COUNTY|DELTA
01001|251
01003|60
01005|187
01007|183
01009|-21310
01011|96
01013|281
01015|1662
01017|294
01019|616
01021|992
01023|217
01025|125
01027|210
01029|117
01031|-423
01033|889
01035|467
01037|232
01039|771
01041|86
01043|308
01045|522
01047|901
01049|123
01051|372
01053|402
01055|1699
01057|153
01059|300
01061|-20
01063|387
01065|305
01067|287
01069|842
01071|887
01073|2937
01075|150
01077|1148
01079|299
01081|759
01083|60
01085|258
01087|714
01089|-2784
01091|280
01093|575
01095|-949
01097|5722
01099|492
01101|999
01103|1199
01105|440
01107|224
01109|479
01111|551
01113|428
01115|1010
01117|386
01119|477
01121|1832
01123|391
01125|568
01127|-21
01129|454
01131|500
01133|414
02110|4179
04001|1543
04003|-469
04005|3094
04007|678
04009|1070
04011|374
04013|33211
04015|1916
04017|976
04019|12865
04021|1034
04023|-460
04025|3756
04027|-70
04029|72
05001|399
05003|757
05005|401
05007|769
05009|265
05011|313
05013|138
05015|85
05017|304
05019|387
05021|453
05023|458
05025|182
05027|763
05029|372
05031|-191
05033|814
05035|487
05037|216
05039|153
05041|329
05043|492
05045|-115
05047|124
05049|267
05051|1283
05053|307
05055|477
05057|126
05059|279
05061|3
05063|149
05065|27
05067|82
05069|1762
05071|-172
05073|87
05075|237
05077|331
05079|291
05081|236
05083|566
05085|773
05087|173
05089|310
05091|555
05093|315
05095|284
05097|139
05099|255
05101|134
05103|491
05105|180
05107|684
05109|176
05111|544
05113|487
05115|903
05117|139
05119|2016
05121|208
05123|984
05125|704
05127|429
05129|328
05131|1599
05133|-6
05135|188
05137|183
05139|959
05141|18
05143|1712
05145|497
05147|355
05149|423
05159|2
06001|-5834
06003|-24
06005|-347
06007|-2112
06009|-178
06011|-41
06013|-3971
06015|158
06017|-567
06019|-14780
06021|-223
06023|-2092
06025|-3404
06027|-199
06029|-10581
06031|-1041
06033|-681
06035|-222
06037|-116447
06039|-2079
06041|-954
06043|-302
06045|39
06047|-3090
06049|58
06051|-127
06053|-6380
06055|-77
06057|-1085
06059|-35159
06061|-589
06063|-279
06065|-27834
06067|-13116
06069|-190
06071|-35704
06073|-32537
06075|240
06077|-10025
06079|-332
06081|-5651
06083|-3690
06085|-11097
06087|-3083
06089|504
06091|-37
06093|-951
06095|-3513
06097|-2900
06099|-6540
06101|-1056
06103|-997
06105|-82
06107|-11694
06109|-198
06111|-6179
06113|-1472
06115|-204
08003|-93
08007|42
08009|-50
08011|-29
08013|822
08015|-46
08017|-33
08019|41
08021|5
08023|14
08025|-50
08027|-21
08029|-309
08031|-2447
08033|6
08035|476
08037|20
08039|78
08041|-6031
08043|-358
08045|104
08047|10
08049|19
08051|-126
08053|3
08055|-91
08057|-27
08059|-54
08061|-1
08063|13
08065|-64
08067|-3
08069|-786
08071|-30
08073|-27
08075|87
08077|-274
08079|-12
08081|136
08083|-146
08085|422
08087|140
08089|-180
08091|22
08093|-51
08095|-2
08097|38
08099|-118
08101|-1430
08103|-3
08105|323
08107|-55
08109|-56
08111|7
08113|-40
08115|-35
08117|87
08119|-155
08121|71
08123|680
08125|10
08127|-72
08129|-2321
08131|210
09000|-33069
10001|161
10002|-2423
10003|1098
11001|-1454
12001|-3050
12003|27
12005|87
12007|203
12009|-3620
12011|-20601
12013|137
12015|699
12017|532
12019|-1739
12021|8475
12023|-79
12025|-60320
12027|51
12029|191
12031|-14787
12033|-2797
12035|-685
12037|-357
12039|114
12041|-91
12045|102
12047|36
12049|-143
12051|-778
12053|255
12055|-996
12057|-17823
12059|1037
12061|-52
12063|-469
12065|-136
12067|-166
12069|-346
12071|-13081
12073|-4644
12075|109
12077|-13
12079|-42
12081|-2123
12083|1055
12085|499
12087|457
12089|-130
12091|-1511
12093|-24
12095|-24004
12097|901
12099|-17043
12101|-258
12103|-793
12105|-16576
12107|1514
12109|-1516
12111|-395
12113|-1396
12115|4000
12117|-1875
12119|155
12121|156
12123|-226
12125|-51
12127|-3191
12129|-262
12131|-2525
12133|174
13001|1373
13003|254
13005|297
13007|231
13009|854
13011|904
13013|-1759
13015|3913
13017|761
13019|761
13021|3582
13023|532
13025|745
13027|215
13029|469
13031|1020
13033|23
13035|2063
13037|134
13039|632
13043|694
13045|5085
13047|-2310
13049|261
13051|3440
13053|303
13055|2019
13057|-822
13059|-715
13061|62
13063|6008
13065|106
13067|11552
13069|2034
13071|1673
13073|160
13075|548
13077|1636
13079|408
13081|789
13083|311
13085|708
13087|1358
13089|11715
13091|1375
13093|570
13095|847
13097|-2490
13099|536
13100|-419
13103|374
13105|57
13107|1265
13109|636
13111|1249
13113|-278
13115|2508
13117|1994
13119|1111
13121|20284
13123|1553
13125|16
13127|1021
13129|3038
13131|990
13133|1042
13135|7604
13137|1569
13139|1976
13141|250
13143|775
13145|613
13147|590
13149|173
13151|1209
13153|1334
13155|479
13157|3399
13159|1121
13161|1058
13163|-1188
13165|-226
13167|653
13169|479
13171|-47
13173|129
13175|702
13177|-779
13179|-231
13181|116
13183|222
13185|2359
13187|1284
13189|-818
13191|282
13193|1111
13195|2156
13197|178
13199|2548
13201|230
13205|1848
13207|317
13209|706
13211|1181
13213|3097
13215|2016
13217|5206
13219|530
13221|-478
13223|1606
13225|848
13227|1548
13229|142
13231|1025
13233|655
13235|464
13237|737
13239|31
13241|607
13243|255
13245|1562
13247|4627
13249|65
13251|-287
13253|273
13255|1427
13257|1173
13259|162
13261|525
13263|214
13265|24
13267|939
13269|430
13271|809
13273|433
13275|276
13277|1723
13279|2561
13281|318
13283|474
13285|412
13287|572
13289|27
13291|573
13293|871
13295|4005
13297|3032
13299|1152
13301|-26
13303|-40
13305|-4286
13307|55
13309|388
13311|1145
13313|3232
13315|656
13317|235
13319|193
13321|676
14000|-3360
15001|-5506
15003|-11219
15007|-58
15009|-3328
16000|20417
17001|-3479
17003|2913
17005|-785
17007|0
17009|0
17011|-2534
17013|0
17015|2165
17017|-309
17019|-2888
17021|-821
17023|0
17025|2132
17027|2677
17029|-20166
17031|0
17033|-192
17035|0
17037|-2287
17039|0
17041|2013
17043|-7484
17045|5855
17047|0
17049|5344
17051|3472
17053|0
17055|-2250
17057|-675
17059|0
17061|2480
17063|0
17065|1178
17067|-206
17069|0
17071|0
17073|-955
17075|4372
17077|-1511
17079|0
17081|-598
17083|-3355
17085|1693
17087|0
17089|-20177
17091|-6792
17093|7854
17095|-1031
17097|-6533
17099|-1541
17101|-96
17103|0
17105|4359
17107|-950
17109|-363
17111|-1922
17113|-6799
17115|-2116
17117|-655
17119|-4965
17121|-6576
17123|1789
17125|-74
17127|-2096
17129|0
17131|0
17133|0
17135|-577
17137|-1601
17139|2249
17141|-1009
17143|-4862
17145|0
17147|0
17149|3055
17151|1705
17153|-3072
17155|0
17157|-650
17159|-2474
17161|-3173
17163|-1162
17165|-825
17167|-3082
17169|-50
17171|0
17173|2360
17175|0
17177|-2822
17179|-2461
17181|-29
17183|-1841
17185|-2605
17187|-653
17189|0
17191|0
17193|2225
17195|-3233
17197|-8048
17199|-1204
17201|62937
17203|0
18001|328
18003|786
18005|433
18007|178
18009|23
18011|256
18013|89
18015|63
18017|-14
18019|309
18021|-245
18023|-90
18025|175
18027|-39
18029|-254
18031|106
18033|472
18035|-376
18037|474
18039|4451
18041|407
18043|904
18045|-116
18047|202
18049|291
18051|-23
18053|414
18055|-48
18057|210
18059|216
18061|327
18063|-497
18065|76
18067|737
18069|343
18071|328
18073|189
18075|234
18077|248
18079|260
18081|507
18083|16
18085|900
18087|276
18089|1813
18091|213
18093|357
18095|59
18097|-11785
18099|471
18101|59
18103|191
18105|93
18107|91
18109|738
18111|67
18113|645
18115|-58
18117|-52
18119|144
18121|-92
18123|114
18125|91
18127|1014
18129|37
18131|157
18133|246
18135|174
18137|-16
18139|203
18141|194
18143|680
18145|272
18147|66
18149|336
18151|830
18153|-147
18155|-54
18157|-302
18159|144
18161|45
18163|-516
18165|-7
18167|-53
18169|240
18171|-102
18173|240
18175|270
18177|126
18179|226
18181|169
18183|347
19001|-43
19003|-4
19005|-38
19007|115
19009|-50
19011|176
19013|-617
19015|-4
19017|-23
19019|79
19021|-484
19023|32
19025|100
19027|15
19029|-50
19031|56
19033|360
19035|98
19037|22
19039|137
19041|-68
19043|66
19045|72
19047|-50
19049|-15
19051|144
19053|99
19055|116
19057|121
19059|-29
19061|-598
19063|-70
19065|248
19067|-11
19069|-131
19071|-123
19073|-80
19075|102
19077|-96
19079|1
19081|92
19083|26
19085|26
19087|207
19089|81
19091|11
19093|31
19095|182
19097|74
19099|-101
19101|122
19103|-596
19105|-23
19107|155
19109|-61
19111|-94
19113|49
19115|203
19117|74
19119|-32
19121|-20
19123|289
19125|-157
19127|335
19129|-30
19131|11
19133|-56
19135|62
19137|41
19139|-195
19141|-23
19143|-103
19145|-30
19147|11
19149|-85
19151|-61
19153|-6284
19155|-153
19157|215
19159|-9
19161|-42
19163|-1426
19165|-57
19167|-193
19169|-18
19171|-51
19173|-113
19175|87
19177|110
19179|366
19181|-400
19183|102
19185|37
19187|-129
19189|26
19191|26
19193|-804
19195|-14
19197|101
20001|131
20003|44
20005|135
20007|9
20009|208
20011|208
20013|289
20015|43
20017|4
20019|-71
20021|33
20023|10
20025|1
20027|18
20029|138
20031|37
20033|-26
20035|-188
20037|-181
20039|-68
20041|-106
20043|-111
20045|856
20047|21
20049|-20
20051|112
20053|2
20055|-244
20057|-171
20059|75
20061|-268
20063|10
20065|-7
20067|29
20069|7
20071|0
20073|56
20075|-21
20077|26
20079|251
20081|13
20083|-1
20085|-131
20087|188
20089|25
20091|1652
20093|42
20095|116
20097|34
20099|238
20101|4
20103|589
20105|23
20107|56
20109|10
20111|843
20113|89
20115|127
20117|-17
20119|18
20121|-25
20123|74
20125|51
20127|-18
20129|38
20131|40
20133|104
20135|-16
20137|-25
20139|27
20141|46
20143|1
20145|-50
20147|-15
20149|87
20151|24
20153|-18
20155|1127
20157|51
20159|125
20161|37
20163|49
20165|-7
20167|-25
20169|193
20171|20
20173|1515
20175|337
20177|-257
20179|6
20181|28
20183|22
20185|-2
20187|51
20189|-4
20191|-73
20193|36
20195|32
20197|28
20199|-11
20201|84
20203|-16
20205|113
20207|28
20209|599
21001|23
21003|112
21005|447
21007|145
21009|24
21011|197
21013|-31
21015|186
21017|-19
21019|391
21021|299
21023|76
21025|-181
21027|266
21029|124
21031|178
21033|234
21035|138
21037|947
21039|-28
21041|349
21043|475
21045|240
21047|975
21049|592
21051|321
21053|46
21055|158
21057|-63
21059|-8
21061|220
21063|157
21065|447
21067|-1390
21069|128
21071|-388
21073|383
21075|126
21077|16
21079|357
21081|607
21083|132
21085|387
21087|198
21089|171
21091|194
21093|301
21095|-1396
21097|554
21099|-71
21101|148
21103|172
21105|-36
21107|796
21109|84
21111|1125
21113|98
21115|-184
21117|385
21119|-428
21121|-12
21123|91
21125|859
21127|41
21129|-12
21131|-285
21133|-722
21135|104
21137|183
21139|49
21141|144
21143|-86
21145|270
21147|94
21149|126
21151|53
21153|-149
21155|262
21157|115
21159|43
21161|257
21163|129
21165|29
21167|435
21169|-107
21171|97
21173|362
21175|377
21177|-42
21179|541
21181|-77
21183|205
21185|625
21187|234
21189|30
21191|144
21193|-456
21195|-429
21197|139
21199|36
21201|68
21203|326
21205|-250
21207|43
21209|510
21211|416
21213|257
21215|60
21217|35
21219|213
21221|12
21223|257
21225|100
21227|404
21229|-22
21231|79
21233|-38
21235|492
21237|33
21239|196
22001|631
22003|529
22005|499
22007|811
22009|1444
22011|-66
22013|-64
22015|-1053
22017|-3007
22019|966
22021|177
22023|163
22025|-27
22027|476
22029|399
22031|-349
22033|1102
22035|261
22037|121
22039|744
22041|494
22043|434
22045|891
22047|184
22049|65
22051|-25
22053|-216
22055|-382
22057|1471
22059|21
22061|-138
22063|1759
22065|285
22067|422
22069|335
22071|1027
22073|108
22075|-320
22077|-57
22079|2003
22081|-185
22083|140
22085|228
22087|-1341
22089|821
22091|1155
22093|-110
22095|895
22097|1007
22099|777
22101|1889
22103|-1008
22105|-987
22107|48
22109|393
22111|-95
22113|215
22115|433
22117|651
22119|589
22121|-750
22123|362
22125|95
22127|510
23000|18190
24001|-1238
24003|-6650
24005|-12028
24009|-126
24011|-474
24013|-1345
24015|-653
24017|-2643
24019|-700
24021|-2918
24023|-310
24025|-2138
24027|-3187
24029|-146
24031|-9855
24033|-19026
24035|-316
24037|-1068
24039|-369
24041|-488
24043|-3206
24045|-2051
24047|-543
24510|-2360
25000|-23711
26001|0
26003|-52
26005|1486
26007|644
26009|522
26011|347
26013|168
26015|927
26017|1311
26019|397
26021|2839
26023|1345
26025|3421
26027|1556
26029|624
26031|485
26033|489
26035|792
26037|758
26039|115
26041|302
26043|399
26045|1741
26047|815
26049|7225
26051|240
26053|225
26055|1619
26057|520
26059|1127
26061|596
26063|544
26065|521
26067|1463
26069|723
26071|51
26073|1634
26075|4150
26077|4641
26079|397
26081|12858
26083|22
26085|304
26087|1065
26089|145
26091|1861
26093|2890
26095|112
26097|270
26099|6665
26101|307
26103|1050
26105|718
26107|1097
26109|324
26111|914
26113|-36
26115|2393
26117|1522
26119|348
26121|3973
26123|759
26125|18077
26127|1087
26129|446
26131|71
26133|620
26135|36
26137|540
26139|4717
26141|132
26143|503
26145|3086
26147|1995
26149|2502
26151|1111
26153|148
26155|970
26157|381
26159|1345
26161|4595
26163|20015
26165|258
27000|0
27001|0
27003|0
27005|0
27007|0
27009|0
27011|-1
27013|0
27015|0
27017|0
27019|0
27021|0
27023|0
27025|0
27027|0
27029|5
27031|0
27033|3
27035|12
27037|0
27039|7
27041|0
27043|0
27045|0
27047|0
27049|10
27051|2
27053|-2142
27055|7
27057|-3
27059|0
27061|0
27063|3
27065|0
27067|8
27069|-4
27071|3
27073|0
27075|0
27077|-2
27079|0
27081|0
27083|8
27085|0
27087|11
27089|32
27091|6
27093|-3
27095|0
27097|3
27099|0
27101|8
27103|0
27105|-6
27107|-2
27109|0
27111|0
27113|-4
27115|0
27117|-3
27119|5
27121|4
27123|0
27125|-1
27127|0
27129|0
27131|0
27133|-3
27135|-1
27137|0
27139|0
27141|0
27143|0
27145|0
27147|0
27149|0
27151|-3
27153|0
27155|0
27157|0
27159|0
27161|0
27163|0
27165|1
27167|-3
27169|14
27171|0
27173|5
27175|0
28001|141
28003|-126
28005|47
28007|-48
28009|76
28011|34
28013|-261
28015|-60
28017|-25
28019|38
28021|-238
28023|54
28025|-187
28027|213
28029|-136
28031|62
28033|-2223
28035|51
28037|109
28039|195
28041|12
28043|-293
28045|532
28047|-3278
28049|-2053
28051|354
28053|64
28055|40
28057|118
28059|-1002
28061|156
28063|-57
28065|159
28067|545
28069|-26
28071|93
28073|107
28075|219
28077|-40
28079|-292
28081|347
28083|-368
28085|201
28087|-733
28089|272
28091|374
28093|-315
28095|-416
28097|3
28099|-502
28101|-129
28103|-46
28105|-446
28107|-518
28109|304
28111|-139
28113|-264
28115|156
28117|147
28119|291
28121|112
28123|-482
28125|33
28127|5
28129|-97
28131|64
28133|271
28135|86
28137|-262
28139|108
28141|304
28143|-266
28145|-231
28147|58
28149|-135
28151|-522
28153|-230
28155|-97
28157|128
28159|305
28161|-76
28163|85
29925|83926
30201|1505
31000|-2622
32001|340
32003|-17380
32005|226
32007|-248
32009|19
32011|-28
32013|-55
32015|-128
32017|-82
32019|-23
32021|54
32023|395
32027|-2
32029|-15
32031|-3456
32033|109
32510|454
33000|3714
34001|-5440
34003|634
34005|-386
34007|1119
34009|-33
34011|-1786
34013|-12231
34015|-2244
34017|-8867
34019|-168
34021|-3258
34023|-10160
34025|-5916
34027|-1008
34029|-14423
34031|-7039
34033|-837
34035|-1281
34037|83
34039|-2953
34041|-430
35001|1435
35003|26
35005|-245
35006|-396
35007|487
35009|170
35011|21
35013|-753
35015|350
35017|180
35019|13
35021|6
35023|65
35025|66
35027|-83
35028|-65
35029|-115
35031|-208
35033|182
35034|1601
35035|183
35037|-156
35039|-881
35041|-84
35043|-903
35045|-1815
35047|-516
35049|-1092
35051|-176
35053|-277
35055|-512
35057|-176
35059|-193
35061|-396
35063|-41
36000|-89412
37001|326
37003|565
37005|70
37007|-94
37009|4
37011|276
37013|966
37015|34
37017|298
37019|460
37021|1991
37023|1882
37025|6854
37027|3921
37029|131
37031|36
37033|257
37035|1144
37037|129
37039|318
37041|164
37043|227
37045|527
37047|1690
37049|292
37051|3108
37053|12
37055|0
37057|2564
37059|701
37061|49
37063|1517
37065|816
37067|-956
37069|-242
37071|2128
37073|53
37075|22
37077|155
37079|90
37081|9501
37083|335
37085|452
37087|175
37089|1138
37091|244
37093|458
37095|39
37097|4573
37099|675
37101|146
37103|63
37105|-316
37107|564
37109|1243
37111|-132
37113|678
37115|471
37117|272
37119|-1967
37121|-14
37123|396
37125|88
37127|1029
37129|113
37131|514
37133|-1336
37135|-283
37137|59
37139|24
37141|299
37143|-37
37145|193
37147|3271
37149|239
37151|2306
37153|301
37155|3276
37157|170
37159|1601
37161|430
37163|456
37165|1267
37167|601
37169|503
37171|688
37173|458
37175|329
37177|85
37179|1143
37181|692
37183|13003
37185|154
37187|183
37189|447
37191|1816
37193|1102
37195|-259
37197|461
37199|373
38001|-25
38003|123
38005|-103
38009|26
38011|-13
38013|-16
38015|806
38017|235
38019|5
38021|56
38023|24
38025|-25
38027|13
38029|38
38031|63
38033|-8
38035|1066
38037|0
38039|-21
38041|13
38043|47
38045|99
38047|-12
38049|-38
38051|-21
38053|176
38055|-30
38057|67
38059|387
38061|170
38063|-59
38065|18
38067|87
38069|96
38071|208
38073|36
38075|-10
38077|192
38079|319
38081|-14
38083|31
38085|382
38089|86
38091|-18
38093|356
38095|23
38097|138
38099|60
38101|460
38103|71
38105|-6
39001|620
39003|1544
39005|835
39007|-214
39009|117
39011|539
39013|937
39015|571
39017|144
39019|734
39021|661
39023|2443
39025|1228
39027|238
39029|1330
39031|445
39033|803
39035|2596
39037|1111
39039|-1298
39041|1931
39043|754
39045|931
39047|-138
39049|-6706
39051|257
39053|61
39055|255
39057|234
39059|1355
39061|5781
39063|950
39065|129
39067|506
39069|306
39071|570
39073|6117
39075|443
39077|750
39079|257
39081|-483
39083|1183
39085|852
39087|610
39089|1490
39091|1185
39093|791
39095|4704
39097|662
39099|1582
39101|417
39103|950
39105|-356
39107|363
39109|872
39111|-63
39113|-3795
39115|-28
39117|626
39119|-28
39121|177
39123|31
39125|2562
39127|477
39129|18
39131|226
39133|1479
39135|664
39137|80
39139|189
39141|-10441
39143|371
39145|109
39147|820
39149|930
39151|1553
39153|-1644
39155|1680
39157|1140
39159|426
39161|531
39163|3792
39165|1224
39167|346
39169|1087
39171|501
39173|434
39175|113
40001|-258
40003|-7
40005|139
40007|17
40009|-1256
40011|-44
40013|-118
40015|-62
40017|-95
40019|-528
40021|3057
40023|-214
40025|122
40027|-642
40029|13
40031|378
40033|-82
40035|-78
40037|5
40039|2388
40041|-241
40043|-100
40045|302
40047|556
40049|-100
40051|772
40053|-66
40055|31
40057|205
40059|-7
40061|-333
40063|-86
40065|499
40067|-307
40069|30
40071|-441
40073|-2
40075|-532
40077|302
40079|-646
40081|65
40083|324
40085|82
40087|-967
40089|-131
40091|-381
40093|62
40095|62
40097|124
40099|289
40101|-1324
40103|-29
40105|81
40107|-22
40109|-11873
40111|-308
40113|178
40115|-353
40117|-111
40119|833
40121|-514
40123|204
40125|-254
40127|-161
40129|190
40131|-691
40133|362
40135|894
40137|209
40139|-497
40141|-349
40143|9303
40145|180
40147|273
40149|-1327
40151|66
40153|87
41000|-129
42001|0
42003|4624
42005|355
42007|1775
42009|277
42011|2347
42013|245
42015|-313
42017|987
42019|1224
42021|237
42023|34
42025|518
42027|520
42029|-611
42031|518
42033|1104
42035|133
42037|334
42039|1108
42041|-184
42043|895
42045|558
42047|114
42049|1141
42051|979
42053|-2
42055|46
42057|-129
42059|856
42061|184
42063|446
42065|449
42067|98
42069|-1829
42071|2411
42073|776
42075|700
42077|-2246
42079|-232
42081|-138
42083|192
42085|1152
42087|492
42089|1365
42091|-2183
42093|136
42095|979
42097|815
42099|66
42101|176
42103|292
42105|294
42107|565
42109|40
42111|357
42113|29
42115|559
42117|-301
42119|161
42121|260
42123|330
42125|1064
42127|547
42129|1142
42131|309
42133|-114
44935|-7107
45001|-168
45003|523
45005|175
45007|927
45009|72
45011|-233
45013|475
45015|985
45017|98
45019|-2207
45021|1586
45023|950
45025|1136
45027|1062
45029|488
45031|1181
45033|-314
45035|898
45037|232
45039|295
45041|-218
45043|813
45045|33
45047|653
45049|417
45051|4098
45053|741
45055|178
45057|1605
45059|-131
45061|714
45063|1731
45065|70
45067|115
45069|-346
45071|386
45073|-158
45075|1784
45077|549
45079|322
45081|307
45083|-1462
45085|1165
45087|-214
45089|759
45091|523
46003|34
46005|-668
46007|-29
46009|-29
46011|-22
46013|-66
46015|38
46019|112
46021|10
46023|108
46025|4
46027|56
46029|-38
46031|-98
46033|-6
46035|101
46037|113
46039|37
46041|15
46043|-14
46045|35
46047|43
46049|-1
46051|120
46053|30
46055|5
46057|114
46059|0
46061|18
46063|15
46065|16
46067|2
46069|42
46071|11
46073|-10
46075|3
46077|85
46079|120
46081|90
46083|-14
46085|32
46087|55
46089|13
46091|8
46093|69
46095|0
46097|28
46099|1227
46101|44
46103|786
46105|-37
46107|-1
46109|-33
46111|6
46113|-226
46115|-18
46117|-7
46119|8
46121|-135
46123|-22
46125|114
46127|93
46129|46
46135|65
46137|-46
47001|-645
47003|-729
47005|-66
47007|29
47009|-1553
47011|126
47013|-212
47015|438
47017|-200
47019|-208
47021|-167
47023|-25
47025|-254
47027|6
47029|-122
47031|-394
47033|-238
47035|-423
47037|-3975
47039|-37
47041|-93
47043|-345
47045|-95
47047|-651
47049|9
47051|-16
47053|-140
47055|163
47057|-200
47059|49
47061|-70
47063|-733
47065|-2819
47067|-120
47069|78
47071|-97
47073|-1004
47075|-235
47077|-317
47079|-431
47081|-178
47083|43
47085|19
47087|-56
47089|-253
47091|-48
47093|-2359
47095|-88
47097|4
47099|-63
47101|146
47103|87
47105|-462
47107|101
47109|30
47111|-285
47113|-561
47115|122
47117|473
47119|469
47121|85
47123|-474
47125|-1727
47127|177
47129|-188
47131|-583
47133|-199
47135|47
47137|-32
47139|41
47141|-439
47143|-282
47145|-353
47147|182
47149|-1030
47151|88
47153|-231
47155|-230
47157|5737
47159|208
47161|-106
47163|-2092
47165|-974
47167|-277
47169|-183
47171|161
47173|-274
47175|-41
47177|-163
47179|-1763
47181|-55
47183|-551
47185|-409
47187|174
47189|-1464
48001|706
48003|269
48005|2229
48007|680
48009|-19
48011|-30
48013|787
48015|377
48017|349
48019|97
48021|922
48023|54
48025|385
48027|1387
48029|11574
48031|157
48033|-15
48035|343
48037|1564
48039|2321
48041|1370
48043|131
48045|22
48047|273
48049|1192
48051|369
48053|543
48055|849
48057|415
48059|258
48061|5231
48063|213
48065|46
48067|344
48069|213
48071|275
48073|918
48075|174
48077|125
48079|82
48081|47
48083|367
48085|4317
48087|39
48089|482
48091|625
48093|208
48095|61
48097|140
48099|190
48101|15
48103|16
48105|158
48107|216
48109|78
48111|383
48113|20290
48115|238
48117|628
48119|48
48121|816
48123|467
48125|74
48127|190
48129|83
48131|349
48133|520
48135|4763
48137|45
48139|2246
48141|9022
48143|577
48145|458
48147|629
48149|384
48151|63
48153|176
48155|25
48157|-1427
48159|135
48161|272
48163|271
48165|213
48167|1863
48169|108
48171|161
48173|21
48175|119
48177|599
48179|359
48181|1995
48183|1707
48185|433
48187|283
48189|997
48191|88
48193|162
48195|40
48197|94
48199|728
48201|34503
48203|920
48205|49
48207|214
48209|1703
48211|16
48213|1637
48215|8904
48217|866
48219|863
48221|625
48223|245
48225|483
48227|968
48229|100
48231|1374
48233|517
48235|11
48237|135
48239|367
48241|811
48243|33
48245|2376
48247|150
48249|1060
48251|1443
48253|143
48255|324
48257|1087
48259|175
48261|-8
48263|29
48265|2
48267|195
48269|11
48271|85
48273|894
48275|95
48277|983
48279|480
48281|175
48283|168
48285|195
48287|174
48289|206
48291|1804
48293|31
48295|-17
48297|324
48299|205
48301|4
48303|5692
48305|158
48307|245
48309|4488
48311|-25
48313|286
48315|155
48317|158
48319|22
48321|958
48323|1442
48325|528
48327|66
48329|3583
48331|762
48333|68
48335|239
48337|314
48339|4033
48341|492
48343|169
48345|39
48347|616
48349|745
48351|451
48353|641
48355|4704
48357|139
48359|26
48361|1396
48363|331
48365|144
48367|1902
48369|201
48371|254
48373|698
48375|4037
48377|217
48379|252
48381|581
48383|61
48385|109
48387|84
48389|667
48391|102
48393|-12
48395|315
48397|1238
48399|55
48401|216
48403|187
48405|9
48407|611
48409|2315
48411|100
48413|93
48415|550
48417|-15
48419|46
48421|21
48423|2182
48425|-8
48427|2508
48429|273
48431|-14
48433|18
48435|1
48437|15
48439|8120
48441|2278
48443|-2
48445|466
48447|11
48449|553
48451|2689
48453|17182
48455|442
48457|149
48459|625
48461|37
48463|1120
48465|739
48467|1013
48469|1924
48471|909
48473|275
48475|129
48477|524
48479|2630
48481|692
48483|-16
48485|1642
48487|416
48489|261
48491|5240
48493|881
48495|86
48497|694
48499|581
48501|259
48503|428
48505|61
48507|587
49925|585
50000|-1419
51001|-172
51003|-68
51007|225
51009|447
51011|-143
51013|-71
51015|-92
51017|-12
51019|-1088
51021|-48
51023|-155
51025|42
51027|-296
51029|177
51031|-113
51033|168
51035|37
"5103|7
51037|182
51041|-1234
51043|120
51045|8
51047|-15
51049|-83
51051|-94
51053|57
51057|128
51059|-3542
51061|334
51063|192
51065|86
51067|530
51069|682
51071|-36
51073|128
51075|-28
51077|-39
51079|98
51081|-57
51083|66
51085|134
51087|146
51089|347
51091|11
51093|-11
51095|-282
51097|-41
51099|-226
51101|131
51103|3
51105|-389
51107|-832
51109|-215
51111|-15
51113|-11
51115|-27
51117|-216
51119|-131
51121|313
51125|58
51127|-14
51131|98
51133|-164
51135|-23
51137|46
51139|73
51141|320
51143|-290
51145|10
51147|-29
51149|-286
51153|-1587
51155|-14
51157|76
51159|-91
51161|-457
51163|-105
51165|441
51167|-299
51169|-194
51171|-69
51173|191
51175|-5
51177|-343
51179|-496
51181|-77
51183|-38
51185|-959
51187|81
51191|-490
51193|-52
51195|-435
51197|146
51199|-150
51510|-54
51515|1234
51520|-109
51530|-155
51540|346
51550|-557
51570|-186
51580|40
51590|-117
51595|-164
51600|-496
51610|-71
51620|-22
51630|14
51640|-146
51650|-1016
51660|-434
51670|-196
51678|-27
51680|-258
51683|-158
51685|-25
51690|162
51700|-1445
51710|-546
51720|-49
51730|-203
51735|-11
51740|-215
51750|-110
51760|64
51770|-1469
51790|218
51800|-408
51810|-1397
51820|196
51830|-125
51840|109
52001|-1876
52005|-1646
53000|16947
54000|-5521
55000|49201
55001|-231
55003|-229
55005|104
55007|59
55009|-1807
55011|42
55013|-139
55015|-317
55017|341
55019|88
55021|-477
55023|-218
55025|-6764
55027|-1285
55029|-10
55031|-87
55033|422
55035|-286
55037|-20
55039|-971
55041|-14
55043|-627
55045|-241
55047|-367
55049|23
55051|-31
55053|73
55055|-1009
55057|-462
55059|-3107
55061|-8
55063|-2961
55065|-156
55067|-208
55069|-275
55071|-685
55073|-964
55075|-428
55077|-133
55078|-62
55079|-16845
55081|219
55083|-59
55085|-65
55087|-1609
55089|-290
55091|53
55093|-370
55095|54
55097|-439
55099|-24
55101|-5511
55103|-239
55105|-2672
55107|-90
55109|251
55111|-720
55113|75
55115|-445
55117|-1029
55119|-102
55121|178
55123|110
55125|26
55127|-271
55129|361
55131|-76
55133|-2262
55135|-658
55137|-209
55139|-2768
55141|-470
55143|4
55145|69
55147|24
55149|-32
55151|11
55153|-19
55155|4
56000|-2667
U.S.|-74163
|0
b|0
