COUNTY|DELTA
01001|-469
01003|-1380
01005|-285
01007|210
01009|46031
01011|-302
01013|-222
01015|19
01017|-764
01019|405
01021|486
01023|-84
01025|-33
01027|-41
01029|139
01031|-794
01033|388
01035|121
01037|-50
01039|-166
01041|-295
01043|50
01045|-239
01047|-604
01049|-990
01051|-254
01053|164
01055|1620
01057|-277
01059|-42
01061|-196
01063|-83
01065|-63
01067|-199
01069|-990
01071|645
01073|-4624
01075|152
01077|-183
01079|-440
01081|-918
01083|-128
01085|24
01087|-111
01089|-4650
01091|-211
01093|-345
01095|-1281
01097|-1427
01099|346
01101|-3672
01103|575
01105|73
01107|-79
01109|-192
01111|232
01113|-551
01115|715
01117|-680
01119|-62
01121|437
01123|-30
01125|-570
01127|-1370
01129|94
01131|-75
01133|-96
02110|12717
04001|1556
04003|117
04005|2941
04007|1198
04009|943
04011|27
04013|67201
04015|3475
04017|2818
04019|11775
04021|4989
04023|-250
04025|4152
04027|-177
04029|286
05001|342
05003|501
05005|452
05007|2211
05009|345
05011|109
05013|69
05015|129
05017|250
05019|282
05021|148
05023|263
05025|-32
05027|518
05029|460
05031|72
05033|499
05035|187
05037|-34
05039|184
05041|69
05043|495
05045|481
05047|237
05049|-17
05051|791
05053|282
05055|41
05057|524
05059|-47
05061|130
05063|453
05065|55
05067|231
05069|1278
05071|66
05073|131
05075|132
05077|136
05079|98
05081|100
05083|509
05085|750
05087|-42
05089|100
05091|363
05093|431
05095|103
05097|134
05099|96
05101|93
05103|546
05105|87
05107|462
05109|108
05111|61
05113|195
05115|236
05117|91
05119|1627
05121|179
05123|862
05125|464
05127|311
05129|281
05131|1642
05133|92
05135|98
05137|39
05139|356
05141|-93
05143|3553
05145|-254
05147|246
05149|376
05159|0
06001|5118
06003|-20
06005|38
06007|-1466
06009|-413
06011|195
06013|-2973
06015|113
06017|-1097
06019|-7697
06021|-134
06023|-4603
06025|-4998
06027|-77
06029|-5592
06031|-679
06033|-1397
06035|-284
06037|-49508
06039|-2625
06041|-847
06043|-194
06045|300
06047|-2711
06049|-58
06051|-144
06053|-4327
06055|-236
06057|-313
06059|-24973
06061|-687
06063|-269
06065|-16112
06067|-9272
06069|182
06071|-29551
06073|-33416
06075|-163
06077|-9004
06079|-654
06081|-3242
06083|-3870
06085|-3457
06087|-2388
06089|-1022
06091|-6
06093|-568
06095|-2028
06097|4710
06099|-1022
06101|-679
06103|-502
06105|-218
06107|-9645
06109|-157
06111|-7036
06113|-2991
06115|-308
08003|-429
08007|156
08009|-60
08011|-102
08013|1001
08015|71
08017|22
08019|21
08021|-50
08023|-197
08025|-26
08027|-37
08029|-56
08031|836
08033|-11
08035|792
08037|201
08039|-8
08041|-1169
08043|-349
08045|502
08047|52
08049|-71
08051|-27
08053|-1
08055|-187
08057|-12
08059|153
08061|-26
08063|18
08065|23
08067|340
08069|969
08071|-135
08073|7
08075|254
08077|489
08079|-6
08081|157
08083|-347
08085|288
08087|334
08089|-280
08091|1
08093|19
08095|0
08097|47
08099|60
08101|148
08103|40
08105|362
08107|-138
08109|-32
08111|7
08113|34
08115|1
08117|184
08119|-137
08121|-3
08123|1168
08125|222
08127|4446
08129|2031
08131|117
09000|-17285
10001|1401
10002|-947
10003|1268
11001|2851
12001|-3777
12003|-5
12005|542
12007|73
12009|-1125
12011|-8541
12013|31
12015|940
12017|-425
12019|-1156
12021|10446
12023|-732
12025|-37398
12027|511
12029|123
12031|-10930
12033|-545
12035|-260
12037|-138
12039|373
12041|-33
12045|166
12047|-106
12049|-8
12051|-513
12053|-1522
12055|-800
12057|-8033
12059|1126
12061|411
12063|-561
12065|46
12067|-131
12069|-2452
12071|-9492
12073|-1991
12075|114
12077|-4
12079|-209
12081|-287
12083|-1788
12085|403
12087|303
12089|385
12091|-619
12093|-154
12095|-9061
12097|4494
12099|-52
12101|-496
12103|1118
12105|-15192
12107|1965
12109|-297
12111|874
12113|-374
12115|5333
12117|-493
12119|2
12121|-298
12123|-30
12125|-102
12127|-2994
12129|-15
12131|-1813
12133|90
13001|1158
13003|286
13005|413
13007|-43
13009|1000
13011|711
13013|-570
13015|4169
13017|744
13019|591
13021|3568
13023|274
13025|553
13027|329
13029|187
13031|1236
13033|651
13035|750
13037|106
13039|943
13043|628
13045|3710
13047|-7760
13049|231
13051|4133
13053|146
13055|1883
13057|2715
13059|-10293
13061|3
13063|4866
13065|-18
13067|11394
13069|1744
13071|1407
13073|1069
13075|256
13077|1708
13079|435
13081|619
13083|346
13085|633
13087|631
13089|-1190
13091|1361
13093|303
13095|3153
13097|607
13099|-19
13100|-86
13103|123
13105|-207
13107|1455
13109|491
13111|1232
13113|611
13115|1996
13117|1982
13119|1108
13121|15445
13123|1794
13125|81
13127|1263
13129|3172
13131|483
13133|1680
13135|9278
13137|2393
13139|1101
13141|484
13143|1441
13145|515
13147|990
13149|232
13151|-1136
13153|2070
13155|383
13157|4541
13159|1262
13161|746
13163|411
13165|86
13167|628
13169|942
13171|-271
13173|247
13175|-498
13177|-69
13179|-556
13181|3
13183|-17
13185|2878
13187|1085
13189|390
13191|430
13193|407
13195|3302
13197|66
13199|437
13201|40
13205|811
13207|283
13209|420
13211|1390
13213|3834
13215|3630
13217|7039
13219|1090
13221|97
13223|2229
13225|756
13227|1481
13229|396
13231|476
13233|1058
13235|330
13237|580
13239|78
13241|581
13243|-69
13245|3768
13247|-154
13249|53
13251|528
13253|-7
13255|3513
13257|1054
13259|228
13261|454
13263|68
13265|20
13267|1232
13269|236
13271|725
13273|298
13275|65
13277|1205
13279|1689
13281|416
13283|366
13285|1465
13287|290
13289|275
13291|694
13293|324
13295|3555
13297|5428
13299|754
13301|161
13303|569
13305|-2564
13307|48
13309|265
13311|1049
13313|5315
13315|437
13317|137
13319|286
13321|334
14000|-1860
15001|-2469
15003|-2098
15007|403
15009|11
16000|30625
17001|-516
17003|3064
17005|3115
17011|-171
17015|0
17017|24
17019|-1358
17021|-457
17025|2360
17027|0
17029|-17310
17031|0
17033|-158
17037|-841
17041|4571
17043|-1612
17045|6359
17049|6058
17051|0
17055|-491
17057|-442
17061|0
17065|0
17067|181
17073|-582
17075|0
17077|-109
17081|237
17083|-248
17085|0
17089|-10323
17091|174
17093|8882
17095|-553
17097|-374
17099|544
17101|-38
17105|0
17107|-361
17109|-400
17111|151
17113|-1367
17115|-1524
17117|284
17119|-3682
17121|-794
17123|0
17125|12
17127|-258
17135|-936
17137|-171
17139|0
17141|138
17143|-2083
17149|0
17151|1782
17153|-3095
17157|-714
17159|-2300
17161|-1176
17163|-237
17165|-2388
17167|526
17169|-118
17173|2788
17177|-232
17179|-1716
17181|72
17183|-771
17185|339
17187|-16
17193|0
17195|315
17197|-3011
17199|-270
17201|69840
18001|582
18003|6200
18005|890
18007|95
18009|208
18011|578
18013|323
18015|144
18017|477
18019|975
18021|244
18023|447
18025|262
18027|358
18029|784
18031|493
18033|811
18035|1325
18037|530
18039|5654
18041|740
18043|1096
18045|161
18047|298
18049|407
18051|408
18053|1132
18055|491
18057|1177
18059|762
18061|416
18063|143
18065|533
18067|1523
18069|736
18071|705
18073|166
18075|402
18077|406
18079|490
18081|701
18083|584
18085|1789
18087|194
18089|6251
18091|1487
18093|963
18095|1146
18097|8276
18099|802
18101|217
18103|516
18105|746
18107|687
18109|1277
18111|205
18113|991
18115|75
18117|358
18119|334
18121|136
18123|176
18125|244
18127|683
18129|118
18131|132
18133|495
18135|225
18137|361
18139|242
18141|3846
18143|608
18145|342
18147|280
18149|567
18151|831
18153|426
18155|177
18157|2196
18159|226
18161|263
18163|1203
18165|77
18167|777
18169|580
18171|61
18173|636
18175|469
18177|1094
18179|339
18181|373
18183|389
19001|143
19003|68
19005|253
19007|191
19009|60
19011|212
19013|-59
19015|292
19017|-13
19019|128
19021|-77
19023|-41
19025|75
19027|-82
19029|142
19031|202
19033|706
19035|64
19037|115
19039|242
19041|262
19043|134
19045|139
19047|119
19049|352
19051|163
19053|175
19055|96
19057|1125
19059|208
19061|9
19063|33
19065|205
19067|61
19069|44
19071|8
19073|-30
19075|66
19077|117
19079|293
19081|209
19083|319
19085|252
19087|462
19089|161
19091|89
19093|67
19095|172
19097|260
19099|292
19101|422
19103|464
19105|91
19107|244
19109|148
19111|748
19113|1181
19115|251
19117|99
19119|84
19121|-40
19123|586
19125|258
19127|484
19129|243
19131|127
19133|136
19135|93
19137|342
19139|561
19141|42
19143|-22
19145|188
19147|34
19149|136
19151|113
19153|668
19155|1296
19157|262
19159|8
19161|69
19163|46
19165|31
19167|-28
19169|792
19171|236
19173|21
19175|121
19177|109
19179|965
19181|458
19183|248
19185|32
19187|396
19189|-6
19191|84
19193|1007
19195|92
19197|136
20001|316
20003|164
20005|469
20007|31
20009|403
20011|492
20013|184
20015|846
20017|-13
20019|-11
20021|294
20023|-7
20025|45
20027|76
20029|56
20031|71
20033|7
20035|392
20037|547
20039|-3
20041|-88
20043|-37
20045|1257
20047|33
20049|-22
20051|106
20053|13
20055|368
20057|-28
20059|590
20061|284
20063|39
20065|-47
20067|-4
20069|13
20071|-16
20073|11
20075|-15
20077|10
20079|212
20081|105
20083|12
20085|174
20087|323
20089|-28
20091|3367
20093|43
20095|96
20097|1
20099|197
20101|26
20103|545
20105|-16
20107|77
20109|-11
20111|1391
20113|438
20115|102
20117|51
20119|54
20121|353
20123|-76
20125|948
20127|65
20129|50
20131|-62
20133|327
20135|-22
20137|43
20139|348
20141|44
20143|-6
20145|-37
20147|49
20149|99
20151|105
20153|-17
20155|1533
20157|40
20159|136
20161|161
20163|41
20165|40
20167|26
20169|755
20171|29
20173|10327
20175|515
20177|3394
20179|-13
20181|-28
20183|-44
20185|50
20187|56
20189|26
20191|256
20193|74
20195|10
20197|31
20199|-33
20201|28
20203|-2
20205|171
20207|52
20209|5263
21001|289
21003|612
21005|387
21007|221
21009|956
21011|482
21013|1213
21015|1211
21017|548
21019|1397
21021|857
21023|170
21025|287
21027|444
21029|1155
21031|249
21033|470
21035|617
21037|1258
21039|210
21041|379
21043|1092
21045|555
21047|1906
21049|1460
21051|938
21053|148
21055|98
21057|183
21059|1683
21061|361
21063|188
21065|699
21067|2631
21069|323
21071|937
21073|1320
21075|227
21077|315
21079|693
21081|1326
21083|517
21085|1117
21087|438
21089|549
21091|221
21093|1159
21095|54
21097|463
21099|603
21101|1037
21103|265
21105|133
21107|1118
21109|478
21111|11790
21113|578
21115|581
21117|3528
21119|185
21121|1279
21123|275
21125|1466
21127|134
21129|226
21131|139
21133|303
21135|426
21137|594
21139|208
21141|717
21143|113
21145|1517
21147|298
21149|242
21151|944
21153|232
21155|712
21157|653
21159|233
21161|727
21163|319
21165|175
21167|519
21169|148
21171|368
21173|903
21175|309
21177|650
21179|1118
21181|172
21183|544
21185|472
21187|350
21189|252
21191|683
21193|300
21195|1323
21197|362
21199|1251
21201|37
21203|506
21205|417
21207|342
21209|1152
21211|1082
21213|397
21215|166
21217|591
21219|335
21221|435
21223|348
21225|614
21227|2470
21229|161
21231|577
21233|217
21235|1199
21237|183
21239|94
22001|1736
22003|737
22005|1758
22007|486
22009|2011
22011|592
22013|130
22015|937
22017|5180
22019|6491
22021|409
22023|163
22025|356
22027|462
22029|765
22031|499
22033|9931
22035|382
22037|455
22039|1112
22041|599
22043|850
22045|2025
22047|1294
22049|299
22051|5103
22053|419
22055|2852
22057|2132
22059|227
22061|1282
22063|4060
22065|499
22067|1099
22069|1820
22071|11215
22073|4206
22075|360
22077|454
22079|5661
22081|392
22083|892
22085|905
22087|645
22089|980
22091|310
22093|451
22095|1009
22097|2427
22099|1403
22101|1800
22103|3733
22105|4184
22107|217
22109|2850
22111|660
22113|1218
22115|1301
22117|1976
22119|1290
22121|573
22123|410
22125|147
22127|796
23000|50925
24001|-780
24003|-2236
24005|-6348
24009|-82
24011|-709
24013|-862
24015|-1069
24017|-1362
24019|-350
24021|-1006
24023|230
24025|-1447
24027|-1967
24029|-232
24031|-7193
24033|-4198
24035|-99
24037|-889
24039|1064
24041|-109
24043|-1021
24045|-238
24047|41
24510|10556
25000|102582
26001|314
26003|-3
26005|1812
26007|364
26009|691
26011|382
26013|128
26015|1119
26017|1043
26019|515
26021|2718
26023|1247
26025|2724
26027|1367
26029|629
26031|477
26033|544
26035|628
26037|686
26039|251
26041|286
26043|319
26045|1472
26047|717
26049|4218
26051|-34390
26053|162
26055|1709
26057|676
26059|1390
26061|277
26063|345
26065|602
26067|1401
26069|517
26071|84
26073|1079
26075|3609
26077|3503
26079|438
26081|8865
26083|15
26085|201
26087|1196
26089|178
26091|1657
26093|1786
26095|27
26097|177
26099|8540
26101|449
26103|513
26105|524
26107|947
26109|197
26111|957
26113|114
26115|2072
26117|1450
26119|294
26121|3321
26123|944
26125|12608
26127|650
26129|545
26131|68
26133|416
26135|237
26137|661
26139|4375
26141|194
26143|448
26145|2359
26147|1889
26149|2158
26151|775
26153|115
26155|977
26157|424
26159|1155
26161|3338
26163|16178
26165|720
27000|0
27001|0
27003|0
27005|0
27007|0
27009|0
27011|-1
27013|0
27015|0
27017|0
27019|0
27021|0
27023|0
27025|0
27027|0
27029|-3
27031|0
27033|5
27035|16
27037|0
27039|7
27041|0
27043|0
27045|0
27047|0
27049|9
27051|1
27053|-1409
27055|3
27057|13
27059|0
27061|0
27063|2
27065|0
27067|5
27069|-4
27071|-4
27073|0
27075|0
27077|1
27079|0
27081|-1
27083|10
27085|0
27087|0
27089|0
27091|3
27093|-1
27095|0
27097|16
27099|0
27101|8
27103|0
27105|-1
27107|-5
27109|0
27111|0
27113|2
27115|0
27117|2
27119|-1
27121|8
27123|0
27125|1
27127|0
27129|0
27131|0
27133|1
27135|-4
27137|0
27139|0
27141|0
27143|0
27145|0
27147|0
27149|3
27151|7
27153|0
27155|-1
27157|0
27159|0
27161|0
27163|0
27165|1
27167|0
27169|24
27171|0
27173|5
27175|0
28001|345
28003|506
28005|240
28007|8
28009|269
28011|578
28013|4
28015|8
28017|229
28019|100
28021|161
28023|313
28025|310
28027|155
28029|334
28031|323
28033|94
28035|569
28037|132
28039|319
28041|-10
28043|210
28045|662
28047|-1129
28049|2060
28051|404
28053|256
28055|42
28057|266
28059|-20
28061|331
28063|42
28065|326
28067|1283
28069|60
28071|116
28073|446
28075|1155
28077|35
28079|303
28081|806
28083|397
28085|460
28087|54
28089|534
28091|774
28093|49
28095|237
28097|212
28099|44
28101|337
28103|74
28105|94
28107|654
28109|720
28111|198
28113|371
28115|49
28117|380
28119|491
28121|1109
28123|-86
28125|104
28127|882
28129|45
28131|88
28133|546
28135|202
28137|99
28139|368
28141|269
28143|-337
28145|208
28147|274
28149|378
28151|884
28153|307
28155|36
28157|174
28159|340
28161|60
28163|491
29925|93627
30201|7502
31000|5710
32001|-107
32003|-45942
32005|315
32007|-347
32009|7
32011|-16
32013|-244
32015|-150
32017|-19
32019|-574
32021|-66
32023|-479
32027|-47
32029|-10
32031|-6688
32033|66
32510|702
33000|12238
34001|-4232
34003|-2374
34005|-1983
34007|189
34009|271
34011|-2043
34013|-2005
34015|-688
34017|-3773
34019|134
34021|953
34023|-6387
34025|-4657
34027|-257
34029|-5105
34031|-5381
34033|-850
34035|-694
34037|614
34039|-4988
34041|19
35001|-423
35003|414
35005|-183
35006|337
35007|-493
35009|-32
35011|346
35013|251
35015|323
35017|-775
35019|-323
35021|43
35023|335
35025|-330
35027|164
35028|438
35029|-727
35031|-19665
35033|897
35034|21895
35035|-942
35037|202
35039|-125
35041|203
35043|-1660
35045|-1709
35047|424
35049|-845
35051|-2074
35053|-1604
35055|-312
35057|-624
35059|866
35061|-305
35063|352
36000|102599
37001|-1337
37003|478
37005|-113
37007|-41
37009|-64
37011|10
37013|-6083
37015|-2710
37017|-4485
37019|-8681
37021|-10481
37023|1298
37025|1053
37027|1047
37029|-478
37031|-3779
37033|-2528
37035|-10105
37037|-3310
37039|-271
37041|-1917
37043|69
37045|-1347
37047|-7218
37049|-2254
37051|-43912
37053|-80
37055|-466
37057|-213
37059|112
37061|-6343
37063|-161
37065|-10425
37067|-2145
37069|-705
37071|-888
37073|-225
37075|-145
37077|-204
37079|-2826
37081|-48119
37083|-8190
37085|-12628
37087|-1075
37089|99
37091|-3445
37093|-6456
37095|-528
37097|632
37099|-161
37101|-12135
37103|-1303
37105|-6587
37107|-8207
37109|203
37111|-4619
37113|439
37115|305
37117|-60
37119|-5194
37121|21
37123|98
37125|-5878
37127|-7870
37129|-15648
37131|-3026
37133|-15105
37135|-6552
37137|-1056
37139|-4507
37141|-5297
37143|-1398
37145|-333
37147|-18890
37149|-39
37151|90
37153|-590
37155|-30200
37157|-1907
37159|176
37161|-360
37163|-9313
37165|-7379
37167|1
37169|-389
37171|109
37173|286
37175|24
37177|-351
37179|105
37181|-652
37183|-4150
37185|-2418
37187|-1935
37189|280
37191|-16492
37193|207
37195|-5032
37197|-64
37199|109
38001|-19
38003|69
38005|150
38009|32
38011|-34
38013|42
38015|322
38017|727
38019|21
38021|71
38023|33
38025|10
38027|13
38029|-6
38031|18
38033|3
38035|801
38037|29
38039|15
38041|-6
38043|40
38045|57
38047|11
38049|63
38051|34
38053|91
38055|62
38057|41
38059|232
38061|124
38063|-9
38065|-21
38067|41
38069|63
38071|39
38073|91
38075|-21
38077|230
38079|461
38081|-16
38083|3
38085|359
38089|32
38091|24
38093|316
38095|-6
38097|58
38099|174
38101|-133
38103|65
38105|-143
39001|857
39003|2814
39005|1224
39007|675
39009|642
39011|797
39013|1986
39015|1452
39017|4804
39019|880
39021|885
39023|2499
39025|2831
39027|1272
39029|734
39031|548
39033|1128
39035|2977
39037|1254
39039|-1174
39041|1563
39043|1508
39045|2354
39047|265
39049|13360
39051|569
39053|190
39055|744
39057|1526
39059|1522
39061|10400
39063|1252
39065|99
39067|641
39069|434
39071|902
39073|2761
39075|420
39077|1827
39079|614
39081|-360
39083|1192
39085|2639
39087|1043
39089|2924
39091|1021
39093|3340
39095|3850
39097|1015
39099|1524
39101|836
39103|2088
39105|162
39107|477
39109|56
39111|225
39113|7889
39115|356
39117|764
39119|1502
39121|269
39123|245
39125|2630
39127|535
39129|1071
39131|-33
39133|2014
39135|914
39137|391
39139|1586
39141|-3225
39143|1318
39145|-177
39147|1318
39149|854
39151|6750
39153|6611
39155|4099
39157|2082
39159|699
39161|671
39163|3358
39165|969
39167|479
39169|1419
39171|732
39173|1314
39175|161
40001|56
40003|279
40005|313
40007|394
40009|2107
40011|167
40013|460
40015|491
40017|597
40019|-1274
40021|906
40023|596
40025|354
40027|1287
40029|198
40031|1240
40033|192
40035|63
40037|888
40039|-3369
40041|837
40043|263
40045|258
40047|406
40049|-139
40051|725
40053|-10
40055|846
40057|482
40059|298
40061|258
40063|55
40065|520
40067|-133
40069|214
40071|774
40073|159
40075|-859
40077|674
40079|258
40081|41
40083|1052
40085|1739
40087|-564
40089|1356
40091|274
40093|633
40095|30
40097|145
40099|176
40101|293
40103|93
40105|68
40107|95
40109|-533
40111|850
40113|-129
40115|245
40117|282
40119|743
40121|364
40123|445
40125|592
40127|-1323
40129|337
40131|1013
40133|551
40135|551
40137|271
40139|-1334
40141|-8
40143|1680
40145|1484
40147|517
40149|1060
40151|-836
40153|746
41000|69
42001|-411
42003|-500
42005|1
42007|413
42009|-22
42011|-134
42013|-107
42015|-253
42017|-541
42019|460
42021|-385
42023|32
42025|350
42027|-6
42029|-448
42031|212
42033|696
42035|-226
42037|301
42039|923
42041|-441
42043|-2937
42045|-3770
42047|270
42049|-592
42051|-437
42053|49
42055|-347
42057|-84
42059|421
42061|-143
42063|-397
42065|450
42067|-31
42069|-2970
42071|1844
42073|510
42075|418
42077|-3132
42079|-1713
42081|-527
42083|-102
42085|132
42087|107
42089|802
42091|-5423
42093|17
42095|-2602
42097|128
42099|-170
42101|-26801
42103|94
42105|112
42107|-333
42109|172
42111|-29
42113|-34
42115|402
42117|-644
42119|220
42121|390
42123|131
42125|-462
42127|390
42129|-193
42131|191
42133|-1457
44935|3036
45001|475
45003|1523
45005|385
45007|3161
45009|612
45011|657
45013|979
45015|2812
45017|284
45019|2541
45021|1927
45023|1462
45025|1375
45027|1206
45029|967
45031|1796
45033|315
45035|1809
45037|463
45039|935
45041|1177
45043|1179
45045|5898
45047|1321
45049|540
45051|4020
45053|735
45055|1229
45057|1875
45059|1258
45061|818
45063|3766
45065|147
45067|743
45069|321
45071|717
45073|998
45075|2079
45077|1612
45079|2678
45081|326
45083|3025
45085|2258
45087|408
45089|983
45091|2527
46003|26
46005|306
46007|35
46009|11
46011|-28
46013|63
46015|-41
46019|49
46021|10
46023|-64
46025|14
46027|184
46029|72
46031|-71
46033|61
46035|153
46037|127
46039|4
46041|57
46043|-1
46045|39
46047|-3
46049|8
46051|117
46053|47
46055|23
46057|52
46059|20
46061|11
46063|6
46065|-7
46067|-39
46069|22
46071|-27
46073|35
46075|21
46077|59
46079|-2
46081|112
46083|153
46085|26
46087|44
46089|53
46091|52
46093|237
46095|-17
46097|6
46099|1377
46101|42
46103|855
46105|27
46107|4
46109|123
46111|25
46113|185
46115|24
46117|9
46119|-3
46121|-60
46123|-27
46125|102
46127|128
46129|73
46135|115
46137|33
47001|868
47003|343
47005|400
47007|294
47009|1190
47011|1087
47013|743
47015|381
47017|616
47019|1056
47021|658
47023|231
47025|549
47027|291
47029|658
47031|923
47033|334
47035|904
47037|8691
47039|191
47041|292
47043|462
47045|1092
47047|87
47049|415
47051|781
47053|674
47055|687
47057|382
47059|1372
47061|417
47063|1176
47065|4201
47067|152
47069|566
47071|527
47073|522
47075|546
47077|168
47079|733
47081|430
47083|180
47085|227
47087|347
47089|517
47091|449
47093|4371
47095|20
47097|775
47099|580
47101|462
47103|198
47105|498
47107|614
47109|859
47111|549
47113|1642
47115|521
47117|682
47119|1078
47121|221
47123|786
47125|368
47127|164
47129|112
47131|124
47133|319
47135|279
47137|22
47139|611
47141|2018
47143|799
47145|659
47147|665
47149|1773
47151|690
47153|63
47155|2061
47157|10901
47159|537
47161|129
47163|604
47165|1898
47167|1082
47169|57
47171|277
47173|488
47175|123
47177|353
47179|447
47181|248
47183|467
47185|692
47187|798
47189|1040
48001|981
48003|256
48005|2360
48007|305
48009|43
48011|42
48013|1066
48015|488
48017|225
48019|203
48021|1062
48023|149
48025|260
48027|60
48029|22816
48031|117
48033|6
48035|454
48037|2090
48039|3193
48041|2491
48043|41
48045|46
48047|178
48049|604
48051|413
48053|875
48055|471
48057|465
48059|120
48061|9451
48063|199
48065|62
48067|793
48069|294
48071|82
48073|1506
48075|168
48077|109
48079|56
48081|-45
48083|339
48085|4676
48087|71
48089|596
48091|1524
48093|290
48095|75
48097|533
48099|355
48101|30
48103|15
48105|86
48107|199
48109|44
48111|195
48113|35257
48115|305
48117|832
48119|114
48121|1209
48123|336
48125|106
48127|414
48129|6
48131|255
48133|127
48135|2889
48137|-17
48139|2246
48141|16361
48143|663
48145|326
48147|398
48149|420
48151|102
48153|161
48155|-9
48157|465
48159|214
48161|295
48163|318
48165|46
48167|2542
48169|227
48171|281
48173|-3
48175|53
48177|740
48179|329
48181|1975
48183|1487
48185|281
48187|1849
48189|1093
48191|51
48193|265
48195|184
48197|60
48199|1000
48201|44445
48203|787
48205|53
48207|141
48209|2141
48211|36
48213|2567
48215|17313
48217|1291
48219|604
48221|535
48223|650
48225|523
48227|833
48229|171
48231|1509
48233|555
48235|1
48237|179
48239|364
48241|959
48243|-14
48245|5284
48247|101
48249|1282
48251|1432
48253|402
48255|242
48257|1733
48259|71
48261|7
48263|29
48265|234
48267|207
48269|0
48271|32
48273|779
48275|45
48277|1405
48279|269
48281|346
48283|264
48285|206
48287|149
48289|320
48291|1725
48293|371
48295|77
48297|55
48299|470
48301|3
48303|5519
48305|143
48307|366
48309|5402
48311|-23
48313|395
48315|245
48317|129
48319|89
48321|1206
48323|1618
48325|813
48327|52
48329|2389
48331|291
48333|81
48335|180
48337|304
48339|5026
48341|772
48343|679
48345|28
48347|1124
48349|479
48351|481
48353|335
48355|5651
48357|185
48359|53
48361|2237
48363|734
48365|280
48367|2218
48369|323
48371|438
48373|994
48375|2764
48377|15
48379|166
48381|789
48383|33
48385|44
48387|335
48389|631
48391|1
48393|30
48395|628
48397|925
48399|215
48401|1041
48403|116
48405|18
48407|939
48409|1424
48411|62
48413|52
48415|421
48417|25
48419|755
48421|18
48423|2787
48425|170
48427|1934
48429|157
48431|-15
48433|15
48435|129
48437|174
48439|15193
48441|1940
48443|-10
48445|433
48447|-27
48449|782
48451|2894
48453|18001
48455|555
48457|641
48459|692
48461|44
48463|882
48465|1508
48467|1497
48469|1919
48471|1271
48473|585
48475|53
48477|299
48479|4826
48481|909
48483|53
48485|1612
48487|286
48489|786
48491|4731
48493|956
48495|23
48497|1071
48499|725
48501|54
48503|245
48505|-56
48507|689
49925|447
50000|-978
51001|841
51003|815
51007|258
51009|506
51011|257
51013|145
51015|697
51017|34
51019|-458
51021|60
51023|-169
51025|265
51027|302
51029|599
51031|603
51033|317
51035|598
"5103|169
51037|207
51041|1969
51043|192
51045|-9
51047|469
51049|205
51051|200
51053|353
51057|312
51059|4786
51061|654
51063|268
51065|114
51067|1029
51069|1150
51071|146
51073|494
51075|90
51077|173
51079|-32
51081|12
51083|296
51085|526
51087|2240
51089|1157
51091|-24
51093|426
51095|263
51097|46
51099|226
51101|385
51103|297
51105|518
51107|-102
51109|429
51111|50
51113|127
51115|98
51117|317
51119|159
51121|942
51125|296
51127|-36
51131|182
51133|50
51135|285
51137|234
51139|405
51141|375
51143|469
51145|313
51147|306
51149|-14
51153|639
51155|500
51157|144
51159|93
51161|549
51163|82
51165|671
51167|116
51169|403
51171|629
51173|364
51175|383
51177|552
51179|489
51181|55
51183|-51
51185|-108
51187|605
51191|366
51193|62
51195|956
51197|457
51199|206
51510|136
51515|1177
51520|399
51530|76
51540|770
51550|1899
51570|67
51580|82
51590|598
51595|86
51600|-288
51610|-31
51620|287
51630|338
51640|46
51650|1837
51660|231
51670|239
51678|59
51680|1093
51683|222
51685|-33
51690|135
51700|2667
51710|4751
51720|84
51730|705
51735|48
51740|1986
51750|203
51760|7405
51770|1917
51790|638
51800|570
51810|1514
51820|574
51830|-16
51840|608
52001|-583
52005|10
53000|-27531
54000|352352
55000|-549
55001|-357
55003|151
55005|601
55007|84
55009|1408
55011|89
55013|82
55015|339
55017|564
55019|267
55021|841
55023|174
55025|-540
55027|986
55029|363
55031|690
55033|741
55035|1338
55037|36
55039|-58
55041|209
55043|162
55045|355
55047|7
55049|168
55051|97
55053|190
55055|513
55057|1498
55059|11
55061|133
55063|412
55065|121
55067|290
55069|824
55071|410
55073|2053
55075|352
55077|49
55078|135
55079|1485
55081|541
55083|259
55085|121
55087|897
55089|240
55091|25
55093|178
55095|815
55097|628
55099|100
55101|2821
55103|-345
55105|1423
55107|168
55109|711
55111|823
55113|491
55115|550
55117|916
55119|82
55121|249
55123|186
55125|225
55127|1313
55129|276
55131|1091
55133|731
55135|313
55137|107
55139|445
55141|1142
55143|67
55145|46
55147|178
55149|-41
55151|139
55153|-14
55155|20
56000|5903
U.S.|1128857
|0
,|0
