COUNTY|DELTA
01001|-566
01003|-118
01005|-420
01007|182
01009|48959
01011|-266
01013|-198
01015|157
01017|-122
01019|200
01021|290
01023|-341
01025|66
01027|-37
01029|278
01031|-761
01033|13
01035|-175
01037|-11
01039|-588
01041|-362
01043|819
01045|-461
01047|-295
01049|-1042
01051|560
01053|126
01055|757
01057|-188
01059|8
01061|-7
01063|-159
01065|-116
01067|-130
01069|-1543
01071|173
01073|-2945
01075|147
01077|-300
01079|-268
01081|-872
01083|493
01085|-137
01087|107
01089|-2518
01091|-248
01093|-275
01095|-644
01097|-4685
01099|34
01101|-3562
01103|-867
01105|105
01107|-89
01109|-188
01111|-39
01113|-118
01115|575
01117|90
01119|-191
01121|1062
01123|258
01125|-257
01127|-633
01129|-205
01131|-355
01133|-51
02110|7892
04001|2305
04003|1253
04005|2677
04007|1096
04009|178
04011|-115
04013|63510
04015|4617
04017|4069
04019|12940
04021|6040
04023|263
04025|4853
04027|2767
04029|417
05001|57
05003|283
05005|338
05007|2827
05009|637
05011|15
05013|26
05015|477
05017|-12
05019|290
05021|25
05023|165
05025|-85
05027|124
05029|343
05031|1012
05033|714
05035|136
05037|-154
05039|163
05041|185
05043|310
05045|621
05047|169
05049|-265
05051|-283
05053|99
05055|143
05057|711
05059|233
05061|90
05063|647
05065|-36
05067|285
05069|1210
05071|145
05073|165
05075|-46
05077|69
05079|-11
05081|40
05083|432
05085|679
05087|44
05089|81
05091|399
05093|414
05095|122
05097|104
05099|136
05101|104
05103|700
05105|110
05107|543
05109|40
05111|27
05113|124
05115|152
05117|40
05119|2412
05121|190
05123|305
05125|618
05127|75
05129|139
05131|901
05133|348
05135|-324
05137|-58
05139|209
05141|86
05143|5247
05145|-695
05147|35
05149|283
05159|0
06001|10363
06003|18
06005|41
06007|-1795
06009|-184
06011|422
06013|826
06015|-166
06017|-1073
06019|-973
06021|28
06023|-4016
06025|-4661
06027|49
06029|-15979
06031|-1289
06033|-1984
06035|-9
06037|30635
06039|-1906
06041|-314
06043|-66
06045|324
06047|-2250
06049|-96
06051|28
06053|-3089
06055|-354
06057|-96
06059|-11264
06061|513
06063|-362
06065|-6204
06067|-4741
06069|410
06071|-14138
06073|-17742
06075|-1535
06077|-4478
06079|-690
06081|1328
06083|-4766
06085|5748
06087|-3824
06089|-835
06091|2
06093|-179
06095|-1101
06097|-239
06099|1983
06101|-510
06103|284
06105|-190
06107|-5226
06109|-193
06111|-6268
06113|-3422
06115|-534
08003|-307
08007|55
08009|-34
08011|28
08013|949
08015|156
08017|-10
08019|-54
08021|138
08023|-271
08025|-95
08027|-3
08029|-15
08031|7248
08033|3
08035|1350
08037|281
08039|28
08041|2057
08043|-348
08045|375
08047|-1
08049|40
08051|53
08053|-19
08055|-123
08057|22
08059|2084
08061|-17
08063|32
08065|85
08067|385
08069|3264
08071|-343
08073|21
08075|20
08077|-1822
08079|6
08081|-155
08083|-324
08085|390
08087|-25
08089|-382
08091|50
08093|-80
08095|-18
08097|4
08099|-12
08101|-1065
08103|50
08105|240
08107|41
08109|52
08111|8
08113|106
08115|-73
08117|318
08119|-253
08121|-122
08123|-716
08125|46
08127|3618
08129|5940
08131|155
09000|1783
10001|1155
10002|-149
10003|2508
11001|6173
12001|-1380
12003|-88
12005|-609
12007|20
12009|-6622
12011|-20253
12013|-224
12015|-82
12017|-1525
12019|-729
12021|1030
12023|-270
12025|-53600
12027|363
12029|-269
12031|-8269
12033|-2168
12035|-116
12037|40
12039|-218
12041|22
12045|-39
12047|-35
12049|108
12051|-460
12053|-2398
12055|-699
12057|-8817
12059|121
12061|-1132
12063|-458
12065|128
12067|-38
12069|-4839
12071|-305
12073|-1153
12075|-126
12077|-5
12079|-155
12081|1282
12083|-4729
12085|-929
12087|-228
12089|-15
12091|-1127
12093|-549
12095|-11381
12097|-6793
12099|-7643
12101|-4904
12103|-2065
12105|-7394
12107|-338
12109|-36
12111|-2354
12113|-593
12115|2884
12117|-3612
12119|-557
12121|-268
12123|-188
12125|193
12127|-4083
12129|117
12131|-93
12133|-139
13001|-697
13003|-28
13005|-229
13007|-164
13009|-157
13011|61
13013|1277
13015|659
13017|174
13019|-220
13021|-432
13023|-518
13025|-166
13027|31
13029|-478
13031|-1143
13033|820
13035|-61
13037|-257
13039|-255
13043|-383
13045|-1139
13047|1789
13049|-22
13051|-2491
13053|-211
13055|-406
13057|482
13059|-2048
13061|59
13063|-1755
13065|-41
13067|4864
13069|-372
13071|-528
13073|372
13075|-250
13077|-108
13079|157
13081|-763
13083|-120
13085|-16
13087|-350
13089|-11351
13091|-512
13093|-293
13095|1602
13097|-936
13099|-189
13100|-178
13103|-801
13105|-372
13107|-1083
13109|-609
13111|26
13113|-210
13115|-839
13117|-698
13119|-76
13121|227
13123|-568
13125|-17
13127|-650
13129|-768
13131|-773
13133|407
13135|-299
13137|-124
13139|1018
13141|277
13143|-152
13145|-361
13147|67
13149|-200
13151|-4259
13153|-707
13155|-69
13157|204
13159|-99
13161|-542
13163|1821
13165|570
13167|-168
13169|205
13171|-921
13173|-113
13175|-667
13177|494
13179|-1414
13181|-252
13183|-464
13185|-635
13187|-219
13189|4047
13191|-2351
13193|521
13195|-1205
13197|-713
13199|-453
13201|-298
13205|-369
13207|-178
13209|-392
13211|-54
13213|-62
13215|-499
13217|-648
13219|277
13221|-224
13223|-161
13225|-66
13227|9
13229|-107
13231|-74
13233|-284
13235|-413
13237|-323
13239|-60
13241|-298
13243|-353
13245|4434
13247|-3317
13249|-104
13251|630
13253|-189
13255|-453
13257|-497
13259|-37
13261|258
13263|-204
13265|38
13267|-814
13269|-295
13271|-498
13273|-511
13275|-412
13277|-633
13279|-1555
13281|-74
13283|-364
13285|-271
13287|-204
13289|95
13291|-95
13293|-440
13295|-832
13297|-544
13299|-773
13301|399
13303|453
13305|4346
13307|-105
13309|-270
13311|-18
13313|-1537
13315|-315
13317|-116
13319|12
13321|-361
14000|69
15001|3174
15003|9873
15007|215
15009|2498
16000|25127
17001|-1775
17003|15
17005|3366
17011|355
17015|0
17017|-1257
17019|1205
17021|-129
17025|7
17027|0
17029|3375
17031|0
17033|135
17037|242
17041|12
17043|-3019
17045|9
17049|7
17051|0
17055|432
17057|-107
17061|0
17065|0
17067|2473
17073|-353
17075|0
17077|1268
17081|802
17083|162
17085|0
17089|478
17091|2622
17093|0
17095|228
17097|2055
17099|402
17101|-88
17105|0
17107|549
17109|-138
17111|1117
17113|-55
17115|-245
17117|250
17119|1022
17121|-281
17123|0
17125|117
17127|1872
17135|-937
17137|327
17139|0
17141|1121
17143|974
17149|0
17151|3
17153|389
17157|-1028
17159|-45
17161|319
17163|1195
17165|-1971
17167|719
17169|1332
17173|0
17177|178
17179|-250
17181|187
17183|1027
17185|271
17187|474
17193|0
17195|940
17197|-2699
17199|164
17201|0
18001|444
18003|8870
18005|931
18007|44
18009|429
18011|661
18013|323
18015|115
18017|1090
18019|2166
18021|514
18023|910
18025|236
18027|251
18029|1218
18031|761
18033|776
18035|3281
18037|345
18039|4997
18041|912
18043|1369
18045|394
18047|634
18049|446
18051|430
18053|1597
18055|868
18057|1626
18059|1223
18061|854
18063|1317
18065|1764
18067|1795
18069|614
18071|715
18073|204
18075|558
18077|656
18079|944
18081|1584
18083|653
18085|1190
18087|413
18089|12922
18091|2301
18093|1225
18095|3285
18097|30493
18099|919
18101|189
18103|939
18105|1429
18107|843
18109|1729
18111|135
18113|742
18115|150
18117|765
18119|640
18121|312
18123|253
18125|169
18127|1676
18129|206
18131|219
18133|788
18135|244
18137|718
18139|294
18141|7038
18143|640
18145|888
18147|418
18149|657
18151|675
18153|424
18155|280
18157|2658
18159|276
18161|254
18163|3899
18165|196
18167|2308
18169|753
18171|189
18173|697
18175|756
18177|1909
18179|329
18181|490
18183|678
19001|106
19003|79
19005|309
19007|148
19009|95
19011|299
19013|605
19015|180
19017|-21
19019|165
19021|270
19023|-77
19025|48
19027|3
19029|185
19031|237
19033|696
19035|39
19037|79
19039|131
19041|212
19043|102
19045|592
19047|164
19049|501
19051|38
19053|187
19055|59
19057|1184
19059|107
19061|488
19063|96
19065|57
19067|118
19069|135
19071|115
19073|144
19075|-4
19077|116
19079|220
19081|145
19083|192
19085|184
19087|354
19089|159
19091|243
19093|47
19095|103
19097|425
19099|562
19101|346
19103|700
19105|-4
19107|128
19109|144
19111|976
19113|633
19115|283
19117|227
19119|68
19121|169
19123|577
19125|115
19127|520
19129|159
19131|84
19133|104
19135|83
19137|234
19139|1055
19141|68
19143|-4
19145|245
19147|47
19149|137
19151|98
19153|2057
19155|922
19157|251
19159|33
19161|42
19163|1661
19165|134
19167|135
19169|1072
19171|208
19173|87
19175|75
19177|100
19179|1032
19181|651
19183|302
19185|45
19187|292
19189|70
19191|74
19193|1633
19195|186
19197|150
20001|253
20003|193
20005|368
20007|33
20009|149
20011|387
20013|34
20015|665
20017|14
20019|44
20021|501
20023|4
20025|38
20027|15
20029|-29
20031|79
20033|-24
20035|98
20037|750
20039|21
20041|114
20043|16
20045|892
20047|25
20049|33
20051|-14
20053|71
20055|528
20057|376
20059|747
20061|499
20063|33
20065|-2
20067|49
20069|38
20071|-10
20073|40
20075|21
20077|2
20079|465
20081|43
20083|20
20085|203
20087|194
20089|-25
20091|3620
20093|37
20095|91
20097|-13
20099|432
20101|23
20103|520
20105|-21
20107|94
20109|-15
20111|809
20113|328
20115|21
20117|17
20119|5
20121|587
20123|-53
20125|448
20127|90
20129|70
20131|-31
20133|470
20135|-20
20137|64
20139|279
20141|42
20143|24
20145|3
20147|100
20149|104
20151|60
20153|9
20155|401
20157|31
20159|51
20161|277
20163|25
20165|43
20167|-6
20169|516
20171|65
20173|8328
20175|198
20177|3303
20179|12
20181|122
20183|9
20185|2
20187|15
20189|3
20191|335
20193|0
20195|-18
20197|45
20199|-2
20201|-63
20203|10
20205|179
20207|30
20209|4541
21001|604
21003|840
21005|555
21007|233
21009|1659
21011|719
21013|1763
21015|2311
21017|815
21019|1782
21021|851
21023|361
21025|665
21027|489
21029|2576
21031|513
21033|500
21035|984
21037|2108
21039|261
21041|428
21043|1324
21045|674
21047|2322
21049|1242
21051|1376
21053|358
21055|111
21057|375
21059|3338
21061|413
21063|291
21065|756
21067|6077
21069|417
21071|1835
21073|1613
21075|345
21077|610
21079|534
21081|1421
21083|1192
21085|1315
21087|552
21089|1059
21091|116
21093|2495
21095|1426
21097|613
21099|1112
21101|1782
21103|372
21105|123
21107|1097
21109|560
21111|26470
21113|974
21115|961
21117|4684
21119|672
21121|1882
21123|771
21125|2016
21127|273
21129|624
21131|633
21133|709
21135|769
21137|853
21139|319
21141|1123
21143|245
21145|1951
21147|820
21149|243
21151|2425
21153|682
21155|789
21157|522
21159|434
21161|797
21163|991
21165|292
21167|495
21169|543
21171|509
21173|1229
21175|372
21177|1142
21179|1521
21181|318
21183|949
21185|351
21187|430
21189|402
21191|795
21193|1392
21195|1861
21197|677
21199|1989
21201|31
21203|708
21205|1179
21207|565
21209|1227
21211|1477
21213|629
21215|426
21217|1013
21219|477
21221|521
21223|407
21225|671
21227|3425
21229|394
21231|918
21233|380
21235|1825
21237|371
21239|224
22001|-666
22003|-289
22005|215
22007|-131
22009|-148
22011|444
22013|-4
22015|-932
22017|1459
22019|1677
22021|67
22023|-205
22025|292
22027|-36
22029|-91
22031|68
22033|2389
22035|163
22037|254
22039|-20
22041|-100
22043|63
22045|-457
22047|1026
22049|-128
22051|-2868
22053|-288
22055|-2089
22057|-1627
22059|-300
22061|720
22063|930
22065|86
22067|723
22069|1071
22071|4933
22073|1812
22075|-103
22077|-210
22079|945
22081|366
22083|335
22085|70
22087|-322
22089|83
22091|-874
22093|368
22095|86
22097|654
22099|-1499
22101|-1013
22103|1743
22105|4141
22107|121
22109|-1474
22111|230
22113|-1150
22115|78
22117|850
22119|461
22121|-91
22123|57
22125|-6
22127|59
23000|45162
24001|139
24003|1309
24005|2735
24009|781
24011|381
24013|190
24015|-270
24017|-25
24019|269
24021|476
24023|258
24025|759
24027|-467
24029|21
24031|-494
24033|6266
24035|127
24037|35
24039|205
24041|145
24043|54
24045|875
24047|773
24510|13298
25000|86693
26001|238
26003|186
26005|2714
26007|580
26009|808
26011|644
26013|74
26015|1323
26017|1597
26019|469
26021|3984
26023|1168
26025|4271
26027|1231
26029|658
26031|750
26033|849
26035|744
26037|949
26039|422
26041|529
26043|385
26045|1618
26047|1075
26049|8724
26051|741
26053|290
26055|2549
26057|899
26059|1182
26061|478
26063|769
26065|-921
26067|1456
26069|465
26071|35
26073|1209
26075|3186
26077|6168
26079|513
26081|13230
26083|26
26085|287
26087|1812
26089|421
26091|2012
26093|1375
26095|27
26097|283
26099|12469
26101|560
26103|696
26105|686
26107|988
26109|284
26111|1138
26113|545
26115|2817
26117|1691
26119|380
26121|5579
26123|1556
26125|16243
26127|802
26129|604
26131|172
26133|561
26135|384
26137|574
26139|4622
26141|260
26143|805
26145|5007
26147|3205
26149|2072
26151|1352
26153|112
26155|1430
26157|1065
26159|2405
26161|4652
26163|35712
26165|1244
27000|0
27001|0
27003|0
27005|0
27007|0
27009|0
27011|-6
27013|0
27015|0
27017|0
27019|0
27021|0
27023|0
27025|0
27027|0
27029|0
27031|0
27033|4
27035|3
27037|0
27039|42
27041|0
27043|0
27045|0
27047|0
27049|2
27051|0
27053|-5420
27055|-5
27057|9
27059|0
27061|0
27063|-5
27065|0
27067|9
27069|0
27071|-5
27073|0
27075|0
27077|0
27079|0
27081|1
27083|8
27085|0
27087|3
27089|3
27091|5
27093|-5
27095|0
27097|16
27099|0
27101|2
27103|0
27105|4
27107|-4
27109|0
27111|0
27113|5
27115|0
27117|2
27119|-5
27121|-1
27123|0
27125|0
27127|0
27129|0
27131|0
27133|-2
27135|2
27137|0
27139|0
27141|0
27143|0
27145|0
27147|0
27149|2
27151|5
27153|0
27155|0
27157|0
27159|0
27161|0
27163|0
27165|-2
27167|1
27169|-9
27171|0
27173|11
27175|0
27177|-8
28001|225
28003|1069
28005|256
28007|114
28009|297
28011|1005
28013|343
28015|47
28017|409
28019|157
28021|283
28023|173
28025|710
28027|678
28029|673
28031|-123
28033|1637
28035|807
28037|53
28039|358
28041|60
28043|534
28045|558
28047|2026
28049|5054
28051|744
28053|356
28055|28
28057|596
28059|848
28061|283
28063|94
28065|280
28067|1015
28069|167
28071|513
28073|584
28075|1549
28077|74
28079|438
28081|1956
28083|916
28085|554
28087|616
28089|957
28091|806
28093|648
28095|808
28097|5
28099|341
28101|562
28103|362
28105|483
28107|677
28109|855
28111|375
28113|108
28115|-4
28117|828
28119|395
28121|1414
28123|392
28125|221
28127|874
28129|229
28131|155
28133|827
28135|414
28137|742
28139|523
28141|453
28143|5
28145|507
28147|363
28149|513
28151|1808
28153|402
28155|235
28157|232
28159|389
28161|328
28163|598
29925|33569
30201|10897
31000|1952
32001|-539
32003|-56750
32005|5
32007|-641
32009|-15
32011|-28
32013|-435
32015|-33
32017|-59
32019|-691
32021|-125
32023|-899
32027|-29
32029|-8
32031|-4652
32033|-213
32510|-128
33000|13377
34001|-2455
34003|-5037
34005|-1302
34007|-970
34009|657
34011|1184
34013|1166
34015|2712
34017|-154
34019|222
34021|3273
34023|-4971
34025|-1446
34027|-208
34029|113
34031|-1460
34033|47
34035|453
34037|836
34039|-4113
34041|343
35001|-4010
35003|414
35005|-670
35006|-197
35007|-437
35009|-543
35011|346
35013|-1566
35015|-827
35017|-593
35019|-310
35021|43
35023|106
35025|-3428
35027|-75
35028|438
35029|-636
35031|-19899
35033|897
35034|21895
35035|-1003
35037|200
35039|-214
35041|19
35043|-2615
35045|-4297
35047|315
35049|-4171
35051|-2108
35053|-1407
35055|-153
35057|-872
35059|866
35061|300
35063|3613
36000|173496
37001|-471
37003|586
37005|32
37007|626
37009|316
37011|242
37013|-1700
37015|578
37017|290
37019|-110
37021|2438
37023|-53
37025|-4569
37027|-1288
37029|72
37031|-82
37033|68
37035|1950
37037|43
37039|15
37041|230
37043|250
37045|164
37047|-305
37049|-437
37051|-4328
37053|211
37055|588
37057|1206
37059|4
37061|-343
37063|-1954
37065|-328
37067|-3990
37069|471
37071|889
37073|39
37075|188
37077|550
37079|-74
37081|-15029
37083|699
37085|275
37087|97
37089|508
37091|-115
37093|-171
37095|-74
37097|-794
37099|-185
37101|351
37103|64
37105|435
37107|-440
37109|169
37111|52
37113|692
37115|292
37117|-118
37119|4682
37121|173
37123|243
37125|110
37127|-898
37129|23
37131|372
37133|-3841
37135|710
37137|-92
37139|-42
37141|0
37143|168
37145|10
37147|-3779
37149|115
37151|437
37153|-444
37155|-303
37157|825
37159|403
37161|837
37163|795
37165|-909
37167|432
37169|-99
37171|549
37173|260
37175|-30
37177|24
37179|1677
37181|-309
37183|-11479
37185|236
37187|110
37189|206
37191|-2833
37193|-163
37195|79
37197|216
37199|125
38001|28
38003|-34
38005|202
38009|-56
38011|-25
38013|13
38015|46
38017|-324
38019|23
38021|52
38023|-33
38025|23
38027|38
38029|4
38031|-16
38033|13
38035|-5
38037|4
38039|22
38041|-33
38043|-23
38045|-42
38047|3
38049|30
38051|23
38053|-82
38055|33
38057|24
38059|68
38061|74
38063|40
38065|4
38067|27
38069|-37
38071|118
38073|31
38075|-18
38077|35
38079|442
38081|-40
38083|24
38085|239
38089|-165
38091|36
38093|72
38095|-2
38097|72
38099|17
38101|-813
38103|53
38105|-367
39001|739
39003|2407
39005|571
39007|1321
39009|922
39011|699
39013|1364
39015|1169
39017|6182
39019|335
39021|178
39023|1070
39025|4300
39027|896
39029|-90
39031|319
39033|993
39035|2668
39037|875
39039|6608
39041|954
39043|1590
39045|1447
39047|837
39049|19816
39051|511
39053|211
39055|691
39057|1307
39059|817
39061|2421
39063|1087
39065|323
39067|94
39069|629
39071|1045
39073|0
39075|162
39077|775
39079|729
39081|-617
39083|1184
39085|2654
39087|818
39089|2302
39091|782
39093|3066
39095|1848
39097|451
39099|220
39101|738
39103|1011
39105|410
39107|653
39109|169
39111|75
39113|15247
39115|311
39117|641
39119|2025
39121|49
39123|379
39125|-5915
39127|679
39129|1519
39131|297
39133|2119
39135|774
39137|393
39139|2401
39141|2732
39143|1078
39145|-135
39147|1376
39149|342
39151|8845
39153|7645
39155|3098
39157|1193
39159|843
39161|342
39163|0
39165|1213
39167|208
39169|887
39171|764
39173|1084
39175|147
40001|370
40003|342
40005|137
40007|288
40009|-1249
40011|310
40013|415
40015|351
40017|-751
40019|-1070
40021|350
40023|958
40025|201
40027|-1406
40029|67
40031|179
40033|-391
40035|218
40037|69
40039|-1910
40041|662
40043|364
40045|2
40047|-668
40049|-463
40051|-135
40053|310
40055|792
40057|299
40059|279
40061|271
40063|-14
40065|-104
40067|-250
40069|22
40071|1014
40073|-122
40075|-337
40077|683
40079|72
40081|-727
40083|1979
40085|1713
40087|-24
40089|853
40091|370
40093|-99
40095|124
40097|-98
40099|27
40101|-21
40103|-306
40105|-210
40107|191
40109|4218
40111|71
40113|-1175
40115|328
40117|307
40119|62
40121|680
40123|41
40125|878
40127|-539
40129|64
40131|527
40133|406
40135|574
40137|-139
40139|-509
40141|-345
40143|-2783
40145|1318
40147|378
40149|1428
40151|637
40153|-1749
41000|96
42001|-747
42003|-2570
42005|-559
42007|-686
42009|-216
42011|-1444
42013|-689
42015|-1199
42017|-1245
42019|-777
42021|-952
42023|-14
42025|-80
42027|-239
42029|-941
42031|-50
42033|-77
42035|-391
42037|-377
42039|463
42041|-1961
42043|-5531
42045|-5817
42047|249
42049|-1013
42051|-726
42053|26
42055|-1314
42057|-28
42059|-550
42061|-266
42063|-1345
42065|-97
42067|68
42069|-2955
42071|-163
42073|-378
42075|-445
42077|-4207
42079|-3977
42081|-1441
42083|-142
42085|-294
42087|-103
42089|-665
42091|-4268
42093|-59
42095|-3790
42097|-1251
42099|13
42101|-23871
42103|-256
42105|-214
42107|-940
42109|346
42111|-954
42113|-17
42115|-487
42117|-880
42119|132
42121|-71
42123|-186
42125|-1852
42127|-109
42129|-1087
42131|-436
42133|-1912
44935|7393
45001|483
45003|1232
45005|422
45007|2717
45009|507
45011|729
45013|1073
45015|3360
45017|284
45019|3643
45021|1712
45023|1087
45025|1020
45027|785
45029|881
45031|1262
45033|495
45035|1094
45037|-114
45039|780
45041|1746
45043|910
45045|6372
45047|1684
45049|607
45051|3071
45053|391
45055|942
45057|1414
45059|1363
45061|450
45063|2728
45065|284
45067|917
45069|391
45071|654
45073|1239
45075|1242
45077|1738
45079|3431
45081|33
45083|2993
45085|1764
45087|485
45089|710
45091|3454
46003|29
46005|229
46007|71
46009|123
46011|139
46013|-62
46015|22
46019|19
46021|-1
46023|-30
46025|68
46027|217
46029|-74
46031|40
46033|33
46035|81
46037|76
46039|-45
46041|191
46043|24
46045|41
46047|26
46049|-25
46051|-2
46053|31
46055|20
46057|11
46059|26
46061|-30
46063|-5
46065|139
46067|25
46069|15
46071|22
46073|48
46075|-1
46077|-5
46079|-44
46081|96
46083|51
46085|-27
46087|50
46089|6
46091|18
46093|83
46095|-12
46097|7
46099|1612
46101|47
46103|717
46105|20
46107|5
46109|127
46111|43
46113|383
46115|77
46117|-21
46119|-11
46121|14
46123|37
46125|13
46127|127
46129|9
46135|310
46137|113
47001|2422
47003|1426
47005|627
47007|399
47009|3675
47011|3015
47013|1718
47015|592
47017|931
47019|1853
47021|1424
47023|524
47025|1331
47027|321
47029|1354
47031|1579
47033|582
47035|1634
47037|20194
47039|271
47041|944
47043|1659
47045|1411
47047|951
47049|865
47051|1234
47053|1735
47055|1123
47057|761
47059|2290
47061|973
47063|1999
47065|8179
47067|219
47069|1055
47071|1006
47073|1825
47075|953
47077|840
47079|1200
47081|1134
47083|238
47085|554
47087|376
47089|1753
47091|649
47093|8138
47095|158
47097|1202
47099|1248
47101|610
47103|1059
47105|1309
47107|1772
47109|1383
47111|902
47113|3978
47115|1307
47117|1026
47119|2687
47121|532
47123|1630
47125|3459
47127|165
47129|730
47131|585
47133|1135
47135|340
47137|165
47139|974
47141|2780
47143|1760
47145|1454
47147|2246
47149|8271
47151|1048
47153|717
47155|3850
47157|35084
47159|631
47161|330
47163|3263
47165|3792
47167|2157
47169|254
47171|583
47173|713
47175|278
47177|1224
47179|2013
47181|520
47183|1463
47185|1201
47187|2026
47189|3274
48001|201
48003|-343
48005|1098
48007|-94
48009|-19
48011|6
48013|-64
48015|79
48017|111
48019|74
48021|510
48023|69
48025|-476
48027|-2068
48029|17099
48031|130
48033|-8
48035|150
48037|1851
48039|2578
48041|877
48043|-5
48045|74
48047|-221
48049|-179
48051|132
48053|518
48055|223
48057|18
48059|-236
48061|7864
48063|-22
48065|6
48067|400
48069|366
48071|-51
48073|506
48075|107
48077|-122
48079|25
48081|-32
48083|59
48085|2543
48087|-25
48089|213
48091|471
48093|-40
48095|-32
48097|231
48099|-19
48101|22
48103|-118
48105|-134
48107|5
48109|59
48111|16
48113|29247
48115|34
48117|461
48119|127
48121|-961
48123|-125
48125|42
48127|39
48129|-31
48131|-438
48133|-157
48135|-2471
48137|-18
48139|1088
48141|13296
48143|332
48145|17
48147|115
48149|-45
48151|11
48153|75
48155|3
48157|-2201
48159|28
48161|-115
48163|224
48165|-159
48167|1692
48169|-81
48171|173
48173|-5
48175|-23
48177|108
48179|-422
48181|920
48183|-863
48185|-32
48187|1067
48189|611
48191|60
48193|24
48195|5
48197|34
48199|363
48201|-7774
48203|-416
48205|48
48207|16
48209|1601
48211|-39
48213|1254
48215|16022
48217|554
48219|-291
48221|-11
48223|83
48225|335
48227|11
48229|-37
48231|894
48233|5
48235|13
48237|-95
48239|160
48241|747
48243|-11
48245|2381
48247|-212
48249|-1086
48251|-27
48253|265
48255|-25
48257|1155
48259|28
48261|13
48263|4
48265|324
48267|22
48269|-9
48271|49
48273|-592
48275|75
48277|1107
48279|77
48281|392
48283|-56
48285|142
48287|-82
48289|59
48291|-128
48293|172
48295|-74
48297|-195
48299|299
48301|-1
48303|1518
48305|50
48307|110
48309|2968
48311|7
48313|206
48315|-218
48317|-62
48319|43
48321|811
48323|103
48325|375
48327|37
48329|-1381
48331|50
48333|74
48335|-56
48337|-213
48339|645
48341|408
48343|325
48345|-12
48347|888
48349|200
48351|320
48353|-128
48355|1545
48357|-133
48359|21
48361|708
48363|161
48365|-86
48367|724
48369|179
48371|-32
48373|472
48375|856
48377|-16
48379|1
48381|-14
48383|-117
48385|17
48387|393
48389|43
48391|12
48393|25
48395|295
48397|220
48399|201
48401|18
48403|-33
48405|56
48407|97
48409|-121
48411|26
48413|-88
48415|-283
48417|-14
48419|530
48421|-18
48423|1194
48425|138
48427|398
48429|-124
48431|13
48433|17
48435|26
48437|99
48439|8091
48441|-914
48443|-5
48445|-83
48447|16
48449|487
48451|538
48453|13693
48455|-106
48457|286
48459|-90
48461|-43
48463|100
48465|198
48467|457
48469|-31
48471|138
48473|-187
48475|-127
48477|-17
48479|2541
48481|467
48483|-33
48485|67
48487|-83
48489|623
48491|2978
48493|191
48495|-104
48497|3
48499|-11
48501|-166
48503|-55
48505|-271
48507|91
49925|283
50000|-564
51001|1359
51003|1155
51007|288
51009|182
51011|249
51013|274
51015|1028
51017|68
51019|958
51021|86
51023|-11
51025|432
51027|67
51029|474
51031|837
51033|446
51035|725
"5103|139
51037|201
51041|4093
51043|200
51045|-21
51047|692
51049|418
51051|-43
51053|618
51057|515
51059|1737
51061|720
51063|149
51065|270
51067|1011
51069|1222
51071|265
51073|692
51075|205
51077|201
51079|58
51081|136
51083|254
51085|802
51087|2580
51089|912
51091|30
51093|480
51095|464
51097|136
51099|492
51101|286
51103|295
51105|511
51107|421
51109|682
51111|321
51113|283
51115|122
51117|659
51119|198
51121|1075
51125|456
51127|134
51131|468
51133|129
51135|516
51137|591
51139|464
51141|342
51143|1222
51145|352
51147|347
51149|-43
51153|2376
51155|797
51157|87
51159|80
51161|988
51163|236
51165|844
51167|461
51169|441
51171|796
51173|566
51175|268
51177|1072
51179|1019
51181|101
51183|199
51185|284
51187|637
51191|751
51193|226
51195|917
51197|733
51199|289
51510|98
51515|0
51520|573
51530|214
51540|672
51550|2584
51570|133
51580|17
51590|955
51595|167
51600|209
51610|-51
51620|300
51630|514
51640|209
51650|3082
51660|811
51670|377
51678|78
51680|1883
51683|560
51685|80
51690|83
51700|4012
51710|6075
51720|92
51730|1192
51735|16
51740|1896
51750|244
51760|7963
51770|3263
51790|549
51800|1454
51810|3944
51820|548
51830|88
51840|525
52001|-491
52005|-120
53000|45771
54000|353507
55000|-487
55001|422
55003|-2138
55005|1058
55007|-1452
55009|2652
55011|-1031
55013|232
55015|554
55017|913
55019|-3010
55021|538
55023|257
55025|7634
55027|1236
55029|435
55031|1216
55033|594
55035|1583
55037|-557
55039|986
55041|-1103
55043|928
55045|659
55047|335
55049|203
55051|-634
55053|-2220
55055|1221
55057|313
55059|4955
55061|283
55063|22307
55065|316
55067|581
55069|-2590
55071|987
55073|3496
55075|684
55077|199
55078|556
55079|33692
55081|-5036
55083|415
55085|457
55087|1870
55089|671
55091|-614
55093|890
55095|891
55097|1177
55099|-1421
55101|4950
55103|384
55105|3828
55107|-1898
55109|968
55111|599
55113|-2051
55115|771
55117|2016
55119|-1812
55121|-2484
55123|-3027
55125|-1729
55127|2012
55129|265
55131|1510
55133|2822
55135|613
55137|246
55139|2358
55141|22602
55143|403
55145|26
55147|180
55149|8
55151|227
55153|48
55155|5
56000|3604
U.S.|1825300
|0
b|0
