COUNTY|DELTA
01001|446
01003|2991
01005|265
01007|203
01009|0
01011|265
01013|351
01015|3481
01017|950
01019|769
01021|859
01023|29
01025|437
01027|398
01029|160
01031|118
01033|1344
01035|146
01037|200
01039|632
01041|223
01043|1509
01045|933
01047|941
01049|1324
01051|2375
01053|1066
01055|1634
01057|192
01059|870
01061|841
01063|142
01065|43
01067|276
01069|956
01071|1075
01073|11890
01075|119
01077|1682
01079|788
01081|1425
01083|1943
01085|164
01087|1341
01089|2858
01091|496
01093|829
01095|2423
01097|5884
01099|323
01101|3853
01103|-85
01105|189
01107|408
01109|834
01111|584
01113|2094
01115|1202
01117|1315
01119|191
01121|2183
01123|847
01125|1229
01127|2066
01129|-103
01131|67
01133|450
02110|-5797
04001|711
04003|689
04005|146
04007|238
04009|234
04011|-39
04013|49911
04015|2711
04017|1393
04019|12838
04021|558
04023|258
04025|3782
04027|1743
04029|359
05001|166
05003|420
05005|562
05007|3974
05009|694
05011|222
05013|59
05015|643
05017|238
05019|411
05021|58
05023|525
05025|160
05027|189
05029|248
05031|2336
05033|1895
05035|1482
05037|409
05039|245
05041|546
05043|497
05045|1303
05047|490
05049|41
05051|598
05053|178
05055|1009
05057|710
05059|751
05061|204
05063|650
05065|314
05067|397
05069|2477
05071|497
05073|231
05075|378
05077|526
05079|541
05081|265
05083|693
05085|985
05087|304
05089|416
05091|837
05093|1320
05095|191
05097|163
05099|140
05101|217
05103|745
05105|290
05107|1151
05109|246
05111|794
05113|426
05115|1122
05117|221
05119|8917
05121|655
05123|893
05125|1875
05127|156
05129|53
05131|1546
05133|570
05135|59
05137|229
05139|972
05141|368
05143|6456
05145|947
05147|211
05149|650
05159|0
06001|10416
06003|30
06005|117
06007|192
06009|333
06011|35
06013|8270
06015|-68
06017|680
06019|16364
06021|160
06023|-572
06025|-372
06027|142
06029|-12910
06031|-501
06033|-596
06035|36
06037|93132
06039|-2450
06041|287
06043|176
06045|1260
06047|2574
06049|-146
06051|75
06053|1303
06055|518
06057|366
06059|7942
06061|1770
06063|-117
06065|13778
06067|12086
06069|963
06071|23859
06073|10252
06075|-735
06077|8554
06079|1004
06081|4131
06083|-2196
06085|13860
06087|-1472
06089|1071
06091|25
06093|396
06095|3042
06097|4405
06099|6646
06101|166
06103|871
06105|119
06107|3115
06109|138
06111|945
06113|404
06115|290
08003|90
08007|-76
08009|-79
08011|29
08013|969
08015|129
08017|-34
08019|79
08021|182
08023|21
08025|-88
08027|28
08029|-56
08031|9563
08033|13
08035|1282
08037|266
08039|156
08041|5094
08043|-460
08045|859
08047|97
08049|205
08051|72
08053|-11
08055|2
08057|32
08059|3880
08061|7
08063|50
08065|149
08067|-119
08069|2147
08071|-238
08073|-131
08075|-200
08077|-1695
08079|-12
08081|97
08083|-510
08085|358
08087|-87
08089|98
08091|62
08093|141
08095|36
08097|-19
08099|116
08101|-1522
08103|-9
08105|48
08107|192
08109|253
08111|12
08113|116
08115|-48
08117|360
08119|103
08121|-106
08123|-183
08125|-47
08127|5292
08129|4256
08131|278
09000|25702
10001|-58
10002|-46
10003|4091
11001|14848
12001|6619
12003|814
12005|5978
12007|762
12009|10338
12011|29477
12013|327
12015|3735
12017|3294
12019|3700
12021|4966
12023|2070
12025|37480
12027|1191
12029|315
12031|27166
12033|10411
12035|2472
12037|535
12039|2186
12041|462
12045|405
12047|494
12049|830
12051|1760
12053|4358
12055|1605
12057|40210
12059|744
12061|2892
12063|1449
12065|496
12067|240
12069|6459
12071|18992
12073|8030
12075|1036
12077|263
12079|852
12081|10588
12083|9075
12085|1874
12087|1263
12089|1812
12091|3613
12093|956
12095|30644
12097|5073
12099|22375
12101|9679
12103|26799
12105|13973
12107|3075
12109|3366
12111|5504
12113|2851
12115|9486
12117|7429
12119|1135
12121|1284
12123|747
12125|549
12127|14304
12129|789
12131|1328
12133|827
13001|-564
13003|10
13005|-152
13007|-95
13009|698
13011|447
13013|3698
13015|1930
13017|506
13019|469
13021|2421
13023|-161
13025|-104
13027|415
13029|63
13031|-192
13033|556
13035|686
13037|-116
13039|376
13043|-292
13045|544
13047|9219
13049|175
13051|3330
13053|-91
13055|-789
13057|2095
13059|10836
13061|152
13063|12054
13065|269
13067|14363
13069|675
13071|320
13073|-22
13075|109
13077|2350
13079|333
13081|-134
13083|58
13085|135
13087|878
13089|12482
13091|-500
13093|181
13095|1998
13097|3494
13099|494
13100|73
13103|-249
13105|317
13107|-1130
13109|-318
13111|-181
13113|679
13115|1532
13117|-174
13119|355
13121|15746
13123|-680
13125|-74
13127|611
13129|-618
13131|1
13133|-464
13135|17136
13137|-492
13139|7504
13141|166
13143|90
13145|27
13147|193
13149|71
13151|2386
13153|1593
13155|148
13157|-817
13159|-348
13161|19
13163|388
13165|262
13167|-104
13169|251
13171|400
13173|15
13175|1521
13177|-61
13179|-392
13181|29
13183|-38
13185|781
13187|-146
13189|137
13191|6
13193|207
13195|-558
13197|-48
13199|705
13201|-113
13205|360
13207|382
13209|-27
13211|-470
13213|-784
13215|4609
13217|-3755
13219|31
13221|-286
13223|1422
13225|490
13227|-156
13229|118
13231|534
13233|248
13235|-112
13237|-108
13239|-12
13241|-213
13243|-33
13245|5175
13247|331
13249|67
13251|12
13253|269
13255|-606
13257|-6
13259|10
13261|824
13263|53
13265|138
13267|-648
13269|-101
13271|-433
13273|-237
13275|1119
13277|596
13279|73
13281|-50
13283|66
13285|1303
13287|69
13289|54
13291|-129
13293|665
13295|-626
13297|-1621
13299|-353
13301|172
13303|112
13305|3447
13307|-42
13309|-46
13311|140
13313|-380
13315|-140
13317|66
13319|37
13321|203
14000|2278
15001|4271
15003|13226
15007|808
15009|3410
16000|23262
17001|-1387
17003|0
17005|0
17011|166
17012|-872
17015|0
17017|-1104
17019|1112
17021|347
17025|0
17027|0
17029|2139
17031|0
17033|343
17037|514
17041|0
17043|2438
17045|0
17049|0
17051|0
17055|925
17057|253
17061|0
17065|0
17067|2273
17073|-173
17075|0
17077|2831
17081|1013
17083|64
17085|0
17089|3763
17091|1546
17093|0
17095|278
17097|4354
17099|312
17101|2365
17105|0
17107|735
17109|41
17111|1828
17113|59
17115|137
17117|60
17119|5669
17121|1003
17123|0
17125|111
17127|36
17135|-259
17137|109
17139|0
17141|1168
17143|1660
17149|0
17151|0
17153|643
17157|-457
17159|-2546
17161|1929
17163|5113
17165|130
17167|858
17169|1437
17173|0
17177|438
17179|-53
17181|-8
17183|948
17185|-259
17187|337
17193|0
17195|-3
17197|1323
17199|662
17201|0
18001|568
18003|10599
18005|1624
18007|45
18009|567
18011|968
18013|367
18015|353
18017|1292
18019|2947
18021|922
18023|1110
18025|308
18027|452
18029|1211
18031|840
18033|899
18035|4828
18037|436
18039|6203
18041|1282
18043|1671
18045|603
18047|999
18049|673
18051|410
18053|2661
18055|935
18057|1663
18059|1510
18061|1090
18063|1795
18065|2268
18067|2768
18069|881
18071|1348
18073|599
18075|692
18077|862
18079|1335
18081|2651
18083|845
18085|1319
18087|586
18089|18968
18091|3327
18093|1643
18095|5118
18097|45112
18099|1054
18101|327
18103|1291
18105|2617
18107|956
18109|2494
18111|163
18113|1034
18115|146
18117|890
18119|832
18121|474
18123|314
18125|238
18127|3554
18129|246
18131|393
18133|946
18135|784
18137|695
18139|420
18141|9512
18143|897
18145|1456
18147|286
18149|897
18151|680
18153|460
18155|311
18157|2998
18159|542
18161|233
18163|6196
18165|390
18167|3885
18169|870
18171|216
18173|740
18175|1011
18177|2505
18179|502
18181|543
18183|766
19001|34
19003|33
19005|70
19007|198
19009|30
19011|248
19013|1459
19015|242
19017|109
19019|199
19021|288
19023|53
19025|42
19027|151
19029|187
19031|166
19033|554
19035|131
19037|-2
19039|-101
19041|172
19043|67
19045|888
19047|16
19049|287
19051|29
19053|90
19055|-70
19057|741
19059|-28
19061|342
19063|66
19065|80
19067|238
19069|70
19071|55
19073|201
19075|17
19077|58
19079|308
19081|-6
19083|147
19085|49
19087|270
19089|102
19091|94
19093|40
19095|33
19097|233
19099|453
19101|159
19103|583
19105|101
19107|60
19109|82
19111|526
19113|-79
19115|258
19117|219
19119|117
19121|164
19123|424
19125|179
19127|923
19129|-14
19131|61
19133|117
19135|25
19137|34
19139|862
19141|71
19143|57
19145|88
19147|114
19149|157
19151|-2
19153|1869
19155|1175
19157|75
19159|98
19161|75
19163|3416
19165|103
19167|148
19169|525
19171|163
19173|162
19175|45
19177|53
19179|684
19181|297
19183|296
19185|56
19187|259
19189|105
19191|103
19193|1687
19195|51
19197|24
20001|118
20003|95
20005|273
20007|21
20009|235
20011|182
20013|195
20015|914
20017|38
20019|28
20021|580
20023|38
20025|-25
20027|12
20029|149
20031|80
20033|-20
20035|334
20037|915
20039|55
20041|211
20043|184
20045|1172
20047|3
20049|59
20051|97
20053|52
20055|1137
20057|523
20059|846
20061|-22
20063|28
20065|30
20067|98
20069|41
20071|27
20073|97
20075|15
20077|29
20079|247
20081|-3
20083|12
20085|148
20087|189
20089|43
20091|4027
20093|-43
20095|80
20097|1
20099|404
20101|17
20103|1016
20105|60
20107|222
20109|25
20111|595
20113|117
20115|94
20117|79
20119|-22
20121|393
20123|101
20125|250
20127|92
20129|69
20131|104
20133|399
20135|22
20137|12
20139|191
20141|46
20143|75
20145|1
20147|78
20149|157
20151|7
20153|34
20155|448
20157|60
20159|-18
20161|262
20163|42
20165|17
20167|-19
20169|630
20171|-14
20173|9063
20175|297
20177|3684
20179|15
20181|173
20183|58
20185|-24
20187|30
20189|19
20191|322
20193|30
20195|-24
20197|54
20199|22
20201|-15
20203|-3
20205|197
20207|29
20209|4960
21001|312
21003|572
21005|189
21007|233
21009|1289
21011|527
21013|1292
21015|2080
21017|572
21019|1086
21021|643
21023|407
21025|559
21027|320
21029|2538
21031|561
21033|271
21035|766
21037|2113
21039|151
21041|520
21043|1176
21045|450
21047|1010
21049|738
21051|975
21053|419
21055|255
21057|353
21059|3277
21061|113
21063|201
21065|511
21067|7291
21069|228
21071|1159
21073|1425
21075|286
21077|549
21079|228
21081|1035
21083|901
21085|769
21087|364
21089|791
21091|56
21093|2806
21095|1167
21097|484
21099|852
21101|1698
21103|413
21105|15
21107|1189
21109|438
21111|32415
21113|1042
21115|846
21117|3291
21119|369
21121|1050
21123|398
21125|1227
21127|202
21129|474
21131|549
21133|249
21135|448
21137|1059
21139|303
21141|892
21143|62
21145|1690
21147|705
21149|225
21151|2421
21153|589
21155|678
21157|422
21159|422
21161|338
21163|802
21165|149
21167|415
21169|342
21171|320
21173|701
21175|345
21177|587
21179|1173
21181|272
21183|571
21185|301
21187|236
21189|396
21191|345
21193|959
21195|1458
21197|610
21199|1894
21201|52
21203|726
21205|978
21207|725
21209|1004
21211|1129
21213|514
21215|514
21217|667
21219|343
21221|387
21223|400
21225|151
21227|3849
21229|174
21231|505
21233|368
21235|1854
21237|340
21239|380
22001|-2778
22003|-634
22005|-638
22007|-482
22009|-1319
22011|-89
22013|-271
22015|-2416
22017|-2827
22019|-1063
22021|-267
22023|-496
22025|-127
22027|-399
22029|-580
22031|-278
22033|-138
22035|61
22037|249
22039|-722
22041|-663
22043|-319
22045|-3264
22047|389
22049|-510
22051|-4787
22053|-899
22055|-6516
22057|-4408
22059|-674
22061|-120
22063|-1145
22065|-227
22067|-24
22069|-389
22071|-1352
22073|-945
22075|-268
22077|-268
22079|-2271
22081|-121
22083|-351
22085|-837
22087|-579
22089|-374
22091|-1116
22093|70
22095|-582
22097|-1740
22099|-2992
22101|-2733
22103|-1587
22105|1748
22107|76
22109|-4642
22111|-287
22113|-2761
22115|-943
22117|-599
22119|-561
22121|-60
22123|-198
22125|-22
22127|-342
23000|13499
24001|1114
24003|5213
24005|12668
24009|1812
24011|1267
24013|1701
24015|1464
24017|1801
24019|1157
24021|2112
24023|347
24025|2548
24027|1074
24029|448
24031|9054
24033|17175
24035|548
24037|1380
24039|145
24041|357
24043|1993
24045|2277
24047|967
24510|16394
25000|19296
26001|147
26003|267
26005|3010
26007|863
26009|717
26011|645
26013|100
26015|1678
26017|1935
26019|345
26021|5042
26023|1115
26025|5666
26027|1374
26029|789
26031|694
26033|1080
26035|943
26037|719
26039|313
26041|884
26043|701
26045|2387
26047|1172
26049|14963
26051|35602
26053|232
26055|2736
26057|906
26059|1036
26061|597
26063|776
26065|-928
26067|1967
26069|610
26071|297
26073|1560
26075|4007
26077|7550
26079|586
26081|18695
26083|52
26085|328
26087|2025
26089|526
26091|2492
26093|2204
26095|107
26097|341
26099|15434
26101|510
26103|861
26105|1066
26107|1089
26109|433
26111|1376
26113|496
26115|3173
26117|1761
26119|267
26121|6336
26123|1944
26125|20256
26127|1148
26129|661
26131|244
26133|845
26135|302
26137|620
26139|4998
26141|185
26143|998
26145|6347
26147|4498
26149|2071
26151|1592
26153|157
26155|2242
26157|1707
26159|2940
26161|5474
26163|58205
26165|1075
27000|0
27001|0
27003|0
27005|0
27007|0
27009|0
27011|-2
27013|0
27015|0
27017|0
27019|0
27021|0
27023|0
27025|0
27027|0
27029|-1
27031|0
27033|-2
27035|28
27037|0
27039|46
27041|0
27043|0
27045|0
27047|0
27049|21
27051|4
27053|-5016
27055|18
27057|5
27059|0
27061|0
27063|1
27065|0
27067|11
27069|-1
27071|10
27073|0
27075|0
27077|0
27079|0
27081|5
27083|1
27085|0
27087|0
27089|8
27091|-5
27093|-5
27095|0
27097|9
27099|0
27101|0
27103|0
27105|1
27107|3
27109|0
27111|0
27113|1
27115|0
27117|-3
27119|2
27121|3
27123|0
27125|2
27127|0
27129|0
27131|0
27133|6
27135|2
27137|0
27139|0
27141|0
27143|0
27145|0
27147|0
27149|5
27151|0
27153|0
27155|1
27157|0
27159|0
27161|0
27163|0
27165|-9
27167|2
27169|-1
27171|0
27173|6
27175|0
27177|1
28001|810
28003|1368
28005|323
28007|366
28009|470
28011|2041
28013|591
28015|295
28017|775
28019|319
28021|560
28023|402
28025|1192
28027|1882
28029|1196
28031|321
28033|2054
28035|2233
28037|92
28039|642
28041|368
28043|768
28045|1673
28047|6071
28049|11252
28051|1284
28053|726
28055|51
28057|625
28059|3159
28061|413
28063|295
28065|557
28067|1064
28069|347
28071|960
28073|1465
28075|2544
28077|260
28079|452
28081|3195
28083|2375
28085|1142
28087|1958
28089|1769
28091|838
28093|1780
28095|1402
28097|220
28099|712
28101|554
28103|710
28105|1401
28107|1225
28109|1728
28111|379
28113|1214
28115|677
28117|994
28119|676
28121|2937
28123|971
28125|437
28127|936
28129|540
28131|532
28133|2063
28135|696
28137|1323
28139|979
28141|394
28143|599
28145|745
28147|417
28149|1394
28151|3818
28153|366
28155|365
28157|594
28159|590
28161|797
28163|1461
29925|82318
30201|-462
31000|-4043
32001|-300
32003|-31518
32005|-191
32007|-894
32009|-58
32011|-19
32013|-406
32015|-1
32017|-60
32019|16
32021|-2
32023|-307
32027|-73
32029|-9
32031|3631
32033|-114
32510|-154
33000|14110
34001|5948
34003|732
34005|4536
34007|4643
34009|995
34011|4464
34013|10472
34015|4667
34017|12928
34019|477
34021|3457
34023|337
34025|4378
34027|1962
34029|6510
34031|3666
34033|1354
34035|1865
34037|671
34039|4256
34041|828
35001|-132
35003|0
35005|-588
35006|-455
35007|41
35009|-436
35011|0
35013|-1893
35015|-2338
35017|337
35019|0
35021|0
35023|-239
35025|-4072
35027|-224
35028|0
35029|-57
35031|685
35033|0
35034|0
35035|-468
35037|-27
35039|343
35041|-412
35043|-323
35045|-4202
35047|221
35049|-2717
35051|-53
35053|-148
35055|284
35057|-571
35059|0
35061|2048
35063|3261
36000|111594
37001|1851
37003|748
37005|134
37007|1108
37009|509
37011|431
37013|536
37015|922
37017|1363
37019|1273
37021|6125
37023|2097
37025|1360
37027|1589
37029|164
37031|1796
37033|597
37035|4603
37037|751
37039|362
37041|464
37043|267
37045|2997
37047|1486
37049|1791
37051|5659
37053|384
37055|896
37057|4253
37059|259
37061|1263
37063|2392
37065|1759
37067|1011
37069|1628
37071|5819
37073|216
37075|378
37077|1229
37079|469
37081|8560
37083|1906
37085|2382
37087|1351
37089|1862
37091|760
37093|881
37095|33
37097|1828
37099|658
37101|3659
37103|204
37105|1211
37107|1068
37109|1538
37111|1232
37113|951
37115|624
37117|658
37119|23095
37121|229
37123|748
37125|785
37127|1709
37129|4412
37131|926
37133|841
37135|1107
37137|171
37139|756
37141|1339
37143|309
37145|897
37147|2332
37149|384
37151|2190
37153|1094
37155|5464
37157|2815
37159|2217
37161|1845
37163|1698
37165|1026
37167|1483
37169|635
37171|1570
37173|517
37175|864
37177|34
37179|3039
37181|2007
37183|3580
37185|748
37187|412
37189|488
37191|2196
37193|1795
37195|1188
37197|687
37199|362
38001|5
38003|-4
38005|184
38009|-3
38011|-35
38013|-58
38015|53
38017|-468
38019|36
38021|88
38023|17
38025|-18
38027|-51
38029|14
38031|-10
38033|30
38035|329
38037|-8
38039|32
38041|-17
38043|41
38045|-19
38047|-9
38049|3
38051|30
38053|-97
38055|-66
38057|-20
38059|-124
38061|-58
38063|16
38065|19
38067|-34
38069|10
38071|123
38073|-14
38075|-20
38077|-25
38079|244
38081|-16
38083|4
38085|181
38089|-336
38091|18
38093|68
38095|-16
38097|19
38099|-22
38101|-517
38103|0
38105|-355
39001|733
39003|1868
39005|259
39007|358
39009|807
39011|458
39013|421
39015|767
39017|7430
39019|256
39021|222
39023|1787
39025|4006
39027|823
39029|962
39031|267
39033|274
39035|2380
39037|648
39039|721
39041|370
39043|1271
39045|1184
39047|1160
39049|26902
39051|558
39053|-34
39055|244
39057|898
39059|579
39061|12066
39063|471
39065|364
39067|-249
39069|491
39071|631
39073|0
39075|222
39077|191
39079|295
39081|157
39083|510
39085|2696
39087|889
39089|1340
39091|478
39093|3142
39095|10423
39097|41
39099|1785
39101|571
39103|452
39105|395
39107|506
39109|807
39111|-46
39113|16992
39115|199
39117|755
39119|1943
39121|-83
39123|539
39125|0
39127|598
39129|935
39131|449
39133|1904
39135|348
39137|197
39139|1491
39141|-22252
39143|757
39145|1374
39147|918
39149|227
39151|27041
39153|3249
39155|1465
39157|36
39159|573
39161|170
39163|0
39165|1102
39167|36
39169|658
39171|922
39173|531
39175|-39
40001|693
40003|-445
40005|-445
40007|0
40009|-5094
40011|-589
40013|665
40015|21
40017|-1496
40019|-223
40021|-971
40023|44
40025|3
40027|-1630
40029|303
40031|-506
40033|-1366
40035|-5920
40037|-362
40039|3948
40041|-997
40043|6
40045|-1
40047|182
40049|-228
40051|-614
40053|366
40055|347
40057|172
40059|-2
40061|1027
40063|2495
40065|-5341
40067|-2482
40069|-270
40071|-311
40073|-997
40075|2798
40077|1224
40079|2386
40081|-631
40083|996
40085|4
40087|10
40089|-3083
40091|719
40093|112
40095|-69
40097|3232
40099|37
40101|258
40103|340
40105|-919
40107|-177
40109|-3731
40111|-273
40113|-428
40115|-1988
40117|-541
40119|-1376
40121|-668
40123|-1145
40125|136
40127|451
40129|0
40131|4210
40133|-2181
40135|2718
40137|2584
40139|734
40141|1792
40143|12754
40145|-1668
40147|-11140
40149|-1236
40151|1499
40153|-2455
41000|147
42001|-248
42003|3667
42005|-268
42007|672
42009|-77
42011|123
42013|-14
42015|-1256
42017|60
42019|-742
42021|-1665
42023|-64
42025|-734
42027|-7
42029|-122
42031|-63
42033|-328
42035|-236
42037|-340
42039|20
42041|-1186
42043|-4176
42045|-3595
42047|-120
42049|1202
42051|-1012
42053|-30
42055|-942
42057|-26
42059|-743
42061|-62
42063|-980
42065|-150
42067|89
42069|-2357
42071|378
42073|-790
42075|51
42077|-1569
42079|-5196
42081|-1472
42083|-82
42085|181
42087|-350
42089|-1578
42091|1254
42093|-60
42095|-883
42097|-911
42099|104
42101|-216
42103|-355
42105|-307
42107|-1139
42109|657
42111|-737
42113|-25
42115|-880
42117|-848
42119|42
42121|-198
42123|-191
42125|-1119
42127|-278
42129|-136
42131|-491
42133|-1035
44935|177356
45001|267
45003|2055
45005|279
45007|2789
45009|284
45011|661
45013|1919
45015|3255
45017|220
45019|4672
45021|1750
45023|698
45025|1131
45027|588
45029|962
45031|1266
45033|765
45035|1446
45037|337
45039|640
45041|3277
45043|1252
45045|5971
45047|1661
45049|577
45051|4023
45053|450
45055|896
45057|1744
45059|1451
45061|397
45063|3580
45065|275
45067|914
45069|433
45071|833
45073|1074
45075|2362
45077|2218
45079|5259
45081|135
45083|3844
45085|2083
45087|616
45089|886
45091|4295
46003|12
46005|17
46007|-36
46009|74
46011|259
46013|-10
46015|85
46019|63
46021|-8
46023|233
46025|16
46027|177
46029|-73
46031|83
46033|9
46035|138
46037|16
46039|3
46041|201
46043|21
46045|7
46047|14
46049|-27
46051|-18
46053|10
46055|-25
46057|-15
46059|-12
46061|-32
46063|2
46065|31
46067|48
46069|16
46071|47
46073|10
46075|3
46077|-27
46079|-58
46081|126
46083|-198
46085|-54
46087|-6
46089|-37
46091|39
46093|40
46095|24
46097|14
46099|1646
46101|96
46103|950
46105|-3
46107|20
46109|22
46111|-14
46113|265
46115|51
46117|-1
46119|-27
46121|95
46123|83
46125|-29
46127|77
46129|-12
46135|249
46137|39
47001|2506
47003|1896
47005|534
47007|444
47009|4262
47011|2537
47013|1796
47015|310
47017|906
47019|1500
47021|1579
47023|498
47025|1000
47027|219
47029|1294
47031|1176
47033|539
47035|1541
47037|34935
47039|395
47041|617
47043|1880
47045|1200
47047|1044
47049|923
47051|759
47053|1613
47055|1133
47057|695
47059|2098
47061|862
47063|1377
47065|4293
47067|117
47069|764
47071|871
47073|1449
47075|778
47077|939
47079|898
47081|1095
47083|185
47085|477
47087|373
47089|1882
47091|605
47093|11461
47095|228
47097|876
47099|1239
47101|634
47103|1891
47105|1219
47107|1401
47109|1158
47111|529
47113|2765
47115|1247
47117|1247
47119|3603
47121|468
47123|1175
47125|3129
47127|134
47129|678
47131|548
47133|955
47135|343
47137|204
47139|496
47141|2076
47143|1084
47145|1437
47147|2219
47149|8654
47151|686
47153|635
47155|2700
47157|33812
47159|445
47161|306
47163|3344
47165|4907
47167|1900
47169|234
47171|596
47173|628
47175|218
47177|1042
47179|2017
47181|659
47183|1073
47185|900
47187|2098
47189|3082
48001|-378
48003|-728
48005|1
48007|-452
48009|-41
48011|-28
48013|-590
48015|-324
48017|-27
48019|20
48021|-221
48023|-72
48025|-1085
48027|-3258
48029|3207
48031|76
48033|-4
48035|-127
48037|-674
48039|-1959
48041|-1339
48043|-17
48045|6
48047|-391
48049|106
48051|-256
48053|-118
48055|-170
48057|-212
48059|-318
48061|2796
48063|39
48065|-92
48067|-132
48069|20
48071|-281
48073|-301
48075|-108
48077|-166
48079|-14
48081|-47
48083|-28
48085|957
48087|-15
48089|-144
48091|-259
48093|-115
48095|-31
48097|-639
48099|-159
48101|7
48103|-106
48105|-130
48107|-82
48109|27
48111|-66
48113|23978
48115|-194
48117|53
48119|-79
48121|-778
48123|-370
48125|-95
48127|-243
48129|-26
48131|-763
48133|-259
48135|-4822
48137|-5
48139|-3
48141|7511
48143|81
48145|-150
48147|115
48149|-364
48151|-3
48153|-63
48155|-4
48157|-5621
48159|-224
48161|-386
48163|-153
48165|-386
48167|-2743
48169|-122
48171|30
48173|-1
48175|-112
48177|-236
48179|-804
48181|221
48183|-2160
48185|-471
48187|152
48189|-85
48191|-15
48193|-150
48195|-44
48197|10
48199|-621
48201|-62301
48203|-730
48205|-36
48207|-120
48209|97
48211|-110
48213|-348
48215|4611
48217|-206
48219|-741
48221|22
48223|-595
48225|-115
48227|-904
48229|-137
48231|378
48233|-563
48235|-27
48237|-223
48239|-232
48241|220
48243|4
48245|-11
48247|-303
48249|-2915
48251|-598
48253|-64
48255|-461
48257|-2
48259|163
48261|18
48263|-16
48265|296
48267|-19
48269|-14
48271|38
48273|-1338
48275|-3
48277|-455
48279|-49
48281|95
48283|-239
48285|-286
48287|-343
48289|-357
48291|-2134
48293|-103
48295|-154
48297|-523
48299|-243
48301|-3
48303|-2347
48305|-107
48307|-73
48309|-35
48311|2
48313|-95
48315|-296
48317|-188
48319|42
48321|-301
48323|-1277
48325|-244
48327|25
48329|-4455
48331|-163
48333|51
48335|-214
48337|-310
48339|-5909
48341|10
48343|-403
48345|-31
48347|-370
48349|122
48351|54
48353|-146
48355|-4042
48357|-293
48359|2
48361|-797
48363|-361
48365|-381
48367|-1094
48369|41
48371|-630
48373|-292
48375|-110
48377|75
48379|-129
48381|-844
48383|-127
48385|-41
48387|66
48389|-359
48391|-216
48393|2
48395|-417
48397|32
48399|-78
48401|-1256
48403|-27
48405|6
48407|-602
48409|-1571
48411|56
48413|-112
48415|-491
48417|-89
48419|-209
48421|7
48423|-1783
48425|-61
48427|-374
48429|-295
48431|-28
48433|-16
48435|-51
48437|-143
48439|-191
48441|-1455
48443|-4
48445|-350
48447|53
48449|-265
48451|-1919
48453|7816
48455|-411
48457|-384
48459|-634
48461|-121
48463|-407
48465|-713
48467|-634
48469|-2684
48471|-657
48473|-385
48475|-455
48477|-376
48479|-134
48481|-631
48483|-74
48485|-928
48487|-63
48489|398
48491|1786
48493|-212
48495|-273
48497|-789
48499|-365
48501|-135
48503|-187
48505|-301
48507|-231
49925|293
50000|-6
51001|910
51003|995
51007|178
51009|31
51011|30
51013|114
51015|598
51017|128
51019|798
51021|26
51023|142
51025|287
51027|-86
51029|208
51031|608
51033|635
51035|545
"5103|51
51037|169
51041|3387
51043|131
51045|-7
51047|579
51049|218
51051|-9
51053|464
51057|258
51059|-435
51061|604
51063|-39
51065|194
51067|865
51069|1014
51071|112
51073|492
51075|140
51077|348
51079|180
51081|256
51083|587
51085|568
51087|1769
51089|1141
51091|62
51093|463
51095|584
51097|140
51099|441
51101|205
51103|143
51105|-16
51107|-24
51109|652
51111|367
51113|409
51115|129
51117|706
51119|61
51121|616
51125|292
51127|149
51131|443
51133|183
51135|404
51137|581
51139|598
51141|299
51143|1256
51145|167
51147|213
51149|-17
51153|2566
51155|-8
51157|27
51159|12
51161|685
51163|154
51165|721
51167|595
51169|182
51171|703
51173|498
51175|78
51177|934
51179|1194
51181|44
51183|235
51185|197
51187|606
51191|436
51193|227
51195|33
51197|336
51199|197
51510|-420
51515|0
51520|284
51530|151
51540|557
51550|2514
51570|29
51580|87
51590|1308
51595|261
51600|-48
51610|-81
51620|47
51630|311
51640|110
51650|1533
51660|623
51670|133
51678|28
51680|1425
51683|272
51685|28
51690|586
51700|2772
51710|5597
51720|37
51730|822
51735|4
51740|1050
51750|170
51760|4454
51770|2117
51790|720
51800|1165
51810|4140
51820|482
51830|121
51840|205
52001|-424
52005|657
53000|201761
54001|102
54003|2602
54005|127
54007|-19
54009|3360
54011|3416
54013|-46
54015|243
54017|58
54019|815
54021|-164
54023|303
54025|645
54027|429
54029|-3022
54031|329
54033|328
54035|439
54037|1129
54039|5443
54041|-191
54043|638
54045|426
54047|545
54049|326
54051|344
54053|135
54055|879
54057|332
54059|86
54061|722
54063|154
54065|597
54067|138
54069|-213
54071|111
54073|-16
54075|2
54077|-26
54079|554
54081|461
54083|234
54085|-70
54087|200
54089|48
54091|46
54093|86
54095|-24
54097|-102
54099|1092
54101|-75
54103|-16
54105|93
54107|1240
54109|43
55000|9
55001|1003
55003|-2269
55005|838
55007|-1411
55009|2237
55011|-1054
55013|296
55015|412
55017|1049
55019|-3097
55021|532
55023|166
55025|10321
55027|414
55029|416
55031|1289
55033|634
55035|1826
55037|-510
55039|1453
55041|-1204
55043|508
55045|933
55047|235
55049|424
55051|-744
55053|-2185
55055|1551
55057|-967
55059|5221
55061|161
55063|21566
55065|333
55067|497
55069|-3052
55071|803
55073|2624
55075|750
55077|294
55078|462
55079|40174
55081|-5105
55083|663
55085|859
55087|2188
55089|773
55091|-644
55093|697
55095|384
55097|1248
55099|-1568
55101|3199
55103|897
55105|4707
55107|-2064
55109|820
55111|275
55113|-2131
55115|548
55117|2204
55119|-1930
55121|-2399
55123|-2872
55125|-1781
55127|1951
55129|357
55131|1498
55133|3209
55135|904
55137|421
55139|2964
55141|22955
55143|649
55145|33
55147|13
55149|114
55151|173
55153|88
55155|10
56000|-1826
U.S.|3660096
|0
b|0
