COUNTY|DELTA
01001|342
01003|3013
01005|712
01007|291
01009|0
01011|281
01013|353
01015|3606
01017|802
01019|967
01021|798
01023|466
01025|754
01027|476
01029|14
01031|269
01033|1102
01035|642
01037|132
01039|924
01041|194
01043|1816
01045|939
01047|2295
01049|1945
01051|1859
01053|1028
01055|2481
01057|258
01059|1213
01061|889
01063|402
01065|324
01067|337
01069|1682
01071|1183
01073|14091
01075|171
01077|1974
01079|783
01081|1507
01083|1907
01085|450
01087|1378
01089|3934
01091|566
01093|979
01095|3523
01097|9651
01099|857
01101|3988
01103|1086
01105|538
01107|569
01109|517
01111|505
01113|1705
01115|660
01117|1651
01119|725
01121|1660
01123|707
01125|2325
01127|2644
01129|289
01131|608
01133|562
02110|-14908
04001|1308
04003|1153
04005|1755
04007|941
04009|795
04011|135
04013|70676
04015|4424
04017|2727
04019|16033
04021|2870
04023|1070
04025|4478
04027|1558
04029|260
05001|642
05003|577
05005|746
05007|3622
05009|526
05011|236
05013|101
05015|544
05017|539
05019|410
05021|102
05023|14
05025|272
05027|663
05029|422
05031|1622
05033|1649
05035|2061
05037|558
05039|205
05041|574
05043|373
05045|1926
05047|782
05049|237
05051|1651
05053|94
05055|934
05057|495
05059|847
05061|449
05063|562
05065|584
05067|510
05069|2735
05071|374
05073|244
05075|438
05077|464
05079|643
05081|338
05083|801
05085|1048
05087|251
05089|347
05091|720
05093|1492
05095|348
05097|217
05099|126
05101|243
05103|716
05105|185
05107|1153
05109|416
05111|736
05113|479
05115|1103
05117|189
05119|7958
05121|746
05123|1213
05125|2110
05127|277
05129|244
05131|2034
05133|374
05135|422
05137|322
05139|1079
05141|585
05143|3963
05145|1706
05147|272
05149|488
05159|0
06001|13386
06003|19
06005|466
06007|1094
06009|247
06011|-161
06013|8320
06015|163
06017|1626
06019|21917
06021|149
06023|1159
06025|2360
06027|100
06029|6088
06031|1182
06033|920
06035|115
06037|49971
06039|2765
06041|564
06043|176
06045|1557
06047|4977
06049|-185
06051|101
06053|7206
06055|1398
06057|790
06059|30161
06061|2168
06063|4
06065|29790
06067|17807
06069|1299
06071|47909
06073|27652
06075|2483
06077|16538
06079|2256
06081|5742
06083|574
06085|18910
06087|1464
06089|1688
06091|38
06093|696
06095|5493
06097|5741
06099|10124
06101|1002
06103|1122
06105|124
06107|8236
06109|899
06111|8699
06113|2879
06115|697
08003|80
08007|-155
08009|-128
08011|-124
08013|265
08015|-39
08017|-15
08019|173
08021|152
08023|143
08025|20
08027|-36
08029|-149
08031|3449
08033|-26
08035|49
08037|227
08039|89
08041|3014
08043|-798
08045|946
08047|42
08049|141
08051|110
08053|16
08055|39
08057|15
08059|3166
08061|1
08063|-82
08065|136
08067|-263
08069|-711
08071|-21
08073|-61
08075|-160
08077|492
08079|-10
08081|124
08083|-561
08085|360
08087|122
08089|218
08091|66
08093|201
08095|88
08097|-71
08099|368
08101|-1030
08103|-74
08105|73
08107|137
08109|221
08111|6
08113|22
08115|52
08117|194
08119|452
08121|-11
08123|2459
08125|69
08127|8399
08129|3541
08131|-73
09000|41058
10001|-1427
10002|-4072
10003|8150
11001|21988
12001|5423
12003|711
12005|4095
12007|656
12009|14160
12011|38006
12013|385
12015|3649
12017|3264
12019|3280
12021|5400
12023|885
12025|76328
12027|1002
12029|124
12031|24688
12033|8904
12035|1963
12037|386
12039|2054
12041|485
12045|250
12047|966
12049|934
12051|1762
12053|3894
12055|1091
12057|38488
12059|228
12061|3646
12063|1073
12065|423
12067|220
12069|7032
12071|18218
12073|7120
12075|998
12077|151
12079|715
12081|9141
12083|9631
12085|2514
12087|831
12089|1561
12091|2981
12093|1016
12095|26424
12097|2848
12099|27241
12101|7870
12103|25071
12105|9796
12107|2628
12109|2797
12111|6732
12113|1958
12115|8531
12117|7556
12119|1082
12121|859
12123|1083
12125|306
12127|13304
12129|670
12131|997
12133|482
13001|44
13003|163
13005|25
13007|178
13009|599
13011|281
13013|3430
13015|2794
13017|613
13019|533
13021|3155
13023|190
13025|55
13027|442
13029|248
13031|-225
13033|668
13035|442
13037|-46
13039|898
13043|-132
13045|1251
13047|3817
13049|263
13051|4291
13053|-19
13055|-345
13057|1203
13059|6090
13061|70
13063|6550
13065|236
13067|10476
13069|994
13071|1051
13073|760
13075|379
13077|2769
13079|255
13081|579
13083|341
13085|109
13087|-632
13089|17933
13091|-166
13093|491
13095|2402
13097|2578
13099|162
13100|253
13103|614
13105|910
13107|150
13109|103
13111|-79
13113|1134
13115|2113
13117|307
13119|19
13121|4320
13123|245
13125|196
13127|1267
13129|614
13131|570
13133|-165
13135|12532
13137|-256
13139|6705
13141|138
13143|413
13145|78
13147|358
13149|255
13151|1244
13153|2236
13155|255
13157|154
13159|174
13161|245
13163|205
13165|-8
13167|67
13169|59
13171|1118
13173|351
13175|1076
13177|-338
13179|202
13181|312
13183|107
13185|1498
13187|131
13189|-2842
13191|2387
13193|-658
13195|1448
13197|678
13199|989
13201|192
13205|379
13207|447
13209|210
13211|-70
13213|136
13215|2816
13217|-1770
13219|53
13221|-93
13223|1771
13225|78
13227|269
13229|114
13231|467
13233|508
13235|217
13237|365
13239|24
13241|89
13243|-2
13245|6295
13247|1161
13249|71
13251|143
13253|157
13255|132
13257|507
13259|-6
13261|610
13263|206
13265|158
13267|168
13269|33
13271|-126
13273|134
13275|1139
13277|758
13279|485
13281|-27
13283|239
13285|498
13287|109
13289|197
13291|296
13293|448
13295|696
13297|285
13299|103
13301|53
13303|503
13305|1385
13307|91
13309|139
13311|281
13313|2187
13315|204
13317|292
13319|151
13321|401
14000|2255
15001|2104
15003|7179
15007|1339
15009|2375
16000|29327
17001|731
17003|0
17005|0
17011|-257
17012|-520
17015|0
17017|403
17019|-3291
17021|654
17025|0
17027|0
17029|1955
17031|-246
17033|-286
17037|4
17041|0
17043|1137
17045|0
17049|0
17051|0
17055|497
17057|377
17061|0
17065|0
17067|0
17073|55
17075|0
17077|1079
17081|354
17083|-20
17085|0
17089|-538
17091|-158
17093|0
17095|-156
17097|2692
17099|35
17101|2342
17105|0
17107|9
17109|-99
17111|-59
17113|255
17115|-1243
17117|384
17119|2176
17121|700
17123|0
17125|158
17127|-175
17135|83
17137|-336
17139|0
17141|343
17143|-267
17149|0
17151|0
17153|941
17157|-415
17159|-2063
17161|2165
17163|4955
17165|209
17167|113
17169|0
17173|0
17177|873
17179|-497
17181|-439
17183|2
17185|89
17187|84
17193|0
17195|-368
17197|-3700
17199|923
17201|-679
18001|513
18003|7011
18005|1218
18007|171
18009|285
18011|662
18013|213
18015|249
18017|683
18019|1903
18021|925
18023|920
18025|247
18027|537
18029|918
18031|654
18033|809
18035|2740
18037|285
18039|5198
18041|858
18043|1163
18045|486
18047|518
18049|614
18051|455
18053|1916
18055|747
18057|1014
18059|776
18061|703
18063|1081
18065|1243
18067|1983
18069|689
18071|1027
18073|577
18075|476
18077|596
18079|845
18081|1249
18083|607
18085|1472
18087|376
18089|11606
18091|2533
18093|939
18095|-127112
18097|27129
18099|768
18101|228
18103|1008
18105|1901
18107|811
18109|1508
18111|259
18113|883
18115|78
18117|428
18119|634
18121|262
18123|128
18125|154
18127|2583
18129|259
18131|397
18133|769
18135|783
18137|426
18139|369
18141|6134
18143|640
18145|792
18147|85
18149|422
18151|351
18153|439
18155|250
18157|2883
18159|411
18161|234
18163|4193
18165|343
18167|2553
18169|521
18171|163
18173|535
18175|754
18177|1765
18179|459
18181|334
18183|451
19001|93
19003|32
19005|111
19007|293
19009|-31
19011|83
19013|1593
19015|385
19017|177
19019|123
19021|513
19023|183
19025|60
19027|149
19029|145
19031|169
19033|451
19035|206
19037|68
19039|38
19041|96
19043|191
19045|1021
19047|102
19049|311
19051|124
19053|124
19055|49
19057|278
19059|109
19061|769
19063|153
19065|186
19067|211
19069|60
19071|52
19073|112
19075|40
19077|133
19079|385
19081|46
19083|243
19085|68
19087|236
19089|165
19091|33
19093|125
19095|85
19097|201
19099|385
19101|127
19103|389
19105|113
19107|141
19109|40
19111|100
19113|201
19115|186
19117|115
19119|93
19121|119
19123|474
19125|248
19127|825
19129|78
19131|7
19133|42
19135|41
19137|97
19139|700
19141|33
19143|66
19145|181
19147|51
19149|18
19151|113
19153|3474
19155|1439
19157|46
19159|129
19161|139
19163|3903
19165|71
19167|259
19169|549
19171|161
19173|138
19175|97
19177|6
19179|512
19181|178
19183|263
19185|106
19187|331
19189|136
19191|113
19193|1873
19195|58
19197|-95
20001|347
20003|32
20005|391
20007|4
20009|557
20011|169
20013|182
20015|586
20017|55
20019|21
20021|551
20023|8
20025|-18
20027|17
20029|138
20031|47
20033|58
20035|870
20037|721
20039|29
20041|153
20043|134
20045|1274
20047|-25
20049|-16
20051|381
20053|24
20055|1147
20057|587
20059|703
20061|135
20063|10
20065|-8
20067|60
20069|71
20071|5
20073|92
20075|-51
20077|-4
20079|-93
20081|0
20083|-16
20085|28
20087|112
20089|37
20091|3254
20093|15
20095|-39
20097|19
20099|272
20101|11
20103|1089
20105|31
20107|150
20109|49
20111|575
20113|90
20115|34
20117|159
20119|86
20121|456
20123|10
20125|690
20127|69
20129|12
20131|66
20133|192
20135|80
20137|2
20139|163
20141|9
20143|57
20145|44
20147|69
20149|268
20151|129
20153|2
20155|856
20157|6
20159|85
20161|209
20163|32
20165|-30
20167|80
20169|888
20171|23
20173|9346
20175|620
20177|3031
20179|-26
20181|59
20183|53
20185|14
20187|31
20189|97
20191|214
20193|42
20195|15
20197|24
20199|12
20201|65
20203|5
20205|109
20207|70
20209|4910
21001|-9
21003|184
21005|118
21007|-5
21009|208
21011|-11
21013|524
21015|798
21017|63
21019|135
21021|443
21023|143
21025|132
21027|-117
21029|1052
21031|183
21033|51
21035|139
21037|1444
21039|10
21041|270
21043|491
21045|46
21047|-286
21049|278
21051|247
21053|-2
21055|128
21057|153
21059|1518
21061|-13
21063|23
21065|49
21067|4076
21069|37
21071|697
21073|823
21075|-94
21077|252
21079|-136
21081|412
21083|-81
21085|39
21087|93
21089|308
21091|6
21093|738
21095|895
21097|69
21099|129
21101|754
21103|440
21105|-31
21107|395
21109|150
21111|17257
21113|893
21115|476
21117|1509
21119|178
21121|337
21123|-43
21125|-207
21127|221
21129|79
21131|176
21133|549
21135|222
21137|552
21139|41
21141|339
21143|93
21145|495
21147|370
21149|97
21151|127
21153|213
21155|83
21157|111
21159|395
21161|-11
21163|43
21165|-39
21167|81
21169|50
21171|68
21173|120
21175|115
21177|127
21179|737
21181|108
21183|-127
21185|330
21187|74
21189|122
21191|50
21193|80
21195|830
21197|91
21199|645
21201|72
21203|229
21205|64
21207|288
21209|288
21211|664
21213|193
21215|330
21217|-24
21219|88
21221|-69
21223|206
21225|-82
21227|413
21229|-50
21231|37
21233|83
21235|466
21237|76
21239|378
22001|-502
22003|-102
22005|-168
22007|-191
22009|-76
22011|-28
22013|30
22015|-669
22017|1557
22019|206
22021|-158
22023|-116
22025|29
22027|60
22029|13
22031|166
22033|3156
22035|136
22037|157
22039|-127
22041|-173
22043|-113
22045|-886
22047|56
22049|-48
22051|1658
22053|-166
22055|-3023
22057|-1762
22059|-136
22061|185
22063|247
22065|1
22067|175
22069|362
22071|3471
22073|-612
22075|-93
22077|-12
22079|-892
22081|-28
22083|-69
22085|-171
22087|213
22089|59
22091|-40
22093|114
22095|-236
22097|-665
22099|-449
22101|-643
22103|-1217
22105|83
22107|18
22109|-1205
22111|32
22113|-756
22115|-250
22117|-308
22119|280
22121|146
22123|-36
22125|16
22127|27
23000|19584
24001|879
24003|8476
24005|11753
24009|2355
24011|380
24013|2272
24015|2020
24017|2948
24019|1009
24021|3094
24023|514
24025|2421
24027|2168
24029|303
24031|10850
24033|18687
24035|912
24037|1971
24039|426
24041|300
24043|2400
24045|2045
24047|873
24510|24259
25000|12332
26001|17
26003|163
26005|1720
26007|630
26009|270
26011|277
26013|92
26015|1028
26017|1545
26019|196
26021|3432
26023|836
26025|3091
26027|1069
26029|536
26031|471
26033|615
26035|705
26037|365
26039|184
26041|735
26043|556
26045|1716
26047|670
26049|10892
26051|443
26053|74
26055|1428
26057|621
26059|449
26061|411
26063|283
26065|153
26067|1222
26069|672
26071|361
26073|944
26075|2792
26077|4400
26079|384
26081|15538
26083|77
26085|184
26087|1529
26089|178
26091|1719
26093|2138
26095|36
26097|134
26099|12485
26101|248
26103|739
26105|781
26107|877
26109|331
26111|1095
26113|225
26115|1293
26117|1112
26119|174
26121|3573
26123|1172
26125|17736
26127|454
26129|513
26131|106
26133|416
26135|84
26137|500
26139|3210
26141|176
26143|706
26145|3814
26147|2919
26149|1420
26151|915
26153|157
26155|1711
26157|1504
26159|1257
26161|4810
26163|45082
26165|709
27000|0
27001|0
27003|0
27005|0
27007|0
27009|0
27011|5
27013|0
27015|0
27017|0
27019|0
27021|0
27023|0
27025|0
27027|0
27029|-3
27031|0
27033|1
27035|45
27037|0
27041|0
27043|0
27045|0
27047|0
27049|26
27051|5
27053|82
27055|23
27057|8
27059|0
27061|0
27063|4
27065|0
27067|15
27069|0
27071|11
27073|0
27075|0
27077|-3
27079|0
27081|3
27083|9
27085|0
27087|5
27089|7
27091|2
27093|7
27095|0
27097|-1
27099|0
27101|3
27103|0
27105|2
27107|-1
27109|0
27111|0
27113|-1
27115|0
27117|-1
27119|9
27121|8
27123|0
27125|1
27127|0
27129|0
27131|0
27133|8
27135|1
27137|0
27139|0
27141|0
27143|0
27145|0
27147|0
27149|5
27151|3
27153|0
27155|-2
27157|0
27159|0
27163|0
27165|3
27167|4
27169|30
27171|0
27173|2
27175|0
27177|4
27179|-775
28001|1072
28003|1244
28005|193
28007|311
28009|442
28011|1780
28013|590
28015|463
28017|915
28019|328
28021|655
28023|521
28025|1079
28027|1645
28029|957
28031|668
28033|1805
28035|2867
28037|207
28039|738
28041|377
28043|721
28045|1693
28047|4361
28049|11022
28051|1186
28053|692
28055|70
28057|473
28059|3020
28061|456
28063|288
28065|619
28067|1217
28069|316
28071|1115
28073|1801
28075|2174
28077|356
28079|661
28081|2637
28083|1931
28085|1328
28087|1965
28089|1549
28091|793
28093|1577
28095|1592
28097|378
28099|955
28101|470
28103|519
28105|1386
28107|1654
28109|1969
28111|343
28113|1444
28115|731
28117|708
28119|475
28121|3166
28123|983
28125|316
28127|1127
28129|622
28131|183
28133|1872
28135|547
28137|918
28139|1003
28141|166
28143|740
28145|627
28147|389
28149|1698
28151|3515
28153|810
28155|310
28157|541
28159|566
28161|543
28163|1484
29925|88309
30201|-2571
31000|3814
32001|274
32003|-10161
32005|146
32007|-384
32009|-39
32011|4
32013|-160
32015|-20
32017|-5
32019|309
32021|19
32023|-23
32027|-75
32029|-3
32031|6807
32033|73
32510|455
33000|11766
34001|7147
34003|5885
34005|6243
34007|6252
34009|1306
34011|4257
34013|16527
34015|3731
34017|16205
34019|507
34021|3241
34023|5693
34025|5742
34027|2054
34029|10848
34031|10067
34033|1075
34035|2193
34037|562
34039|7613
34041|447
35001|1086
35003|0
35005|537
35006|249
35007|-21
35009|-394
35011|0
35013|699
35015|-59
35017|130
35019|59
35021|0
35023|55
35025|-309
35027|-96
35028|0
35029|18
35031|428
35033|0
35034|0
35035|-897
35037|-79
35039|618
35041|-201
35043|272
35045|-1271
35047|427
35049|2295
35051|55
35053|-225
35055|-46
35057|-384
35059|0
35061|1243
35063|0
36000|143533
37001|24878
37003|5196
37005|1849
37007|6490
37009|4464
37011|2268
37013|10424
37015|5473
37017|8303
37019|16978
37021|35025
37023|14631
37025|24931
37027|15067
37029|930
37031|9180
37033|4942
37035|25898
37037|6460
37039|4864
37041|3185
37043|1780
37045|23880
37047|13424
37049|16062
37051|69523
37053|2344
37055|3325
37057|28167
37059|5362
37061|10753
37063|44070
37065|17706
37067|59356
37069|10891
37071|41429
37073|1840
37075|1544
37077|8073
37079|4531
37081|95587
37083|16358
37085|21082
37087|10355
37089|12203
37091|6346
37093|10638
37095|1038
37097|15477
37099|5576
37101|29336
37103|2285
37105|11498
37107|14715
37109|11088
37111|9579
37113|5542
37115|3582
37117|5703
37119|150597
37121|2399
37123|5246
37125|10742
37127|18108
37129|28931
37131|5636
37133|24030
37135|11352
37137|2083
37139|8277
37141|9072
37143|2635
37145|7561
37147|33301
37149|2578
37151|24068
37153|13820
37155|43576
37157|17168
37159|24843
37161|14488
37163|13501
37165|11355
37167|9736
37169|6531
37171|13661
37173|2596
37175|5368
37177|841
37179|22463
37181|14899
37183|81721
37185|5075
37187|3390
37189|3524
37191|26774
37193|14142
37195|17605
37197|5431
37199|3300
38001|-19
38003|53
38005|74
38009|79
38011|18
38013|-8
38015|-14
38017|-94
38019|12
38021|52
38023|28
38025|-100
38027|-72
38029|-3
38031|-3
38033|19
38035|206
38037|-10
38039|-20
38041|-22
38043|56
38045|21
38047|-15
38049|-12
38051|23
38053|4
38055|58
38057|-5
38059|-100
38061|-10
38063|6
38065|-18
38067|-50
38069|73
38071|-86
38073|-13
38075|2
38077|90
38079|218
38081|3
38083|5
38085|43
38089|-185
38091|9
38093|107
38095|-16
38097|62
38099|103
38101|135
38103|-41
38105|-65
39001|843
39003|1405
39005|767
39007|1610
39009|790
39011|545
39013|270
39015|664
39017|7020
39019|453
39021|594
39023|5071
39025|2170
39027|1039
39029|1835
39031|114
39033|353
39035|1900
39037|187
39039|-5156
39041|486
39043|1264
39045|3274
39047|649
39049|36993
39051|280
39053|125
39055|319
39057|1149
39059|745
39061|20368
39063|446
39065|48
39067|11
39069|318
39071|621
39073|0
39075|289
39077|415
39079|160
39081|914
39083|407
39085|2399
39087|741
39089|2471
39091|264
39093|2534
39095|11239
39097|121
39099|3191
39101|1008
39103|573
39105|485
39107|436
39109|940
39111|347
39113|11668
39115|252
39117|718
39119|1665
39121|90
39123|389
39125|6028
39127|485
39129|539
39131|618
39133|1138
39135|263
39137|184
39139|594
39141|2164
39143|576
39145|1468
39147|467
39149|322
39151|2693
39153|8411
39155|902
39157|892
39159|542
39161|464
39163|0
39165|1034
39167|168
39169|1543
39171|790
39173|358
39175|109
40001|402
40003|-226
40005|-150
40007|-275
40009|2332
40011|122
40013|1192
40015|489
40017|-189
40019|1840
40021|58
40023|-189
40025|-225
40027|-10
40029|130
40031|-73
40033|507
40035|-868
40037|1204
40039|-697
40041|423
40043|-297
40045|-391
40047|1014
40049|180
40051|467
40053|-208
40055|-735
40057|-476
40059|-271
40061|578
40063|471
40065|436
40067|555
40069|202
40071|-201
40073|187
40075|749
40077|-11
40079|846
40081|2156
40083|-1014
40085|-1347
40087|703
40089|640
40091|-669
40093|203
40095|-62
40097|795
40099|68
40101|-407
40103|559
40105|-663
40107|-116
40109|9826
40111|593
40113|2248
40115|20
40117|-512
40119|-1022
40121|-256
40123|388
40125|-1008
40127|992
40129|-355
40131|3159
40133|-712
40135|1768
40137|-578
40139|1075
40141|885
40143|4341
40145|-1579
40147|-7484
40149|-415
40151|-551
40153|1778
41000|107
42001|544
42003|8652
42005|536
42007|1309
42009|391
42011|1340
42013|828
42015|221
42017|977
42019|70
42021|-519
42023|7
42025|-596
42027|698
42029|1198
42031|236
42033|477
42035|-29
42037|419
42039|349
42041|504
42043|-509
42045|-8
42047|69
42049|2118
42051|1221
42053|38
42055|685
42057|91
42059|2
42061|578
42063|184
42065|339
42067|113
42069|-1405
42071|3402
42073|27
42075|226
42077|-964
42079|-3459
42081|-46
42083|227
42085|310
42087|44
42089|48
42091|4248
42093|125
42095|717
42097|-141
42099|-35
42101|9201
42103|-124
42105|117
42107|-362
42109|473
42111|-10
42113|-6
42115|-217
42117|-3
42119|38
42121|167
42123|28
42125|582
42127|103
42129|1905
42131|94
42133|61
44935|12793
45001|576
45003|3704
45005|307
45007|4015
45009|436
45011|860
45013|3207
45015|3884
45017|301
45019|6866
45021|1860
45023|829
45025|1483
45027|932
45029|1631
45031|1594
45033|1180
45035|2420
45037|1076
45039|608
45041|3707
45043|1645
45045|8755
45047|1166
45049|725
45051|6627
45053|776
45055|932
45057|1963
45059|1975
45061|644
45063|5041
45065|171
45067|921
45069|851
45071|1121
45073|1235
45075|3331
45077|2076
45079|6333
45081|488
45083|6616
45085|2960
45087|837
45089|969
45091|5035
46003|5
46005|355
46007|-34
46009|20
46011|-14
46013|293
46015|48
46019|179
46021|-1
46023|211
46025|43
46027|58
46029|198
46031|55
46033|88
46035|232
46037|13
46039|66
46041|51
46043|12
46045|-19
46047|92
46049|27
46051|72
46053|58
46055|-9
46057|77
46059|-9
46061|12
46063|10
46065|-75
46067|68
46069|6
46071|93
46073|-3
46075|-2
46077|32
46079|120
46081|119
46083|-56
46085|84
46087|-26
46089|-5
46091|15
46093|229
46095|90
46097|-7
46099|1309
46101|84
46103|1285
46105|47
46107|6
46109|179
46111|-19
46113|372
46115|45
46117|42
46119|-6
46121|330
46123|4
46125|44
46127|189
46129|83
46135|204
46137|44
47001|1516
47003|821
47005|189
47007|336
47009|3147
47011|1018
47013|1246
47015|186
47017|997
47019|938
47021|1346
47023|409
47025|808
47027|140
47029|1005
47031|411
47033|513
47035|1241
47037|28000
47039|275
47041|292
47043|1144
47045|728
47047|1184
47049|679
47051|364
47053|952
47055|299
47057|469
47059|1225
47061|477
47063|1269
47065|2028
47067|97
47069|622
47071|599
47073|1025
47075|669
47077|766
47079|740
47081|799
47083|45
47085|179
47087|314
47089|1272
47091|249
47093|9364
47095|211
47097|774
47099|987
47101|456
47103|1075
47105|921
47107|358
47109|1097
47111|507
47113|-78
47115|512
47117|588
47119|2464
47121|125
47123|1077
47125|-737
47127|60
47129|464
47131|739
47133|433
47135|294
47137|164
47139|133
47141|1190
47143|137
47145|1005
47147|1304
47149|4090
47151|466
47153|267
47155|2119
47157|17325
47159|383
47161|254
47163|2665
47165|3894
47167|1746
47169|246
47171|221
47173|621
47175|76
47177|498
47179|1771
47181|414
47183|762
47185|514
47187|1333
47189|2476
48001|-202
48003|5
48005|-1100
48007|-6
48009|-89
48011|-29
48013|-862
48015|-78
48017|-88
48019|79
48021|-1202
48023|-20
48025|-770
48027|-4986
48029|-16336
48031|82
48033|-7
48035|8
48037|-996
48039|-5038
48041|-1337
48043|149
48045|-35
48047|65
48049|104
48051|-182
48053|-72
48055|-691
48057|-306
48059|61
48061|-1157
48063|152
48065|-40
48067|-54
48069|-48
48071|-504
48073|-53
48075|-29
48077|109
48079|4
48081|11
48083|-64
48085|-1271
48087|106
48089|-67
48091|-1036
48093|14
48095|52
48097|-312
48099|-428
48101|39
48103|72
48105|119
48107|83
48109|5
48111|38
48113|28735
48115|142
48117|103
48119|62
48121|553
48123|-260
48125|-9
48127|123
48129|62
48131|-166
48133|42
48135|393
48137|-17
48139|279
48141|7092
48143|272
48145|46
48147|8
48149|-78
48151|-19
48153|4
48155|18
48157|-7295
48159|33
48161|2
48163|12
48165|38
48167|-4311
48169|60
48171|169
48173|13
48175|-156
48177|-194
48179|-27
48181|-148
48183|115
48185|-126
48187|-524
48189|243
48191|-24
48193|14
48195|62
48197|63
48199|-863
48201|-62020
48203|476
48205|-24
48207|-92
48209|-926
48211|58
48213|-681
48215|5859
48217|-195
48219|-70
48221|265
48223|-132
48225|-438
48227|-93
48229|-77
48231|174
48233|-260
48235|15
48237|-13
48239|-333
48241|-457
48243|46
48245|-1783
48247|102
48249|-1207
48251|788
48253|-114
48255|-457
48257|-637
48259|223
48261|18
48263|4
48265|189
48267|40
48269|15
48271|-14
48273|-530
48275|-12
48277|-44
48279|-51
48281|-77
48283|-1
48285|-418
48287|-202
48289|-285
48291|-1922
48293|-137
48295|41
48297|-328
48299|-60
48301|-7
48303|-1330
48305|19
48307|143
48309|-1811
48311|-4
48313|-200
48315|-6
48317|-10
48319|36
48321|-279
48323|152
48325|133
48327|-6
48329|-993
48331|103
48333|-30
48335|-10
48337|196
48339|-6747
48341|324
48343|-94
48345|-26
48347|-340
48349|601
48351|77
48353|-52
48355|-7399
48357|166
48359|-17
48361|-638
48363|-81
48365|-96
48367|-600
48369|-36
48371|117
48373|-548
48375|1013
48377|420
48379|-98
48381|-77
48383|45
48385|-65
48387|-68
48389|222
48391|-175
48393|-4
48395|-235
48397|120
48399|39
48401|-160
48403|-97
48405|98
48407|-682
48409|-1690
48411|-48
48413|44
48415|7
48417|-38
48419|-33
48421|-13
48423|-884
48425|-32
48427|908
48429|-24
48431|-20
48433|-21
48435|1
48437|17
48439|5631
48441|-534
48443|-5
48445|35
48447|-9
48449|-171
48451|267
48453|6140
48455|-195
48457|-542
48459|168
48461|-45
48463|-114
48465|360
48467|-375
48469|-2388
48471|-259
48473|-179
48475|43
48477|-221
48479|3507
48481|-457
48483|12
48485|-116
48487|-4
48489|370
48491|-613
48493|-455
48495|-19
48497|68
48499|16
48501|13
48503|130
48505|136
48507|112
49925|261
50000|-285
51001|662
51003|981
51007|202
51009|218
51011|199
51013|286
51015|483
51017|94
51019|556
51021|70
51023|373
51025|332
51027|453
51029|309
51031|850
51033|884
51035|698
"5103|94
51037|192
51041|2074
51043|61
51045|125
51047|684
51049|163
51051|498
51053|343
51057|160
51059|5225
51061|459
51063|18
51065|-1
51067|1046
51069|626
51071|162
51073|489
51075|152
51077|414
51079|206
51081|265
51083|772
51085|345
51087|2326
51089|1663
51091|35
51093|445
51095|603
51097|134
51099|506
51101|244
51103|86
51105|530
51107|231
51109|618
51111|363
51113|391
51115|108
51117|510
51119|124
51121|928
51125|317
51127|91
51131|291
51133|159
51135|317
51137|220
51139|762
51141|356
51143|1076
51145|102
51147|272
51149|117
51153|3086
51155|18
51157|35
51159|116
51161|943
51163|419
51165|678
51167|693
51169|304
51171|566
51173|657
51175|419
51177|1103
51179|671
51181|148
51183|189
51185|703
51187|293
51191|780
51193|134
51195|640
51197|89
51199|232
51510|-445
51515|0
51520|275
51530|122
51540|705
51550|2788
51570|-54
51580|24
51590|1241
51595|393
51600|-122
51610|-68
51620|81
51630|250
51640|219
51650|1222
51660|787
51670|244
51678|-5
51680|1320
51683|459
51685|98
51690|675
51700|3728
51710|6615
51720|109
51730|550
51735|59
51740|1712
51750|156
51760|6193
51770|1875
51790|600
51800|1148
51810|3930
51820|561
51830|11
51840|369
52001|-1068
52005|1002
53000|143177
54001|240
54003|2487
54005|641
54007|269
54009|3183
54011|2760
54013|62
54015|268
54017|161
54019|654
54021|-27
54023|57
54025|596
54027|315
54029|-2687
54031|296
54033|1676
54035|356
54037|887
54039|3869
54041|226
54043|543
54045|645
54047|1175
54049|963
54051|571
54053|250
54055|1244
54057|351
54059|831
54061|1236
54063|140
54065|513
54067|161
54069|29
54071|170
54073|97
54075|116
54077|216
54079|517
54081|1223
54083|261
54085|103
54087|166
54089|-65
54091|153
54093|143
54095|114
54097|233
54099|380
54101|-33
54103|122
54105|145
54107|1454
54109|819
55000|36
55001|194
55003|245
55005|647
55007|190
55009|2791
55011|-60
55013|274
55015|272
55017|801
55019|199
55021|917
55023|113
55025|4043
55027|1149
55029|328
55031|787
55033|353
55035|1210
55037|99
55039|967
55041|161
55043|112
55045|820
55047|201
55049|185
55051|-2
55053|259
55055|1363
55057|182
55059|2802
55061|262
55063|1076
55065|274
55067|201
55069|376
55071|702
55073|1124
55075|546
55077|301
55078|-48
55079|15973
55081|429
55083|468
55085|579
55087|1891
55089|481
55091|78
55093|196
55095|287
55097|642
55099|-68
55101|1820
55103|271
55105|3607
55107|124
55109|524
55111|506
55113|243
55115|474
55117|1265
55119|198
55121|216
55123|385
55125|8
55127|1846
55129|323
55131|883
55133|1877
55135|899
55137|397
55139|2013
55141|1068
55143|536
55145|64
55147|77
55149|145
55151|113
55153|33
55155|3
56000|3520
U.S.|4913882
|0
b|0
