COUNTY|DELTA
01001|349
01003|1476
01005|697
01007|555
01009|0
01011|164
01013|315
01015|2463
01017|670
01019|619
01021|420
01023|534
01025|1021
01027|313
01029|89
01031|453
01033|433
01035|921
01037|82
01039|788
01041|257
01043|1822
01045|401
01047|2522
01049|1807
01051|1037
01053|950
01055|1763
01057|298
01059|840
01061|451
01063|614
01065|495
01067|267
01069|717
01071|791
01073|10643
01075|282
01077|1272
01079|445
01081|1202
01083|2233
01085|614
01087|873
01089|3488
01091|364
01093|596
01095|2739
01097|8097
01099|736
01101|1707
01103|1248
01105|901
01107|423
01109|470
01111|172
01113|1179
01115|777
01117|1791
01119|877
01121|1231
01123|627
01125|3618
01127|2081
01129|441
01131|726
01133|535
02110|-774
04001|2254
04003|1652
04005|3111
04007|1531
04009|674
04011|242
04013|69691
04015|5195
04017|3130
04019|15663
04021|6131
04023|1673
04025|3530
04027|1629
04029|296
05001|554
05003|334
05005|429
05007|2252
05009|382
05011|269
05013|57
05015|376
05017|239
05019|128
05021|43
05023|-240
05025|229
05027|420
05029|342
05031|-484
05033|665
05035|1203
05037|303
05039|118
05041|410
05043|187
05045|1971
05047|393
05049|27
05051|955
05053|126
05055|397
05057|346
05059|536
05061|270
05063|372
05065|210
05067|118
05069|1411
05071|152
05073|201
05075|128
05077|67
05079|256
05081|52
05083|646
05085|244
05087|78
05089|93
05091|655
05093|1001
05095|240
05097|132
05099|377
05101|62
05103|555
05105|50
05107|402
05109|86
05111|429
05113|358
05115|589
05117|76
05119|2650
05121|93
05123|364
05125|1127
05127|58
05129|226
05131|1134
05133|299
05135|512
05137|168
05139|812
05141|381
05143|1420
05145|1086
05147|29
05149|180
05159|0
06001|17526
06003|27
06005|587
06007|1465
06009|526
06011|192
06013|7695
06015|324
06017|1688
06019|8534
06021|345
06023|1084
06025|1145
06027|81
06029|14990
06031|1431
06033|930
06035|271
06037|47727
06039|5769
06041|724
06043|-24
06045|903
06047|4865
06049|-128
06051|45
06053|9431
06055|1614
06057|40
06059|47285
06061|2576
06063|108
06065|40014
06067|20275
06069|834
06071|52330
06073|28113
06075|6416
06077|17143
06079|2580
06081|6198
06083|1872
06085|23647
06087|3214
06089|2050
06091|77
06093|102
06095|5153
06097|6139
06099|12545
06101|1671
06103|570
06105|42
06107|11711
06109|692
06111|12749
06113|2657
06115|87
08003|-126
08007|-63
08009|-67
08011|22
08013|-375
08015|-104
08017|-15
08019|80
08021|107
08023|-58
08025|43
08027|-20
08029|59
08031|585
08033|-89
08035|-503
08037|110
08039|-20
08041|1258
08043|-471
08045|224
08047|-71
08049|48
08051|55
08053|14
08055|25
08057|1
08059|680
08061|-18
08063|-221
08065|20
08067|-191
08069|-2223
08071|-92
08073|69
08075|-100
08077|908
08079|-2
08081|-128
08083|-324
08085|473
08087|112
08089|-115
08091|-9
08093|74
08095|28
08097|-21
08099|278
08101|1729
08103|-69
08105|79
08107|195
08109|124
08111|2
08113|-1
08115|-4
08117|59
08119|74
08121|3
08123|3127
08125|-8
08127|4879
08129|1958
08131|-144
09000|46709
10001|816
10002|2179
10003|8069
11001|18048
12001|1989
12003|209
12005|4632
12007|442
12009|9425
12011|24629
12013|386
12015|2082
12017|1933
12019|2485
12021|6958
12023|259
12025|95610
12027|650
12029|279
12031|12354
12033|3308
12035|1263
12037|173
12039|1010
12041|334
12045|239
12047|665
12049|731
12051|1093
12053|2252
12055|1153
12057|24989
12059|-822
12061|2029
12063|717
12065|458
12067|92
12069|3290
12071|14673
12073|2357
12075|508
12077|137
12079|962
12081|4992
12083|4971
12085|1921
12087|1369
12089|880
12091|2363
12093|555
12095|23926
12097|6262
12099|17726
12101|3697
12103|14567
12105|5376
12107|1543
12109|1502
12111|4186
12113|1400
12115|4864
12117|4728
12119|666
12121|121
12123|-650
12125|117
12127|8181
12129|477
12131|1401
12133|962
13001|236
13003|225
13005|128
13007|349
13009|1618
13011|508
13013|2500
13015|3357
13017|304
13019|440
13021|5837
13023|240
13025|143
13027|288
13029|514
13031|352
13033|1026
13035|503
13037|-59
13039|1072
13043|-60
13045|2377
13047|2565
13049|211
13051|877
13053|161
13055|814
13057|2388
13059|3461
13061|112
13063|7022
13065|274
13067|12509
13069|431
13071|2299
13073|2517
13075|552
13077|3017
13079|390
13081|626
13083|385
13085|230
13087|-1409
13089|12059
13091|381
13093|183
13095|3791
13097|2773
13099|17
13100|101
13103|810
13105|1247
13107|989
13109|-10
13111|584
13113|1484
13115|3489
13117|857
13119|286
13121|18842
13123|871
13125|195
13127|1437
13129|2067
13131|975
13133|534
13135|14750
13137|676
13139|5901
13141|285
13143|1023
13145|163
13147|830
13149|303
13151|1604
13153|3725
13155|203
13157|1370
13159|686
13161|340
13163|673
13165|153
13167|131
13169|650
13171|480
13173|465
13175|482
13177|-208
13179|343
13181|344
13183|388
13185|843
13187|657
13189|735
13191|224
13193|233
13195|1014
13197|255
13199|1057
13201|251
13205|879
13207|487
13209|310
13211|466
13213|800
13215|3178
13217|2580
13219|266
13221|351
13223|2214
13225|116
13227|859
13229|14
13231|333
13233|1826
13235|247
13237|874
13239|48
13241|491
13243|-66
13245|8309
13247|1316
13249|47
13251|453
13253|15
13255|1608
13257|1429
13259|21
13261|302
13263|283
13265|179
13267|788
13269|143
13271|83
13273|155
13275|1249
13277|380
13279|234
13281|126
13283|174
13285|987
13287|118
13289|325
13291|562
13293|471
13295|1583
13297|2473
13299|-11
13301|149
13303|891
13305|836
13307|64
13309|154
13311|746
13313|3084
13315|228
13317|484
13319|183
13321|705
14000|293
15001|2897
15003|5921
15007|1021
15009|2413
16000|26306
17001|330
17003|0
17005|0
17011|94
17012|271
17015|0
17017|244
17019|-1922
17021|195
17025|0
17027|0
17029|979
17031|-79
17033|-264
17037|-353
17041|0
17043|808
17045|0
17049|0
17051|0
17055|135
17057|426
17061|0
17065|0
17067|0
17073|184
17075|0
17077|-569
17081|274
17083|800
17085|0
17089|-2056
17091|623
17093|0
17095|-40
17097|310
17099|634
17101|0
17105|0
17107|125
17109|91
17111|1233
17113|522
17115|795
17117|325
17119|1277
17121|814
17123|0
17125|33
17127|64
17135|-27
17137|-271
17139|0
17141|409
17143|-564
17149|0
17151|0
17153|885
17157|512
17159|523
17161|-348
17163|-1147
17165|367
17167|15
17169|0
17173|0
17177|692
17179|-35
17181|-151
17183|392
17185|287
17187|85
17193|0
17195|519
17197|-1793
17199|400
17201|-1201
18001|92
18003|3413
18005|379
18007|252
18009|113
18011|406
18013|116
18015|112
18017|515
18019|601
18021|243
18023|612
18025|111
18027|40
18029|368
18031|201
18033|417
18035|502
18037|37
18039|902
18041|185
18043|457
18045|247
18047|76
18049|339
18051|275
18053|393
18055|258
18057|-39
18059|166
18061|186
18063|460
18065|293
18067|771
18069|338
18071|466
18073|253
18075|306
18077|288
18079|396
18081|116
18083|218
18085|488
18087|7
18089|2856
18091|1321
18093|226
18095|860
18097|10976
18099|185
18101|33
18103|322
18105|534
18107|346
18109|157
18111|228
18113|343
18115|3
18117|130
18119|273
18121|78
18123|-6
18125|19
18127|1224
18129|199
18131|160
18133|246
18135|333
18137|-1
18139|165
18141|2308
18143|193
18145|259
18147|112
18149|12
18151|144
18153|187
18155|116
18157|1292
18159|73
18161|76
18163|810
18165|183
18167|260
18169|260
18171|119
18173|226
18175|490
18177|421
18179|209
18181|43
18183|210
19001|102
19003|12
19005|268
19007|205
19009|42
19011|261
19013|2337
19015|406
19017|165
19019|307
19021|430
19023|244
19025|135
19027|140
19029|79
19031|266
19033|517
19035|138
19037|172
19039|302
19041|206
19043|282
19045|1167
19047|315
19049|320
19051|134
19053|280
19055|308
19057|273
19059|133
19061|1586
19063|152
19065|245
19067|203
19069|226
19071|106
19073|86
19075|118
19077|121
19079|234
19081|116
19083|397
19085|210
19087|259
19089|157
19091|105
19093|84
19095|136
19097|355
19099|237
19101|147
19103|366
19105|242
19107|27
19109|146
19111|276
19113|1524
19115|221
19117|193
19119|67
19121|179
19123|465
19125|495
19127|898
19129|178
19131|9
19133|32
19135|129
19137|274
19139|948
19141|169
19143|48
19145|297
19147|19
19149|154
19151|237
19153|6188
19155|1609
19157|161
19159|105
19161|112
19163|4519
19165|109
19167|369
19169|956
19171|312
19173|44
19175|221
19177|92
19179|638
19181|416
19183|193
19185|184
19187|786
19189|72
19191|48
19193|1962
19195|82
19197|207
20001|361
20003|67
20005|380
20007|-38
20009|511
20011|268
20013|195
20015|457
20017|1
20019|53
20021|458
20023|39
20025|25
20027|86
20029|-10
20031|-26
20033|51
20035|785
20037|606
20039|-36
20041|78
20043|128
20045|1197
20047|-79
20049|-50
20051|413
20053|42
20055|851
20057|813
20059|248
20061|323
20063|-24
20065|-19
20067|-17
20069|20
20071|2
20073|70
20075|20
20077|-24
20079|485
20081|33
20083|-4
20085|34
20087|128
20089|-3
20091|2289
20093|67
20095|-5
20097|33
20099|301
20101|12
20103|962
20105|-2
20107|63
20109|22
20111|547
20113|98
20115|10
20117|109
20119|34
20121|580
20123|-14
20125|1001
20127|43
20129|1
20131|35
20133|225
20135|20
20137|42
20139|61
20141|5
20143|47
20145|7
20147|81
20149|179
20151|163
20153|-17
20155|1200
20157|27
20159|105
20161|180
20163|27
20165|6
20167|77
20169|951
20171|13
20173|8429
20175|448
20177|2238
20179|2
20181|69
20183|47
20185|38
20187|0
20189|38
20191|162
20193|73
20195|21
20197|37
20199|9
20201|38
20203|5
20205|250
20207|95
20209|3943
21001|506
21003|406
21005|525
21007|87
21009|739
21011|339
21013|915
21015|1481
21017|200
21019|1633
21021|679
21023|147
21025|727
21027|513
21029|986
21031|229
21033|249
21035|362
21037|1769
21039|48
21041|371
21043|1210
21045|416
21047|876
21049|860
21051|737
21053|124
21055|156
21057|111
21059|1334
21061|479
21063|308
21065|659
21067|3024
21069|420
21071|2185
21073|1040
21075|296
21077|277
21079|424
21081|608
21083|619
21085|583
21087|273
21089|1031
21091|63
21093|1103
21095|1230
21097|330
21099|273
21101|716
21103|516
21105|121
21107|1062
21109|600
21111|13206
21113|1101
21115|1212
21117|3123
21119|852
21121|817
21123|445
21125|1623
21127|955
21129|374
21131|529
21133|1274
21135|618
21137|790
21139|130
21141|555
21143|180
21145|484
21147|1200
21149|209
21151|1625
21153|816
21155|417
21157|472
21159|962
21161|411
21163|502
21165|217
21167|455
21169|342
21171|338
21173|722
21175|468
21177|747
21179|1010
21181|241
21183|532
21185|487
21187|230
21189|207
21191|360
21193|1170
21195|2808
21197|768
21199|1408
21201|85
21203|571
21205|506
21207|530
21209|615
21211|811
21213|110
21215|287
21217|411
21219|281
21221|99
21223|191
21225|391
21227|-249
21229|223
21231|582
21233|67
21235|619
21237|294
21239|561
22001|1470
22003|385
22005|1215
22007|490
22009|1223
22011|824
22013|613
22015|2991
22017|8325
22019|4655
22021|310
22023|114
22025|383
22027|670
22029|718
22031|920
22033|7591
22035|368
22037|526
22039|985
22041|634
22043|461
22045|2524
22047|766
22049|360
22051|9227
22053|1009
22055|3857
22057|2010
22059|425
22061|886
22063|2047
22065|425
22067|1066
22069|1621
22071|12635
22073|2874
22075|345
22077|485
22079|2812
22081|245
22083|628
22085|827
22087|1798
22089|1082
22091|322
22093|522
22095|1265
22097|2474
22099|1836
22101|1997
22103|2883
22105|2373
22107|138
22109|3152
22111|742
22113|1383
22115|1105
22117|1296
22119|1672
22121|421
22123|622
22125|93
22127|335
23000|30898
24001|240
24003|4857
24005|5605
24009|1400
24011|230
24013|1810
24015|1389
24017|1729
24019|731
24021|2272
24023|355
24025|1104
24027|1434
24029|193
24031|8503
24033|8109
24035|811
24037|1723
24039|492
24041|106
24043|1266
24045|1444
24047|735
24510|22580
25000|7395
26001|-863
26003|-540
26005|-5588
26007|-2543
26009|-1069
26011|-1468
26013|-537
26015|-3001
26017|-10771
26019|-901
26021|-12183
26023|-2858
26025|-15401
26027|-4358
26029|-719
26031|-1952
26033|-2368
26035|-4914
26037|-2961
26039|-1145
26041|-2977
26043|-1389
26045|-4991
26047|-991
26049|-57082
26051|-2854
26053|-1743
26055|-2683
26057|-3370
26059|-3950
26061|-2096
26063|-2414
26065|-63328
26067|-4149
26069|-2440
26071|-894
26073|-4564
26075|-11003
26077|-20597
26079|-1146
26081|-41339
26083|-52
26085|-2194
26087|-4514
26089|-301
26091|-7688
26093|-4080
26095|-543
26097|-588
26099|-68310
26101|-2023
26103|-3882
26105|-2401
26107|-3114
26109|-1345
26111|-4943
26113|-1131
26115|-10786
26117|-5390
26119|-496
26121|-24178
26123|-5081
26125|-48787
26127|-2789
26129|-2452
26131|-422
26133|-1946
26135|-878
26137|-1869
26139|-7788
26141|-876
26143|-2515
26145|-26237
26147|-15873
26149|-4617
26151|-3461
26153|-893
26155|-4610
26157|-4988
26159|-8276
26161|-14508
26163|-320062
26165|-2786
27000|0
27001|0
27003|0
27005|0
27007|0
27009|0
27011|21
27013|0
27015|0
27017|0
27019|0
27021|0
27023|0
27025|0
27027|0
27029|9
27031|0
27033|28
27035|103
27037|0
27041|0
27043|0
27045|0
27047|0
27049|78
27051|13
27053|4437
27055|18
27057|33
27059|0
27061|0
27063|11
27065|0
27067|113
27069|9
27071|25
27073|0
27075|0
27077|3
27079|0
27081|16
27083|72
27085|0
27087|12
27089|24
27091|58
27093|51
27095|0
27097|55
27099|0
27101|14
27103|0
27105|34
27107|10
27109|0
27111|0
27113|29
27115|0
27117|15
27119|81
27121|26
27123|0
27125|2
27127|0
27129|0
27131|0
27133|18
27135|19
27137|0
27139|0
27141|0
27143|0
27145|0
27147|0
27149|21
27151|33
27153|0
27155|7
27157|0
27159|0
27163|0
27165|33
27167|16
27169|97
27171|0
27173|29
27175|0
27177|2
27179|-1354
28001|960
28003|902
28005|170
28007|344
28009|260
28011|1133
28013|558
28015|214
28017|804
28019|224
28021|505
28023|403
28025|589
28027|797
28029|383
28031|377
28033|2390
28035|2420
28037|178
28039|769
28041|332
28043|518
28045|1123
28047|3765
28049|9570
28051|1041
28053|499
28055|36
28057|685
28059|3047
28061|406
28063|240
28065|237
28067|1505
28069|191
28071|938
28073|1539
28075|2025
28077|418
28079|868
28081|2428
28083|946
28085|758
28087|1580
28089|1400
28091|853
28093|1127
28095|1517
28097|296
28099|792
28101|774
28103|429
28105|967
28107|1732
28109|2150
28111|32
28113|1051
28115|732
28117|783
28119|421
28121|2194
28123|1120
28125|227
28127|828
28129|477
28131|167
28133|1109
28135|434
28137|736
28139|599
28141|438
28143|785
28145|533
28147|252
28149|1355
28151|2327
28153|665
28155|307
28157|326
28159|424
28161|186
28163|649
29925|51971
30201|14260
31000|16183
32001|467
32003|9107
32005|275
32007|-115
32009|13
32011|15
32013|114
32015|57
32017|45
32019|434
32021|-25
32023|63
32027|21
32029|-17
32031|6079
32033|-4
32510|722
33000|15159
34001|5961
34003|7026
34005|3303
34007|5307
34009|1574
34011|2731
34013|13623
34015|2128
34017|13114
34019|230
34021|1669
34023|8476
34025|5068
34027|1658
34029|9923
34031|10626
34033|551
34035|2165
34037|590
34039|7364
34041|168
35001|-1445
35003|0
35005|1481
35006|130
35007|48
35009|-4783
35011|0
35013|1753
35015|2292
35017|-548
35019|7
35021|0
35023|916
35025|1375
35027|156
35028|0
35029|753
35031|-1416
35033|0
35034|0
35035|-465
35037|-10
35039|483
35041|3747
35043|-108
35045|882
35047|166
35049|3972
35051|236
35053|426
35055|28
35057|-91
35059|0
35061|18
35063|0
36000|239241
37001|658
37003|870
37005|276
37007|-24
37009|347
37011|337
37013|808
37015|440
37017|610
37019|1148
37021|6152
37023|1609
37025|2918
37027|2033
37029|56
37031|1151
37033|463
37035|3916
37037|587
37039|408
37041|244
37043|33
37045|2198
37047|701
37049|1542
37051|-2976
37053|249
37055|439
37057|1889
37059|890
37061|1290
37063|3222
37065|1427
37067|7532
37069|1235
37071|4792
37073|196
37075|212
37077|845
37079|128
37081|2271
37083|1620
37085|864
37087|1602
37089|1794
37091|365
37093|461
37095|130
37097|2315
37099|988
37101|2845
37103|229
37105|1377
37107|378
37109|1195
37111|1150
37113|876
37115|561
37117|483
37119|23952
37121|385
37123|601
37125|-78
37127|1493
37129|2472
37131|813
37133|1397
37135|795
37137|186
37139|319
37141|1408
37143|371
37145|757
37147|1107
37149|419
37151|2763
37153|185
37155|1517
37157|1179
37159|2937
37161|2312
37163|776
37165|542
37167|1192
37169|939
37171|1571
37173|337
37175|924
37177|130
37179|2107
37181|1089
37183|11503
37185|538
37187|288
37189|559
37191|1680
37193|2293
37195|756
37197|701
37199|424
38001|-17
38003|37
38005|122
38009|-5
38011|27
38013|61
38015|350
38017|1219
38019|-11
38021|6
38023|-23
38025|-17
38027|35
38029|38
38031|-6
38033|-16
38035|262
38037|51
38039|-26
38041|-17
38043|-4
38045|26
38047|6
38049|45
38051|-16
38053|111
38055|152
38057|4
38059|60
38061|77
38063|15
38065|-3
38067|39
38069|37
38071|23
38073|82
38075|7
38077|66
38079|365
38081|39
38083|22
38085|68
38089|-18
38091|-2
38093|52
38095|-2
38097|11
38099|138
38101|371
38103|2
38105|205
39001|255
39003|560
39005|527
39007|2102
39009|964
39011|355
39013|624
39015|365
39017|1719
39019|316
39021|98
39023|1476
39025|1486
39027|1045
39029|1955
39031|503
39033|306
39035|2925
39037|-425
39039|2593
39041|308
39043|534
39045|1488
39047|117
39049|24243
39051|95
39053|668
39055|488
39057|452
39059|325
39061|16402
39063|720
39065|-125
39067|330
39069|93
39071|637
39073|-3
39075|298
39077|266
39079|92
39081|1040
39083|95
39085|1309
39087|-10
39089|405
39091|299
39093|1878
39095|10711
39097|-2
39099|2236
39101|62
39103|207
39105|545
39107|260
39109|-169
39111|423
39113|3316
39115|224
39117|307
39119|1439
39121|170
39123|120
39125|-2251
39127|534
39129|249
39131|582
39133|228
39135|231
39137|248
39139|1019
39141|24789
39143|-37
39145|1055
39147|469
39149|168
39151|-22221
39153|2850
39155|-527
39157|1261
39159|309
39161|300
39163|0
39165|120
39167|510
39169|1460
39171|240
39173|15
39175|117
40001|-155
40003|322
40005|438
40007|-338
40009|2811
40011|831
40013|442
40015|917
40017|-115
40019|1879
40021|2343
40023|191
40025|-175
40027|771
40029|-77
40031|-61
40033|1410
40035|4938
40037|1694
40039|-1120
40041|2335
40043|-324
40045|-302
40047|504
40049|223
40051|1174
40053|-158
40055|-969
40057|-549
40059|-201
40061|-202
40063|-2431
40065|5725
40067|2911
40069|290
40071|430
40073|1142
40075|-1848
40077|-621
40079|-2056
40081|4141
40083|-518
40085|-1262
40087|925
40089|3459
40091|-1107
40093|-564
40095|307
40097|-1928
40099|18
40101|-542
40103|-70
40105|-128
40107|264
40109|13806
40111|1399
40113|1869
40115|2489
40117|234
40119|-3
40121|609
40123|1296
40125|-2771
40127|1264
40129|-309
40131|-481
40133|2283
40135|-1553
40137|-3649
40139|1222
40141|-1413
40143|-17207
40145|1298
40147|6105
40149|44
40151|-608
40153|2059
41000|153
42001|803
42003|7368
42005|982
42007|949
42009|807
42011|3611
42013|580
42015|721
42017|396
42019|602
42021|780
42023|114
42025|22
42027|932
42029|1691
42031|441
42033|1010
42035|323
42037|546
42039|920
42041|733
42043|724
42045|1581
42047|161
42049|3186
42051|2553
42053|-29
42055|1186
42057|202
42059|554
42061|616
42063|993
42065|627
42067|58
42069|-167
42071|4738
42073|750
42075|840
42077|-920
42079|740
42081|963
42083|460
42085|731
42087|757
42089|913
42091|2325
42093|195
42095|1021
42097|-164
42099|-60
42101|21590
42103|196
42105|338
42107|1271
42109|131
42111|509
42113|48
42115|324
42117|302
42119|136
42121|611
42123|341
42125|771
42127|129
42129|2025
42131|243
42133|1972
45001|710
45003|4451
45005|436
45007|4596
45009|543
45011|870
45013|3964
45015|4354
45017|265
45019|8755
45021|2149
45023|1135
45025|1457
45027|1122
45029|1322
45031|2446
45033|1186
45035|3300
45037|681
45039|507
45041|3569
45043|1718
45045|11779
45047|1377
45049|656
45051|7942
45053|1050
45055|1467
45057|1968
45059|2176
45061|982
45063|5327
45065|198
45067|1342
45069|903
45071|1216
45073|1570
45075|3640
45077|2550
45079|8183
45081|617
45083|6272
45085|3490
45087|921
45089|1251
45091|5145
46003|32
46005|546
46007|120
46009|74
46011|121
46013|616
46015|141
46019|210
46021|5
46023|280
46025|57
46027|168
46029|468
46031|157
46033|113
46035|270
46037|9
46039|42
46041|142
46043|28
46045|9
46047|109
46049|-7
46051|36
46053|68
46055|4
46057|134
46059|61
46061|25
46063|3
46065|57
46067|92
46069|5
46071|111
46073|-8
46075|15
46077|79
46079|218
46081|272
46083|217
46085|174
46087|75
46089|18
46091|4
46093|282
46095|138
46097|28
46099|2611
46101|144
46103|1471
46105|17
46107|-1
46109|322
46111|37
46113|763
46115|57
46117|36
46119|31
46121|554
46123|76
46125|129
46127|175
46129|107
46135|384
46137|155
47001|1401
47003|1269
47005|129
47007|197
47009|3688
47011|1198
47013|1031
47015|233
47017|1165
47019|1691
47021|815
47023|414
47025|847
47027|184
47029|808
47031|789
47033|443
47035|1142
47037|11759
47039|202
47041|608
47043|989
47045|316
47047|1286
47049|470
47051|432
47053|731
47055|342
47057|679
47059|1077
47061|273
47063|1801
47065|5872
47067|168
47069|863
47071|879
47073|1583
47075|345
47077|592
47079|925
47081|948
47083|48
47085|371
47087|324
47089|1632
47091|382
47093|4798
47095|114
47097|501
47099|933
47101|162
47103|75
47105|1193
47107|762
47109|1084
47111|870
47113|582
47115|353
47117|444
47119|1800
47121|279
47123|1660
47125|-395
47127|-31
47129|997
47131|980
47133|467
47135|162
47137|45
47139|273
47141|1039
47143|532
47145|1135
47147|1264
47149|3151
47151|895
47153|324
47155|2859
47157|22315
47159|341
47161|358
47163|4080
47165|2259
47167|1916
47169|254
47171|269
47173|613
47175|11
47177|842
47179|3041
47181|108
47183|1214
47185|714
47187|647
47189|1286
48001|549
48003|534
48005|-54
48007|663
48009|27
48011|-32
48013|-207
48015|435
48017|239
48019|116
48021|523
48023|60
48025|0
48027|-2289
48029|7897
48031|95
48033|6
48035|240
48037|575
48039|969
48041|1187
48043|265
48045|-9
48047|374
48049|64
48051|277
48053|407
48055|27
48057|214
48059|228
48061|10358
48063|378
48065|28
48067|554
48069|245
48071|13
48073|934
48075|162
48077|200
48079|68
48081|32
48083|139
48085|-1046
48087|115
48089|213
48091|116
48093|229
48095|-7
48097|452
48099|-96
48101|68
48103|92
48105|132
48107|101
48109|12
48111|103
48113|37613
48115|222
48117|298
48119|140
48121|3073
48123|184
48125|68
48127|177
48129|102
48131|322
48133|392
48135|5083
48137|38
48139|1231
48141|11639
48143|626
48145|177
48147|407
48149|108
48151|-80
48153|178
48155|54
48157|1425
48159|305
48161|238
48163|392
48165|367
48167|2181
48169|169
48171|342
48173|33
48175|14
48177|179
48179|495
48181|723
48183|2826
48185|539
48187|137
48189|899
48191|71
48193|196
48195|26
48197|53
48199|343
48201|57305
48203|1886
48205|34
48207|83
48209|23
48211|96
48213|734
48215|19584
48217|260
48219|619
48221|654
48223|580
48225|107
48227|597
48229|-16
48231|461
48233|283
48235|29
48237|115
48239|67
48241|-64
48243|45
48245|1045
48247|316
48249|1136
48251|2378
48253|55
48255|333
48257|-552
48259|144
48261|24
48263|14
48265|886
48267|45
48269|20
48271|9
48273|577
48275|135
48277|1165
48279|292
48281|134
48283|57
48285|48
48287|244
48289|253
48291|421
48293|197
48295|113
48297|-6
48299|189
48301|5
48303|1407
48305|138
48307|122
48309|1072
48311|8
48313|49
48315|195
48317|133
48319|-12
48321|353
48323|786
48325|534
48327|-2
48329|2981
48331|696
48333|-20
48335|143
48337|371
48339|2913
48341|540
48343|324
48345|32
48347|859
48349|956
48351|278
48353|80
48355|2258
48357|308
48359|29
48361|950
48363|453
48365|317
48367|659
48369|28
48371|680
48373|-22
48375|3002
48377|445
48379|42
48381|687
48383|90
48385|37
48387|140
48389|390
48391|207
48393|-4
48395|289
48397|24
48399|222
48401|1330
48403|231
48405|227
48407|214
48409|513
48411|-49
48413|87
48415|257
48417|122
48419|496
48421|-4
48423|2823
48425|121
48427|2984
48429|404
48431|21
48433|-7
48435|77
48437|101
48439|19139
48441|565
48443|26
48445|285
48447|1
48449|848
48451|1345
48453|11059
48455|367
48457|114
48459|1116
48461|19
48463|463
48465|742
48467|440
48469|461
48471|493
48473|667
48475|521
48477|340
48479|6628
48481|603
48483|107
48485|1044
48487|98
48489|968
48491|612
48493|-22
48495|388
48497|542
48499|239
48501|126
48503|394
48505|576
48507|366
49925|253
50000|-14395
51001|607
51003|753
51007|111
51009|395
51011|290
51013|254
51015|627
51017|45
51019|499
51021|95
51023|224
51025|476
51027|557
51029|326
51031|1071
51033|609
51035|544
"5103|66
51037|183
51041|1559
51043|36
51045|118
51047|904
51049|132
51051|637
51053|281
51057|277
51059|7512
51061|380
51063|187
51065|81
51067|955
51069|597
51071|307
51073|257
51075|131
51077|330
51079|342
51081|251
51083|546
51085|627
51087|2205
51089|1156
51091|21
51093|478
51095|232
51097|121
51099|422
51101|250
51103|14
51105|489
51107|1018
51109|489
51111|89
51113|185
51115|130
51117|398
51119|130
51121|700
51125|253
51127|187
51131|221
51133|110
51135|273
51137|-37
51139|627
51141|366
51143|1061
51145|89
51147|271
51149|133
51153|3518
51155|711
51157|35
51159|48
51161|1034
51163|246
51165|524
51167|420
51169|421
51171|264
51173|677
51175|286
51177|965
51179|260
51181|118
51183|170
51185|1041
51187|230
51191|975
51193|237
51195|1041
51197|144
51199|369
51510|650
51515|0
51520|162
51530|12
51540|623
51550|1773
51570|58
51580|87
51590|876
51595|195
51600|-42
51610|-11
51620|275
51630|-55
51640|245
51650|1536
51660|795
51670|301
51678|47
51680|1303
51683|932
51685|269
51690|393
51700|2662
51710|4671
51720|52
51730|349
51735|93
51740|1617
51750|128
51760|5948
51770|1442
51790|183
51800|969
51810|3151
51820|576
51830|11
51840|569
52001|1055
52005|1760
53000|-696863
54001|277
54003|303
54005|1012
54007|458
54009|0
54011|741
54013|348
54015|401
54017|219
54019|1459
54021|127
54023|-59
54025|340
54027|327
54029|710
54031|193
54033|1608
54035|679
54037|279
54039|2056
54041|547
54043|607
54045|1130
54047|652
54049|773
54051|917
54053|615
54055|887
54057|333
54059|923
54061|443
54063|122
54065|358
54067|428
54069|253
54071|173
54073|89
54075|-12
54077|465
54079|506
54081|1439
54083|629
54085|210
54087|444
54089|50
54091|561
54093|115
54095|212
54097|272
54099|656
54101|266
54103|533
54105|165
54107|1551
54109|1008
55000|-52
55001|380
55003|149
55005|697
55007|227
55009|4225
55011|143
55013|181
55015|546
55017|943
55019|505
55021|709
55023|115
55025|3929
55027|1161
55029|247
55031|709
55033|398
55035|1337
55037|54
55039|1135
55041|236
55043|417
55045|546
55047|332
55049|165
55051|102
55053|286
55055|1015
55057|501
55059|2830
55061|221
55063|1440
55065|200
55067|240
55069|533
55071|909
55073|2031
55075|874
55077|247
55078|129
55079|15113
55081|748
55083|372
55085|451
55087|2607
55089|367
55091|110
55093|244
55095|523
55097|670
55099|95
55101|2834
55103|310
55105|2950
55107|212
55109|329
55111|1013
55113|234
55115|616
55117|1195
55119|356
55121|273
55123|454
55125|167
55127|1942
55129|220
55131|1026
55133|2230
55135|769
55137|373
55139|2021
55141|929
55143|530
55145|53
55147|92
55149|85
55151|135
55153|31
55155|-1
56000|6168
U.S.|1847180
|0
b|0
