COUNTY|DELTA
01001|588
01003|904
01005|514
01007|437
01009|0
01011|356
01013|459
01015|2235
01017|806
01019|544
01021|343
01023|242
01025|524
01027|124
01029|125
01031|266
01033|596
01035|494
01037|78
01039|695
01041|214
01043|1726
01045|697
01047|1444
01049|1568
01051|598
01053|682
01055|34
01057|386
01059|503
01061|349
01063|406
01065|406
01067|239
01069|773
01071|786
01073|7043
01075|189
01077|1266
01079|460
01081|1197
01083|1853
01085|480
01087|858
01089|3682
01091|439
01093|495
01095|2041
01097|7468
01099|436
01101|1856
01103|1414
01105|531
01107|340
01109|885
01111|219
01113|1440
01115|708
01117|1010
01119|470
01121|743
01123|865
01125|3066
01127|1517
01129|275
01131|404
01133|301
02110|15227
04001|2213
04003|1951
04005|1701
04007|790
04009|711
04011|176
04013|42419
04015|3266
04017|2168
04019|8650
04021|2456
04023|1696
04025|1075
04027|3068
04029|516
05001|324
05003|265
05005|503
05007|1608
05009|886
05011|328
05013|69
05015|457
05017|181
05019|-21
05021|274
05023|56
05025|179
05027|262
05029|257
05031|170
05033|977
05035|1770
05037|346
05039|110
05041|430
05043|95
05045|1865
05047|248
05049|172
05051|929
05053|336
05055|398
05057|306
05059|579
05061|182
05063|328
05065|15
05067|44
05069|1069
05071|526
05073|144
05075|174
05077|212
05079|228
05081|150
05083|358
05085|716
05087|214
05089|218
05091|840
05093|1201
05095|113
05097|132
05099|434
05101|33
05103|385
05105|113
05107|160
05109|72
05111|716
05113|517
05115|619
05117|217
05119|1542
05121|46
05123|274
05125|816
05127|-3
05129|6
05131|1512
05133|483
05135|636
05137|142
05139|956
05141|221
05143|2356
05145|1354
05147|119
05149|407
05159|0
06001|-8798
06003|13
06005|328
06007|2389
06009|72
06011|-28
06013|-2381
06015|-183
06017|285
06019|-8349
06021|112
06023|-1561
06025|1578
06027|176
06029|2447
06031|-222
06033|-570
06035|-5
06037|-85465
06039|1160
06041|-223
06043|-161
06045|128
06047|973
06049|-186
06051|136
06053|7540
06055|509
06057|-696
06059|19605
06061|1475
06063|-7
06065|21746
06067|-19484
06069|219
06071|23202
06073|-4581
06075|-16704
06077|7155
06079|332
06081|3761
06083|-1650
06085|2971
06087|1770
06089|-845
06091|2
06093|-617
06095|220
06097|2322
06099|6350
06101|780
06103|-829
06105|-26
06107|2922
06109|-112
06111|3652
06113|-1400
06115|-1093
08003|4
08007|31
08009|9
08011|105
08013|498
08015|-79
08017|5
08019|32
08021|161
08023|31
08025|71
08027|25
08029|246
08031|5640
08033|-36
08035|-313
08037|191
08039|24
08041|3330
08043|192
08045|-76
08047|-49
08049|-13
08051|-46
08053|19
08055|4
08057|-5
08059|2222
08061|-33
08063|-60
08065|-12
08067|430
08069|-617
08071|-88
08073|41
08075|-119
08077|1558
08079|7
08081|168
08083|66
08085|355
08087|159
08089|187
08091|-10
08093|116
08095|-68
08097|77
08099|44
08101|1567
08103|-114
08105|37
08107|219
08109|121
08111|15
08113|-63
08115|-61
08117|117
08119|74
08121|-28
08123|1325
08125|12
08127|2837
08129|320
08131|-71
09000|35175
10001|4157
10002|15647
10003|4814
11001|5501
12001|4102
12003|497
12005|8719
12007|537
12009|12131
12011|38951
12013|389
12015|2620
12017|3058
12019|3369
12021|7670
12023|1534
12025|120878
12027|823
12029|612
12031|20119
12033|6845
12035|1649
12037|380
12039|1575
12041|229
12045|566
12047|107
12049|911
12051|1704
12053|3814
12055|2462
12057|38816
12059|-221
12061|2685
12063|1221
12065|428
12067|82
12069|6270
12071|17433
12073|3348
12075|545
12077|139
12079|1015
12081|7340
12083|7918
12085|2172
12087|1976
12089|1212
12091|4095
12093|1210
12095|45628
12097|14997
12099|25318
12101|9622
12103|22743
12105|15877
12107|2033
12109|1716
12111|5881
12113|2724
12115|5964
12117|8249
12119|1405
12121|828
12123|-863
12125|190
12127|11143
12129|621
12131|2116
12133|1055
13001|516
13003|165
13005|67
13007|115
13009|1687
13011|527
13013|1795
13015|2668
13017|181
13019|486
13021|5546
13023|235
13025|587
13027|239
13029|476
13031|1469
13033|933
13035|931
13037|258
13039|1391
13043|440
13045|2220
13047|1472
13049|273
13051|5700
13053|197
13055|481
13057|3297
13059|3286
13061|75
13063|9770
13065|277
13067|13888
13069|875
13071|2151
13073|1784
13075|628
13077|2164
13079|379
13081|795
13083|200
13085|394
13087|1203
13089|22541
13091|480
13093|215
13095|3527
13097|3431
13099|232
13100|131
13103|1174
13105|728
13107|1003
13109|259
13111|812
13113|1332
13115|2822
13117|1484
13119|805
13121|31986
13123|902
13125|63
13127|2135
13129|1634
13131|950
13133|564
13135|17565
13137|1226
13139|4770
13141|301
13143|1039
13145|411
13147|556
13149|374
13151|4690
13153|4642
13155|266
13157|1223
13159|629
13161|231
13163|727
13165|310
13167|150
13169|1242
13171|524
13173|255
13175|1212
13177|411
13179|1158
13181|221
13183|836
13185|2572
13187|749
13189|818
13191|356
13193|358
13195|1019
13197|221
13199|715
13201|240
13205|969
13207|640
13209|294
13211|427
13213|1170
13215|4143
13217|3424
13219|372
13221|303
13223|2305
13225|781
13227|699
13229|489
13231|339
13233|1688
13235|246
13237|835
13239|64
13241|510
13243|81
13245|6772
13247|2932
13249|81
13251|537
13253|338
13255|2250
13257|1054
13259|205
13261|403
13263|149
13265|76
13267|809
13269|136
13271|233
13273|501
13275|1619
13277|901
13279|1047
13281|362
13283|255
13285|1694
13287|239
13289|328
13291|570
13293|563
13295|1439
13297|2409
13299|374
13301|53
13303|591
13305|773
13307|45
13309|73
13311|824
13313|2013
13315|121
13317|297
13319|369
13321|824
14000|3328
15001|3031
15003|4925
15007|931
15009|2619
16000|16712
17001|163
17003|0
17005|0
17011|256
17012|755
17015|0
17017|-78
17019|936
17021|2
17025|0
17027|0
17029|-311
17031|200
17033|224
17037|67
17041|0
17043|2471
17045|0
17049|0
17051|0
17055|643
17057|360
17061|0
17065|0
17067|0
17073|-50
17075|0
17077|249
17081|672
17083|1103
17085|0
17089|4956
17091|219
17093|0
17095|40
17097|-375
17099|20
17101|0
17105|0
17107|159
17109|334
17111|1263
17113|168
17115|1578
17117|373
17119|2057
17121|1469
17123|0
17125|127
17127|107
17135|513
17137|-5
17139|0
17141|427
17143|449
17149|0
17151|0
17153|262
17157|1125
17159|355
17161|-1489
17163|-3651
17165|641
17167|658
17169|0
17173|0
17177|225
17179|-103
17181|485
17183|298
17185|258
17187|18
17193|0
17195|264
17197|7859
17199|104
17201|612
18001|129
18003|5244
18005|676
18007|190
18009|356
18011|452
18013|182
18015|222
18017|667
18019|1018
18021|110
18023|592
18025|121
18027|374
18029|339
18031|268
18033|456
18035|2090
18037|105
18039|462
18041|196
18043|542
18045|314
18047|-54
18049|-43
18051|329
18053|1040
18055|391
18057|402
18059|371
18061|269
18063|586
18065|692
18067|1547
18069|482
18071|684
18073|410
18075|345
18077|403
18079|617
18081|604
18083|329
18085|515
18087|-22
18089|6633
18091|1559
18093|582
18095|132256
18097|16165
18099|233
18101|-39
18103|343
18105|729
18107|337
18109|869
18111|191
18113|788
18115|58
18117|185
18119|212
18121|82
18123|7
18125|-96
18127|1237
18129|74
18131|10
18133|238
18135|651
18137|187
18139|172
18141|404
18143|-105
18145|3221
18147|57
18149|345
18151|393
18153|182
18155|166
18157|921
18159|67
18161|30
18163|1187
18165|190
18167|222
18169|482
18171|125
18173|338
18175|634
18177|583
18179|217
18181|283
18183|158
19001|151
19003|75
19005|373
19007|192
19009|132
19011|396
19013|2351
19015|381
19017|164
19019|280
19021|616
19023|219
19025|123
19027|189
19029|256
19031|181
19033|967
19035|97
19037|201
19039|414
19041|342
19043|277
19045|1000
19047|431
19049|684
19051|39
19053|399
19055|239
19057|879
19059|226
19061|1375
19063|139
19065|227
19067|248
19069|307
19071|167
19073|340
19075|84
19077|168
19079|308
19081|186
19083|378
19085|356
19087|262
19089|89
19091|87
19093|24
19095|68
19097|364
19099|567
19101|285
19103|975
19105|319
19107|3
19109|199
19111|775
19113|3526
19115|149
19117|300
19119|128
19121|242
19123|475
19125|663
19127|1128
19129|267
19131|90
19133|156
19135|136
19137|290
19139|1034
19141|305
19143|59
19145|334
19147|217
19149|529
19151|245
19153|9916
19155|2639
19157|228
19159|81
19161|200
19163|4084
19165|170
19167|331
19169|1078
19171|436
19173|108
19175|378
19177|111
19179|867
19181|733
19183|235
19185|150
19187|1056
19189|173
19191|124
19193|3243
19195|31
19197|494
20001|197
20003|110
20005|208
20007|17
20009|314
20011|87
20013|173
20015|659
20017|7
20019|72
20021|298
20023|30
20025|48
20027|69
20029|-39
20031|-2
20033|24
20035|655
20037|883
20039|22
20041|135
20043|186
20045|902
20047|44
20049|17
20051|255
20053|8
20055|637
20057|698
20059|341
20061|313
20063|-6
20065|54
20067|30
20069|0
20071|25
20073|111
20075|91
20077|85
20079|598
20081|57
20083|45
20085|148
20087|97
20089|-4
20091|2054
20093|48
20095|65
20097|22
20099|126
20101|-8
20103|309
20105|23
20107|96
20109|8
20111|398
20113|204
20115|159
20117|72
20119|9
20121|451
20123|69
20125|718
20127|20
20129|27
20131|32
20133|193
20135|13
20137|29
20139|187
20141|19
20143|28
20145|-5
20147|77
20149|57
20151|144
20153|29
20155|1011
20157|50
20159|127
20161|132
20163|59
20165|42
20167|119
20169|504
20171|31
20173|6857
20175|268
20177|2584
20179|36
20181|74
20183|20
20185|17
20187|14
20189|9
20191|253
20193|122
20195|-1
20197|27
20199|-9
20201|25
20203|4
20205|208
20207|54
20209|2056
21001|436
21003|622
21005|520
21007|333
21009|1589
21011|716
21013|1603
21015|2251
21017|596
21019|2409
21021|753
21023|237
21025|1005
21027|1027
21029|1677
21031|508
21033|384
21035|787
21037|2166
21039|145
21041|540
21043|1389
21045|701
21047|2209
21049|1343
21051|1637
21053|455
21055|232
21057|164
21059|2566
21061|653
21063|448
21065|1118
21067|5295
21069|584
21071|3036
21073|1349
21075|510
21077|461
21079|956
21081|1060
21083|1616
21085|1284
21087|315
21089|1399
21091|179
21093|3189
21095|1414
21097|683
21099|523
21101|1732
21103|468
21105|255
21107|2016
21109|883
21111|23061
21113|1428
21115|1512
21117|4853
21119|1202
21121|1737
21123|532
21125|2695
21127|1062
21129|605
21131|843
21133|1756
21135|731
21137|1236
21139|484
21141|680
21143|96
21145|1541
21147|1485
21149|358
21151|2826
21153|1042
21155|717
21157|1074
21159|1103
21161|708
21163|763
21165|361
21167|800
21169|388
21171|599
21173|1087
21175|636
21177|1289
21179|1374
21181|337
21183|1091
21185|462
21187|344
21189|375
21191|557
21193|1807
21195|3490
21197|1125
21199|2184
21201|72
21203|798
21205|1052
21207|988
21209|1054
21211|922
21213|253
21215|338
21217|704
21219|435
21221|315
21223|266
21225|611
21227|2552
21229|460
21231|689
21233|312
21235|1765
21237|501
21239|522
22001|1441
22003|357
22005|885
22007|637
22009|1011
22011|393
22013|518
22015|2168
22017|5943
22019|3104
22021|231
22023|94
22025|165
22027|320
22029|535
22031|873
22033|4563
22035|518
22037|524
22039|775
22041|466
22043|506
22045|2479
22047|870
22049|412
22051|7540
22053|705
22055|3241
22057|1751
22059|345
22061|606
22063|875
22065|527
22067|978
22069|1072
22071|11682
22073|2638
22075|308
22077|567
22079|3358
22081|141
22083|352
22085|657
22087|652
22089|992
22091|197
22093|440
22095|1193
22097|2300
22099|1576
22101|1888
22103|2382
22105|2100
22107|328
22109|2400
22111|573
22113|1422
22115|748
22117|1241
22119|1041
22121|363
22123|419
22125|71
22127|369
23000|16956
24001|368
24003|2509
24005|4849
24009|202
24011|613
24013|1407
24015|1169
24017|695
24019|429
24021|1718
24023|173
24025|450
24027|347
24029|293
24031|8858
24033|7791
24035|398
24037|1529
24039|151
24041|89
24043|1111
24045|1570
24047|259
24510|17044
25000|11604
26001|194
26003|150
26005|1170
26007|654
26009|346
26011|284
26013|191
26015|351
26017|2061
26019|328
26021|2660
26023|511
26025|1692
26027|247
26029|320
26031|763
26033|657
26035|540
26037|44
26039|480
26041|812
26043|297
26045|655
26047|432
26049|8166
26051|384
26053|468
26055|837
26057|498
26059|364
26061|669
26063|232
26065|-32738
26067|777
26069|733
26071|92
26073|322
26075|3784
26077|2358
26079|610
26081|5609
26083|16
26085|58
26087|1150
26089|196
26091|1069
26093|843
26095|137
26097|122
26099|6693
26101|513
26103|847
26105|184
26107|643
26109|493
26111|1235
26113|397
26115|1131
26117|993
26119|28
26121|3085
26123|585
26125|9526
26127|285
26129|698
26131|142
26133|657
26135|218
26137|667
26139|426
26141|177
26143|446
26145|1700
26147|2239
26149|331
26151|210
26153|62
26155|1250
26157|622
26159|934
26161|1461
26163|45619
26165|691
27000|0
27001|0
27003|0
27005|0
27007|0
27009|0
27011|-339
27013|0
27015|0
27017|0
27019|0
27021|0
27023|0
27025|0
27027|0
27029|-649
27031|0
27033|-785
27035|-3881
27037|0
27041|0
27043|0
27045|0
27047|0
27049|-1909
27051|-421
27053|4345
27055|-740
27057|-1813
27059|0
27061|0
27063|-533
27065|0
27067|-4213
27069|-236
27071|-1084
27073|0
27075|0
27077|-218
27079|0
27081|-205
27083|-2100
27085|0
27087|-282
27089|-443
27091|-1672
27093|-1100
27095|0
27097|-2128
27099|0
27101|-437
27103|0
27105|-1511
27107|-538
27109|0
27111|0
27113|-903
27115|0
27117|-642
27119|-3236
27121|-638
27123|0
27125|-293
27127|0
27129|0
27131|0
27133|-475
27135|-724
27137|0
27139|0
27141|0
27143|0
27145|0
27147|0
27149|-503
27151|-736
27153|0
27155|-432
27157|0
27159|0
27163|0
27165|-608
27167|-573
27169|-2436
27171|0
27173|-540
27175|-67
27177|-2257
27179|-1387
28001|985
28003|747
28005|316
28007|646
28009|234
28011|1385
28013|593
28015|114
28017|522
28019|178
28021|381
28023|571
28025|536
28027|1011
28029|653
28031|712
28033|2079
28035|1979
28037|212
28039|1065
28041|467
28043|525
28045|1298
28047|4799
28049|9500
28051|1041
28053|505
28055|13
28057|744
28059|4367
28061|507
28063|236
28065|316
28067|2035
28069|225
28071|644
28073|1631
28075|1828
28077|510
28079|790
28081|2172
28083|1669
28085|795
28087|1593
28089|1498
28091|807
28093|1564
28095|978
28097|297
28099|798
28101|923
28103|634
28105|1308
28107|1470
28109|1181
28111|493
28113|1411
28115|1161
28117|819
28119|509
28121|2808
28123|1454
28125|275
28127|959
28129|643
28131|427
28133|1266
28135|688
28137|886
28139|1194
28141|433
28143|885
28145|562
28147|478
28149|967
28151|2803
28153|423
28155|335
28157|344
28159|569
28161|278
28163|738
29925|91467
30201|11793
31000|19380
32001|421
32003|20643
32005|435
32007|178
32009|9
32011|-9
32013|155
32015|85
32017|26
32019|392
32021|26
32023|91
32027|15
32029|-9
32031|4771
32033|-39
32510|676
33000|15923
34001|7170
34003|4996
34005|3005
34007|5397
34009|1094
34011|3412
34013|13935
34015|1895
34017|13870
34019|185
34021|2387
34023|8005
34025|4997
34027|1843
34029|7006
34031|10890
34033|908
34035|2120
34037|303
34039|6425
34041|980
35001|30728
35003|0
35005|560
35006|371
35007|54
35009|-4723
35011|0
35013|1788
35015|-28458
35017|-591
35019|78
35021|0
35023|840
35025|326
35027|269
35028|0
35029|280
35031|-2659
35033|0
35034|0
35035|-261
35037|-13
35039|996
35041|3723
35043|2793
35045|228
35047|235
35049|4885
35051|443
35053|262
35055|234
35057|8
35059|0
35061|839
35063|0
36000|260902
38001|-19
38003|50
38005|158
38009|15
38011|-13
38013|24
38015|615
38017|1725
38019|23
38021|25
38023|-17
38025|118
38027|20
38029|-4
38031|23
38033|-2
38035|591
38037|22
38039|15
38041|29
38043|-9
38045|14
38047|2
38049|57
38051|-5
38053|79
38055|-287
38057|203
38059|167
38061|32
38063|12
38065|50
38067|98
38069|7
38071|43
38073|29
38075|13
38077|-22
38079|469
38081|10
38083|103
38085|43
38089|131
38091|17
38093|147
38095|39
38097|30
38099|98
38101|409
38103|46
38105|229
39001|52
39003|-458
39005|183
39007|371
39009|501
39011|243
39013|490
39015|48
39017|-1044
39019|-47
39021|82
39023|-2021
39025|1243
39027|799
39029|1448
39031|610
39033|-219
39035|3300
39037|-432
39039|2392
39041|6
39043|-173
39045|-294
39047|304
39049|9107
39051|186
39053|465
39055|384
39057|306
39059|-41
39061|6091
39063|331
39065|-23
39067|176
39069|46
39071|181
39073|-9
39075|170
39077|340
39079|-149
39081|890
39083|38
39085|334
39087|173
39089|-916
39091|411
39093|2181
39095|8372
39097|-3
39099|478
39101|-298
39103|23
39105|576
39107|188
39109|-580
39111|196
39113|-348
39115|170
39117|490
39119|1313
39121|-64
39123|117
39125|-2503
39127|317
39129|136
39131|29
39133|207
39135|56
39137|234
39139|491
39141|952
39143|-428
39145|1163
39147|191
39149|48
39151|914
39153|-3911
39155|-1527
39157|550
39159|12
39161|94
39163|0
39165|-961
39167|79
39169|893
39171|271
39173|303
39175|23
40001|477
40003|5
40005|591
40007|-96
40009|-312
40011|106
40013|-158
40015|360
40017|555
40019|-121
40021|903
40023|55
40025|46
40027|5153
40029|110
40031|668
40033|-50
40035|1121
40037|700
40039|24
40041|1623
40043|-70
40045|-8
40047|706
40049|311
40051|595
40053|-117
40055|52
40057|-24
40059|34
40061|220
40063|-413
40065|427
40067|163
40069|18
40071|665
40073|120
40075|12
40077|-1059
40079|1577
40081|-1514
40083|827
40085|25
40087|495
40089|508
40091|1003
40093|-153
40095|158
40097|209
40099|-28
40101|647
40103|-100
40105|1153
40107|306
40109|-6000
40111|872
40113|1673
40115|356
40117|619
40119|1288
40121|-147
40123|-186
40125|1727
40127|108
40129|-20
40131|764
40133|1101
40135|-1001
40137|-6
40139|553
40141|181
40143|-12872
40145|1269
40147|6749
40149|-206
40151|14
40153|77
41000|79
42001|908
42003|6350
42005|1032
42007|1840
42009|344
42011|5865
42013|902
42015|620
42017|510
42019|1417
42021|935
42023|10
42025|210
42027|765
42029|2188
42031|372
42033|922
42035|427
42037|250
42039|975
42041|301
42043|-500
42045|2269
42047|-113
42049|3794
42051|1735
42053|-18
42055|622
42057|121
42059|379
42061|450
42063|930
42065|510
42067|43
42069|1503
42071|4157
42073|812
42075|1166
42077|1371
42079|3068
42081|1189
42083|443
42085|1313
42087|673
42089|1244
42091|2204
42093|19
42095|1557
42097|-210
42099|189
42101|35973
42103|296
42105|236
42107|1882
42109|17
42111|910
42113|7
42115|360
42117|335
42119|112
42121|793
42123|449
42125|789
42127|585
42129|1326
42131|107
42133|4222
44935|13719
45001|405
45003|4295
45005|398
45007|3297
45009|509
45011|501
45013|3389
45015|3121
45017|93
45019|7693
45021|1567
45023|807
45025|1369
45027|1167
45029|1332
45031|2200
45033|1002
45035|3282
45037|655
45039|835
45041|4063
45043|1488
45045|9074
45047|1550
45049|544
45051|6807
45053|1036
45055|1493
45057|1341
45059|1888
45061|731
45063|4522
45065|159
45067|1192
45069|807
45071|725
45073|1412
45075|3852
45077|1940
45079|7674
45081|509
45083|3008
45085|2652
45087|640
45089|1476
45091|4198
46003|-4
46005|447
46007|194
46009|47
46011|313
46013|525
46015|133
46019|139
46021|-11
46023|244
46025|1
46027|23
46029|498
46031|88
46033|106
46035|244
46037|28
46039|82
46041|250
46043|50
46045|44
46047|1
46049|-25
46051|8
46053|76
46055|12
46057|51
46059|45
46061|31
46063|17
46065|126
46067|49
46069|-18
46071|46
46073|27
46075|12
46077|46
46079|33
46081|234
46083|65
46085|133
46087|68
46089|-17
46091|14
46093|279
46095|99
46097|18
46099|2373
46101|89
46103|1618
46105|-15
46107|0
46109|316
46111|10
46113|1198
46115|58
46117|44
46119|7
46121|486
46123|123
46125|105
46127|84
46129|68
46135|171
46137|64
47001|1977
47003|1685
47005|502
47007|355
47009|3080
47011|2016
47013|1572
47015|168
47017|837
47019|1966
47021|700
47023|302
47025|979
47027|191
47029|1472
47031|1414
47033|320
47035|1137
47037|9239
47039|361
47041|527
47043|1395
47045|450
47047|1156
47049|552
47051|652
47053|792
47055|418
47057|717
47059|1481
47061|561
47063|1892
47065|7218
47067|237
47069|790
47071|1015
47073|1273
47075|568
47077|823
47079|996
47081|953
47083|124
47085|468
47087|251
47089|1623
47091|626
47093|5036
47095|126
47097|503
47099|1016
47101|149
47103|28
47105|1050
47107|1201
47109|766
47111|639
47113|1510
47115|731
47117|543
47119|1333
47121|488
47123|1647
47125|1349
47127|62
47129|957
47131|792
47133|584
47135|157
47137|22
47139|485
47141|1414
47143|1196
47145|1202
47147|1022
47149|3294
47151|568
47153|338
47155|2672
47157|24866
47159|499
47161|373
47163|4067
47165|1739
47167|1597
47169|191
47171|567
47173|720
47175|50
47177|963
47179|3465
47181|390
47183|838
47185|867
47187|644
47189|930
48001|999
48003|461
48005|2717
48007|600
48009|183
48011|12
48013|1450
48015|717
48017|337
48019|301
48021|2245
48023|51
48025|944
48027|3390
48029|47342
48031|67
48033|43
48035|356
48037|1451
48039|6123
48041|2641
48043|218
48045|53
48047|589
48049|548
48051|486
48053|814
48055|1109
48057|761
48059|336
48061|22422
48063|573
48065|55
48067|829
48069|192
48071|563
48073|1527
48075|193
48077|110
48079|72
48081|-1
48083|329
48085|3069
48087|72
48089|388
48091|1824
48093|308
48095|22
48097|994
48099|412
48101|22
48103|95
48105|65
48107|207
48109|59
48111|90
48113|49659
48115|190
48117|285
48119|69
48121|5869
48123|529
48125|43
48127|318
48129|27
48131|247
48133|424
48135|4254
48137|52
48139|2223
48141|24828
48143|508
48145|320
48147|764
48149|344
48151|15
48153|216
48155|25
48157|9338
48159|250
48161|125
48163|541
48165|228
48167|6650
48169|144
48171|426
48173|-2
48175|169
48177|705
48179|532
48181|2216
48183|2894
48185|722
48187|2757
48189|855
48191|76
48193|144
48195|52
48197|12
48199|1439
48201|136149
48203|1902
48205|48
48207|190
48209|1429
48211|8
48213|1447
48215|30975
48217|636
48219|575
48221|860
48223|966
48225|995
48227|674
48229|172
48231|1154
48233|552
48235|11
48237|156
48239|373
48241|1044
48243|60
48245|6905
48247|244
48249|1643
48251|2940
48253|287
48255|767
48257|311
48259|309
48261|39
48263|-5
48265|1330
48267|60
48269|2
48271|-20
48273|1224
48275|122
48277|1083
48279|419
48281|198
48283|221
48285|431
48287|439
48289|513
48291|1722
48293|660
48295|41
48297|201
48299|139
48301|4
48303|4373
48305|161
48307|86
48309|5312
48311|-12
48313|222
48315|318
48317|158
48319|56
48321|738
48323|1678
48325|768
48327|23
48329|3181
48331|883
48333|28
48335|172
48337|285
48339|8290
48341|529
48343|371
48345|39
48347|1816
48349|939
48351|390
48353|385
48355|10903
48357|196
48359|47
48361|2037
48363|788
48365|553
48367|1646
48369|138
48371|321
48373|1394
48375|4482
48377|309
48379|289
48381|1105
48383|72
48385|114
48387|324
48389|57
48391|285
48393|7
48395|512
48397|169
48399|162
48401|960
48403|526
48405|213
48407|989
48409|2072
48411|90
48413|32
48415|268
48417|144
48419|707
48421|9
48423|4128
48425|136
48427|3808
48429|506
48431|39
48433|4
48435|128
48437|139
48439|27974
48441|3115
48443|22
48445|336
48447|-16
48449|1218
48451|1717
48453|16340
48455|651
48457|760
48459|1096
48461|106
48463|861
48465|1428
48467|963
48469|2654
48471|985
48473|1214
48475|163
48477|699
48479|9233
48481|997
48483|64
48485|2056
48487|328
48489|1464
48491|3389
48493|965
48495|406
48497|990
48499|412
48501|133
48503|346
48505|686
48507|321
49925|-160907
50000|-141
51001|369
51003|398
51007|227
51009|140
51011|240
51013|84
51015|702
51017|38
51019|522
51021|36
51023|121
51025|315
51027|38
51029|138
51031|519
51033|338
51035|94
"5103|115
51037|113
51041|581
51043|21
51045|81
51047|763
51049|-29
51051|370
51053|85
51057|134
51059|6818
51061|398
51063|243
51065|193
51067|573
51069|460
51071|279
51073|241
51075|100
51077|134
51079|278
51081|127
51083|405
51085|695
51087|2254
51089|694
51091|2
51093|337
51095|375
51097|127
51099|320
51101|51
51103|98
51105|255
51107|1016
51109|298
51111|-127
51113|71
51115|91
51117|356
51119|-6
51121|558
51125|136
51127|112
51131|170
51133|87
51135|361
51137|-37
51139|284
51141|231
51143|599
51145|5
51147|242
51149|194
51153|4128
51155|730
51157|-47
51159|178
51161|634
51163|34
51165|463
51167|94
51169|235
51171|185
51173|247
51175|178
51177|653
51179|-207
51181|56
51183|29
51185|418
51187|540
51191|610
51193|226
51195|689
51197|127
51199|293
51510|1723
51515|0
51520|31
51530|106
51540|134
51550|1290
51570|64
51580|109
51590|-5
51595|-30
51600|53
51610|27
51620|188
51630|-319
51640|143
51650|1009
51660|532
51670|332
51678|79
51680|669
51683|716
51685|196
51690|264
51700|965
51710|2915
51720|60
51730|229
51735|77
51740|236
51750|54
51760|3585
51770|1307
51790|161
51800|764
51810|3525
51820|441
51830|87
51840|518
52001|4173
52005|3504
53000|96774
54001|97
54003|-41
54005|782
54007|345
54009|0
54011|91
54013|85
54015|344
54017|129
54019|745
54021|82
54023|-15
54025|578
54027|645
54029|551
54031|32
54033|496
54035|150
54037|383
54039|649
54041|-56
54043|472
54045|1156
54047|613
54049|615
54051|488
54053|521
54055|483
54057|408
54059|433
54061|-181
54063|343
54065|105
54067|464
54069|276
54071|189
54073|31
54075|98
54077|675
54079|482
54081|477
54083|586
54085|128
54087|273
54089|232
54091|445
54093|134
54095|153
54097|18
54099|951
54101|207
54103|365
54105|96
54107|1190
54109|500
55000|-98
55001|472
55003|347
55005|297
55007|238
55009|2462
55011|283
55013|103
55015|363
55017|744
55019|529
55021|394
55023|217
55025|4014
55027|679
55029|202
55031|362
55033|513
55035|1097
55037|64
55039|659
55041|209
55043|265
55045|362
55047|173
55049|274
55051|92
55053|267
55055|604
55057|310
55059|2197
55061|97
55063|1486
55065|164
55067|361
55069|539
55071|590
55073|1909
55075|598
55077|163
55078|-101
55079|16175
55081|724
55083|286
55085|462
55087|1791
55089|319
55091|95
55093|316
55095|458
55097|461
55099|178
55101|2932
55103|261
55105|2019
55107|95
55109|324
55111|828
55113|280
55115|416
55117|1125
55119|350
55121|411
55123|412
55125|337
55127|1156
55129|225
55131|858
55133|1949
55135|451
55137|338
55139|1512
55141|808
55143|348
55145|-17
55147|-19
55149|77
55151|44
55153|48
55155|18
56000|4732
U.S.|2684256
|0
b|0
