COUNTY|DELTA
01001|-482
01003|-1517
01005|-451
01007|-254
01009|-528
01011|-487
01013|-373
01015|-2921
01017|-1162
01019|-143
01021|-645
01023|130
01025|-537
01027|-105
01029|-167
01031|-441
01033|-777
01035|-118
01037|-168
01039|-815
01041|-366
01043|-823
01045|-1379
01047|-722
01049|-783
01051|-901
01053|-750
01055|-1120
01057|-193
01059|-53
01061|-379
01063|-93
01065|-78
01067|-396
01069|-1458
01071|-242
01073|-12436
01075|-292
01077|-316
01079|-242
01081|-1005
01083|-54
01085|-341
01087|-875
01089|-5826
01091|-562
01093|34
01095|-340
01097|-11745
01099|-339
01101|-4571
01103|-985
01105|-185
01107|-492
01109|-374
01111|-348
01113|-1514
01115|-1672
01117|-1193
01119|-142
01121|-1538
01123|-763
01125|-2966
01127|-923
01129|-419
01131|-283
01133|89
02110|-7733
04001|-2835
04003|-2589
04005|-2705
04007|-1300
04009|-647
04011|-244
04013|-63077
04015|-5162
04017|-4007
04019|-13049
04021|-4136
04023|-408
04025|-2191
04027|-5379
04029|-1145
05001|-86
05003|-559
05005|-339
05007|-773
05009|-285
05011|-250
05013|28
05015|-295
05017|-312
05019|-328
05021|-95
05023|-511
05025|-50
05027|-437
05029|-95
05031|-704
05033|-1142
05035|-800
05037|-419
05039|-122
05041|-23
05043|-193
05045|-584
05047|-224
05049|-91
05051|-1514
05053|-292
05055|-348
05057|-360
05059|-414
05061|-189
05063|-386
05065|-127
05067|-209
05069|-634
05071|-121
05073|-95
05075|43
05077|202
05079|16
05081|-411
05083|-6
05085|-573
05087|-71
05089|-308
05091|-1155
05093|-79
05095|-10
05097|26
05099|-96
05101|82
05103|-216
05105|36
05107|-463
05109|-47
05111|-600
05113|-382
05115|-799
05117|-79
05119|-4669
05121|-490
05123|-130
05125|-446
05127|-104
05129|-73
05131|-1361
05133|-314
05135|-184
05137|-213
05139|-81
05141|-160
05143|-1207
05145|-469
05147|-171
05149|-22
06001|-15227
06003|25
06005|-444
06007|-2186
06009|-317
06011|-234
06013|-8303
06015|-1022
06017|-1451
06019|-21205
06021|-829
06023|-1782
06025|-5360
06027|-353
06029|-35910
06031|-2956
06033|-855
06035|-166
06037|-235586
06039|-3848
06041|-815
06043|-106
06045|-919
06047|-9653
06049|-231
06051|-96
06053|-5147
06055|-1292
06057|-1303
06059|-55153
06061|-2772
06063|-65
06065|-34279
06067|-27355
06069|-468
06071|-54569
06073|-37896
06075|-8592
06077|-8935
06079|-2863
06081|-3987
06083|-6523
06085|-25680
06087|-4209
06089|-608
06091|-56
06093|-653
06095|-4497
06097|-4185
06099|-8958
06101|-962
06103|-816
06105|-222
06107|-11815
06109|-705
06111|-11215
06113|-2135
06115|-1787
08003|-219
08007|-63
08009|-29
08011|-111
08013|-682
08015|-116
08017|-39
08021|-147
08023|-189
08025|-74
08027|24
08029|-398
08031|34792
08033|12
08037|-142
08039|-129
08043|-248
08045|-904
08051|26
08055|-88
08057|678
08059|-1677
08061|-10
08063|-55
08065|-51
08067|-446
08069|-2645
08071|-43
08073|41
08075|-322
08077|-1126
08081|-421
08083|2
08085|-193
08087|-13
08089|-391
08091|-5
08093|-151
08095|-34
08099|-271
08101|-2582
08103|-92
08105|-421
08107|-76
08109|-304
08111|-55
08113|-26
08115|-8
08117|112
08119|-79
08121|-54
08123|-263
08125|-61
09901|-9122
09903|-13573
09905|-6859
09907|-7289
09909|-4306
09911|-2256
09913|-2328
09915|-4469
10001|-2676
10002|-11801
10003|-3959
11001|-17883
12001|-7697
12003|-1688
12005|-6202
12007|-1145
12009|-20333
12011|-48856
12013|-664
12015|-3712
12017|-3780
12019|-3245
12021|-7516
12023|-2546
12025|-98849
12027|-1878
12029|-685
12031|-35405
12033|-10878
12035|-1351
12037|-278
12039|-3875
12041|-1203
12045|-771
12047|-252
12049|-2369
12051|-2405
12053|-3215
12055|-3506
12057|-43772
12059|-714
12061|-2800
12063|-1784
12065|-545
12067|-132
12069|-5936
12071|-11243
12073|-7914
12075|-1371
12077|-284
12079|-392
12081|-7037
12083|-7693
12085|-3096
12087|-2828
12089|-1904
12091|-4065
12093|-2019
12095|-42711
12097|-7696
12099|-36669
12101|-10709
12103|-27179
12105|-22778
12107|-3791
12109|-4224
12111|-7068
12113|-2812
12115|-9348
12117|-10323
12119|-1386
12121|-614
12123|-440
12125|-462
12127|-19749
12129|-380
12131|-1797
12133|-752
13001|-396
13003|-195
13005|-190
13007|-81
13009|-960
13011|-212
13013|-950
13015|-1787
13017|-294
13019|-425
13021|-5311
13023|-126
13025|-380
13027|-602
13029|-215
13031|-1080
13033|-745
13035|-495
13037|-162
13039|-917
13043|-299
13045|-2433
13047|-1158
13049|-444
13051|-8360
13053|-214
13055|-44
13057|-1031
13059|-2053
13061|-234
13063|-8430
13065|-44
13067|-6848
13069|-837
13071|-886
13073|-941
13075|-446
13077|-1104
13079|-390
13081|-476
13083|-290
13085|-227
13087|-1126
13089|-20675
13091|-361
13093|-252
13095|-4626
13097|-2074
13099|-676
13100|-69
13103|-828
13105|-556
13107|-556
13109|-310
13111|-199
13113|-697
13115|-2414
13117|-967
13119|-518
13121|-29108
13123|-273
13125|-41
13127|-1534
13129|-776
13131|-899
13133|-666
13135|-5248
13137|-417
13139|-2609
13141|-445
13143|-540
13145|-345
13147|-365
13149|-374
13151|-1242
13153|-2550
13155|-171
13157|-864
13159|-339
13161|-461
13163|-793
13165|-53
13167|-177
13169|-536
13171|-469
13173|-68
13175|-965
13177|-39
13179|-1196
13181|-67
13183|-270
13185|-3265
13187|-247
13189|-396
13191|-388
13193|-509
13195|-613
13197|-53
13199|-921
13201|-123
13205|-590
13207|-646
13209|4
13211|-589
13213|-608
13215|-6722
13217|-1310
13219|-277
13221|-363
13223|-1052
13225|-740
13227|-285
13229|-482
13231|-256
13233|-1035
13235|-65
13237|-227
13239|-50
13241|-283
13243|-248
13245|-9109
13247|-1303
13249|4
13251|-100
13253|-237
13255|-2035
13257|-537
13259|-84
13261|-1062
13263|-69
13265|-39
13267|-610
13269|-409
13271|-390
13273|-205
13275|-1641
13277|-1012
13279|-681
13281|-233
13283|-210
13285|-1772
13287|-225
13289|-173
13291|-275
13293|-431
13295|-1516
13297|-876
13299|-603
13301|-225
13303|-791
13305|-515
13307|-73
13309|-101
13311|-237
13313|-1552
13315|-159
13317|-231
13319|-282
13321|-579
14000|-1523
15001|-4762
15003|-9123
15007|-1130
15009|-2257
16001|8960
16003|207
16005|4688
16007|271
16009|791
16011|2556
16013|167
16015|211
16017|2858
16019|3779
16021|837
16023|128
16025|21
16027|8771
16029|272
16031|1135
16033|14
16035|624
16037|138
16039|1277
16041|421
16043|598
16045|1256
16047|482
16049|1165
16051|669
16053|871
16055|5569
16057|1136
16059|578
16061|288
16063|96
16065|681
16067|1069
16069|2308
16071|162
16073|829
16075|1846
16077|522
16079|1821
16081|98
16083|2744
16085|496
16087|1000
17001|-746
17003|-113
17005|-109
17007|-356
17009|-57
17011|-401
17013|-49
17015|-130
17017|-91
17019|-1318
17021|-286
17023|-205
17025|7
17027|-241
17029|-392
17031|-46168
17033|80
17035|-133
17037|-351
17039|-227
17041|-59
17043|-3104
17045|-181
17047|-50
17049|-280
17051|-265
17053|-53
17055|-142
17057|-143
17059|-103
17061|130
17063|-309
17065|-124
17067|-448
17069|55
17071|-3
17073|-535
17075|-176
17077|-763
17079|-13
17081|-334
17083|-301
17085|19
17087|-120
17089|-4065
17091|-1335
17093|-196
17095|-292
17097|-2782
17099|-478
17101|55
17103|-91
17105|-321
17107|-333
17109|-289
17111|-700
17113|-922
17115|-1179
17117|-423
17119|-2711
17121|-362
17123|-138
17125|-119
17127|-52
17129|-140
17131|-171
17133|-3
17135|-315
17137|-395
17139|-99
17141|-315
17143|-1701
17145|-104
17147|-138
17149|-40
17151|6
17153|-31
17155|32
17157|-544
17159|-198
17161|-1397
17163|-2566
17165|-290
17167|-1085
17169|-73
17171|16
17173|-238
17175|-58
17177|-566
17179|-1091
17181|-347
17183|-1107
17185|-127
17187|-165
17189|-90
17191|-24
17193|-40
17195|-502
17197|-2782
17199|-534
17201|-3860
17203|-53
18001|-381
18003|-8443
18005|-830
18007|-85
18009|-320
18011|-548
18013|-302
18015|-105
18017|-734
18019|-2271
18021|-479
18023|-166
18025|-271
18027|-677
18029|-533
18031|-373
18033|-716
18035|-2406
18037|-187
18039|-2336
18041|-434
18043|-1620
18045|-236
18047|-291
18049|-168
18051|-271
18053|-2320
18055|-453
18057|-788
18059|-602
18061|-390
18063|-616
18065|-1627
18067|-2364
18069|-369
18071|-301
18073|-301
18075|-307
18077|-676
18079|-780
18081|-2545
18083|-721
18085|-104
18087|-185
18089|-15549
18091|-2556
18093|-999
18095|-3329
18097|-34964
18099|-240
18101|-61
18103|-786
18105|-1324
18107|-585
18109|-950
18111|-323
18113|-304
18115|-27
18117|-245
18119|-817
18121|-214
18123|-137
18125|-337
18127|-1793
18129|-335
18131|-234
18133|-302
18135|-729
18137|-596
18139|-132
18141|-5944
18143|-602
18145|-594
18147|-258
18149|-789
18151|-484
18153|-491
18155|-209
18157|-1634
18159|-164
18161|-27
18163|-5828
18165|-176
18167|-1836
18169|-575
18171|3
18173|-769
18175|-631
18177|-1634
18179|-422
18181|-560
18183|-460
19001|10
19003|-76
19005|-46
19007|-136
19009|-3
19011|-92
19013|-841
19015|-275
19017|-76
19019|50
19021|-59
19023|148
19025|-78
19027|-77
19029|-186
19031|-130
19033|-445
19035|-32
19037|-17
19039|-202
19041|-64
19043|14
19045|-376
19047|4
19049|-60
19051|-65
19053|-193
19055|-54
19057|-322
19059|-99
19061|-203
19063|2
19065|-274
19067|-271
19069|-30
19071|-31
19073|-50
19075|37
19077|-161
19079|-78
19081|-2
19083|-234
19085|-187
19087|-120
19089|-76
19091|-122
19093|-39
19095|-53
19097|-31
19099|-153
19101|-206
19103|-562
19105|-145
19107|55
19109|-117
19111|-344
19113|-1115
19115|-83
19117|-71
19119|-94
19121|-88
19123|12
19125|-193
19127|-491
19129|-56
19131|16
19133|-23
19135|-76
19137|-247
19139|-299
19141|-114
19143|-22
19145|33
19147|-1
19149|67
19151|-69
19153|-3325
19155|-1217
19157|-87
19159|-67
19161|-13
19163|-1737
19165|-76
19167|76
19169|-456
19171|-162
19173|53
19175|-92
19177|8
19179|-179
19181|-194
19183|23
19185|-116
19187|-429
19189|-7
19191|-50
19193|-342
19195|-78
19197|-72
20001|-84
20003|-200
20005|-374
20007|-72
20009|-637
20011|-452
20013|-212
20015|-654
20017|-48
20019|-10
20021|-275
20023|-30
20025|-28
20027|-20
20029|-78
20031|5
20033|16
20035|-620
20037|-574
20039|-11
20041|-221
20043|-148
20045|-730
20047|-62
20049|-30
20051|-109
20053|-29
20055|-338
20057|-528
20059|-395
20061|-948
20063|-1
20065|-41
20067|-164
20069|-53
20071|-16
20073|-231
20075|-98
20077|-138
20079|-459
20081|-103
20083|-16
20085|-220
20087|-277
20089|-39
20091|-2062
20093|-13
20095|-206
20097|-17
20099|-478
20101|28
20103|-634
20105|-5
20107|-144
20109|-14
20111|-385
20113|-227
20115|-51
20117|-49
20119|-13
20121|-281
20123|35
20125|-418
20127|-117
20129|-61
20131|1
20133|-284
20135|3
20137|-66
20139|-284
20141|-49
20143|-148
20145|-17
20147|-53
20149|-189
20151|-131
20153|14
20155|-1293
20157|-11
20159|-38
20161|-271
20163|-35
20165|-51
20167|-73
20169|-620
20171|-60
20173|-5955
20175|-431
20177|-2772
20179|-41
20181|-15
20183|-23
20185|-71
20187|18
20189|-75
20191|-315
20193|-42
20195|-56
20197|-78
20199|0
20201|-52
20203|-23
20205|-75
20207|-173
20209|-4041
21001|44
21003|-16
21005|-67
21007|-46
21009|47
21011|-280
21013|-624
21015|-475
21017|-139
21019|-830
21021|181
21023|77
21025|-273
21027|-73
21029|-776
21031|-150
21033|-112
21035|70
21037|-1159
21039|2
21041|173
21043|-542
21045|-186
21047|-681
21049|-142
21051|-352
21053|-164
21055|-39
21057|-26
21059|-1619
21061|-17
21063|-153
21065|17
21067|-1651
21069|-299
21071|-1344
21073|-380
21075|-63
21077|-111
21079|-61
21081|-380
21083|-91
21085|-330
21087|-104
21089|-564
21091|19
21093|-871
21095|-1251
21097|-117
21099|-207
21101|-288
21103|-329
21105|36
21107|-738
21109|-200
21111|-6269
21113|-1014
21115|-364
21117|-1575
21119|-402
21121|-788
21123|-169
21125|-734
21127|-337
21129|-244
21131|-53
21133|-886
21135|-218
21137|-143
21139|-126
21141|130
21143|-23
21145|-264
21147|-134
21149|-171
21151|-676
21153|-82
21155|55
21157|-110
21159|-380
21161|-48
21163|-369
21165|-138
21167|-189
21169|-66
21171|-35
21173|-293
21175|-285
21177|-219
21179|-504
21181|-87
21183|-246
21185|-26
21187|-119
21189|-3
21191|-110
21193|-1205
21195|-1505
21197|44
21199|-602
21201|-26
21203|-28
21205|-220
21207|-184
21209|-258
21211|-95
21213|-90
21215|-103
21217|-181
21219|26
21221|-12
21223|-67
21225|-124
21227|-1301
21229|143
21231|-321
21233|-168
21235|-483
21237|29
21239|-158
22001|-349
22003|-265
22005|-404
22007|42
22009|354
22011|-552
22013|-97
22015|-574
22017|-2250
22019|-745
22021|-107
22023|-171
22025|170
22027|-196
22029|208
22031|-132
22033|-2542
22035|112
22037|49
22039|72
22041|-164
22043|-95
22045|383
22047|129
22049|-121
22051|-5120
22053|162
22055|-1591
22057|-1380
22059|-196
22061|-407
22063|-343
22065|-193
22067|-531
22069|-78
22071|-11505
22073|-736
22075|-674
22077|192
22079|-315
22081|-5
22083|32
22085|-200
22087|-518
22089|-339
22091|-197
22093|-187
22095|-594
22097|289
22099|-396
22101|-158
22103|-1831
22105|-698
22107|241
22109|-140
22111|46
22113|-642
22115|163
22117|-728
22119|-319
22121|-19
22123|-71
22125|3
22127|49
23000|-24318
24001|-682
24003|12250
24005|21539
24009|-480
24011|1327
24013|2575
24015|-1075
24017|-1338
24019|-798
24021|3159
24023|2934
24025|5540
24027|2696
24029|692
24031|15508
24033|24786
24035|1055
24037|-1262
24039|-685
24041|1264
24043|7217
24045|-1839
24047|-845
24510|99517
25000|-51435
26001|-2
26003|-52
26005|-334
26007|69
26009|90
26011|19
26013|-191
26015|-60
26017|173
26019|66
26021|-1373
26023|521
26025|-21
26027|182
26029|-197
26031|-228
26033|195
26035|-66
26037|-48
26039|-180
26041|50
26043|-51
26045|-181
26047|-198
26049|-1586
26051|-147
26053|244
26055|140
26057|-119
26059|423
26061|-97
26063|-230
26065|-1206
26067|-68
26069|170
26071|207
26073|-271
26075|-1346
26077|-801
26079|-134
26081|-1791
26083|-21
26085|176
26087|282
26089|35
26091|-260
26093|-407
26095|-240
26097|208
26099|-3750
26101|24
26103|211
26105|-86
26107|17
26109|-25
26111|58
26113|-172
26115|-387
26117|-226
26119|124
26121|-1757
26123|-548
26125|-5021
26127|-4
26129|46
26131|3
26133|107
26135|-114
26137|-75
26139|-1347
26141|-181
26143|-124
26145|-253
26147|172
26149|559
26151|163
26153|-110
26155|-344
26157|8
26159|-174
26161|-1730
26163|-13850
26165|-230
27001|-191
27003|-1765
27005|-56
27007|-2371
27009|-182
27011|-49
27013|-107
27015|-189
27017|-55
27019|-30
27021|1
27023|-44
27025|-225
27027|-919
27029|71
27031|36
27033|-216
27035|-2497
27037|-1849
27039|-75
27041|-94
27043|-163
27045|-92
27047|-15
27049|123
27051|-5
27053|70239
27055|-163
27057|-49
27059|105
27061|-69
27063|132
27065|-198
27067|-500
27069|-27
27071|-134
27073|-73
27075|-29
27077|-70
27079|-145
27081|-27
27083|-54
27085|-37
27087|75
27089|-89
27091|-157
27093|-82
27095|-67
27097|75
27099|-398
27101|-69
27103|-67
27105|-183
27107|-50
27109|-727
27111|-589
27113|-88
27115|41
27117|-102
27119|-429
27121|-112
27123|42914
27125|-13
27127|-123
27129|-238
27131|-267
27133|31
27135|-38
27137|16617
27139|-74
27141|-182
27143|-92
27145|-549
27147|-120
27149|0
27151|-71
27153|-275
27155|4
27157|-43
27159|-56
27161|-166
27163|-418
27165|-163
27167|-67
27169|-2
27171|-585
27173|-62
28001|-136
28003|351
28005|-338
28007|-431
28009|174
28011|407
28013|-150
28015|51
28017|-12
28019|-39
28021|-81
28023|30
28025|-599
28027|-376
28029|-1221
28031|-35
28033|-670
28035|-1520
28037|-42
28039|-188
28041|-178
28043|-290
28045|-327
28047|-3071
28049|-6059
28051|-20
28053|-292
28055|18
28057|-64
28059|-141
28061|-215
28063|-81
28065|-431
28067|-1002
28069|-65
28071|-38
28073|-381
28075|-730
28077|-88
28079|-222
28081|-462
28083|-587
28085|-622
28087|-1105
28089|-333
28091|-723
28093|-254
28095|-396
28097|63
28099|-641
28101|-527
28103|-86
28105|-261
28107|-1001
28109|-729
28111|-304
28113|-437
28115|-319
28117|92
28119|234
28121|-1609
28123|-372
28125|100
28127|-415
28129|-247
28131|-368
28133|-271
28135|444
28137|-188
28139|51
28141|175
28143|285
28145|53
28147|-503
28149|-972
28151|-1674
28153|-166
28155|62
28157|-136
28159|-387
28161|-135
28163|-385
29001|-7
29003|-146
29005|-82
29007|-498
29009|-460
29011|-213
29013|-318
29015|-357
29017|-239
29019|-2259
29021|-1804
29023|-762
29025|-246
29027|-844
29029|-486
29031|-907
29033|-111
29035|-88
29037|-997
29039|-236
29041|-106
29043|-419
29045|-125
29047|-1971
29049|-264
29051|-953
29053|-280
29055|-593
29057|-206
29059|-314
29061|-178
29063|-177
29065|-352
29067|-7
29069|-631
29071|-1666
29073|-278
29075|55
29077|-4276
29079|-146
29081|-108
29083|-286
29085|-341
29087|-42
29089|-97
29091|-863
29093|-453
29095|-16615
29097|-1935
29099|-3307
29101|-985
29103|9
29105|-642
29107|-742
29109|-517
29111|-171
29113|-587
29115|-225
29117|-338
29119|-619
29121|-276
29123|-174
29125|-203
29127|-404
29129|5
29131|-341
29133|-452
29135|-71
29137|-119
29139|-265
29141|-451
29143|-271
29145|-854
29147|-229
29149|-133
29151|-106
29153|-56
29155|-580
29157|-180
29159|-679
29161|-1049
29163|-136
29165|-849
29167|-488
29169|-645
29171|-168
29173|-85
29175|-772
29177|-367
29179|-74
29181|-519
29183|-3037
29185|-175
29187|-1557
29189|-13481
29193|-401
29195|-805
29197|4
29199|-63
29201|-1044
29203|57
29205|12
29207|-587
29209|-254
29211|-78
29213|-261
29215|-280
29217|-477
29219|-565
29221|-487
29223|-411
29225|-704
29227|-13
29229|-282
29510|-12452
30001|-171
30003|-228
30005|-89
30007|-141
30009|-184
30011|17
30013|-670
30015|-42
30017|-291
30019|22
30021|-44
30023|-115
30025|-31
30027|-317
30029|-910
30031|-356
30033|11
30035|-124
30037|14
30039|35
30041|-44
30043|-90
30045|-2
30047|-691
30049|-981
30053|-378
30055|9
30057|-36
30059|16
30063|-1242
30065|-20
30067|-283
30071|83
30073|-253
30075|8
30077|3003
30079|15
30081|-604
30083|-114
30085|-827
30087|220
30089|-206
30091|15
30095|-101
30097|23
30099|-14
30101|1
30103|-13
30105|-369
30107|1
30109|10
30111|-1353
31001|-337
31019|-191
31023|-342
31033|-92
31041|-190
31043|-1926
31045|2331
31047|-684
31053|-606
31055|-4879
31067|-77
31079|-560
31095|-219
31109|-1956
31111|-647
31119|-362
31131|-247
31139|-41
31141|-464
31145|-281
31147|-210
31157|-3421
31173|1544
32001|-321
32003|-24114
32005|-394
32007|-316
32009|-14
32011|-20
32013|-137
32015|-97
32017|-75
32019|-272
32021|-138
32023|-723
32027|-63
32029|-5
32031|-4924
32033|-352
32510|-1216
33000|-15160
34001|-5334
34003|-4911
34005|-3911
34007|-10502
34009|-1577
34011|-862
34013|-27157
34015|-2041
34017|-21365
34019|-418
34021|-11326
34023|-7920
34025|-7036
34027|-1859
34029|-2844
34031|-12508
34033|-588
34035|-1997
34037|-646
34039|-7074
34041|-252
35001|34435
35003|58
35005|-3717
35006|-680
35007|-131
35009|-1320
35011|6
35013|-10374
35015|-2285
35017|-928
35019|29
35021|-19
35023|-130
35025|-2420
35027|-563
35028|-55
35029|-1501
35031|-3293
35033|-35
35035|-1316
35037|-610
35039|-1051
35041|-751
35043|-885
35045|-3695
35047|-537
35049|-2107
35051|-371
35053|-760
35055|-935
35057|-417
35059|-83
35061|-2545
36001|17149
36003|5543
36007|11620
36009|6862
36011|3467
36013|13919
36015|8367
36017|3832
36019|6778
36021|3706
36023|3449
36025|3510
36027|8021
36029|92432
36031|3256
36033|4364
36035|4317
36037|2293
36039|2535
36041|246
36043|4024
36045|8704
36049|1692
36051|3240
36053|3321
36055|68531
36057|4411
36059|20802
36062|-2370
36063|17496
36065|20057
36067|30225
36069|4611
36071|17389
36073|3109
36075|8163
36077|3058
36079|869
36083|10117
36087|11151
36089|10010
36091|5406
36093|8338
36095|2135
36097|1187
36099|1305
36101|8039
36103|44633
36105|4710
36107|3022
36109|4107
36111|8963
36113|3153
36115|3392
36117|5073
36119|40596
36121|1839
36123|1941
37001|-1743
37003|-408
37005|-142
37007|-703
37009|-187
37011|-326
37013|-1646
37015|-690
37017|-956
37019|-1297
37021|-3244
37023|-910
37025|-2018
37027|-1074
37029|-124
37031|-945
37033|-290
37035|-1942
37037|-695
37039|-414
37041|-450
37043|-137
37045|-2379
37047|-1491
37049|-2605
37051|-6397
37053|-462
37055|-309
37057|-2533
37059|-299
37061|-1066
37063|-2963
37065|-1562
37067|-3941
37069|-1340
37071|-4015
37073|-242
37075|-113
37077|-669
37079|-250
37081|-6847
37083|-1732
37085|-1351
37087|-466
37089|-1290
37091|-538
37093|-548
37095|-331
37097|-958
37099|-684
37101|-1592
37103|-278
37105|-843
37107|-1807
37109|-509
37111|-695
37113|-253
37115|1006
37117|-2393
37119|-14631
37121|-215
37123|-732
37125|-1761
37127|-1686
37129|-3167
37131|-888
37133|-3408
37135|-1266
37137|-229
37139|-1160
37141|-1020
37143|-266
37145|-569
37147|-2859
37149|-202
37151|-803
37153|-1155
37155|-2257
37157|-1372
37159|-2701
37161|-1170
37163|-1144
37165|-641
37167|-635
37169|-370
37171|-1016
37173|-406
37175|-554
37177|-108
37179|-1564
37181|-1115
37183|-7198
37185|-408
37187|-477
37189|-564
37191|-1638
37193|-1104
37195|124
37197|-362
37199|-319
38001|11
38003|-57
38005|-311
38009|-65
38011|17
38013|0
38015|-727
38017|-1942
38019|10
38021|-30
38023|-1
38025|-19
38027|-10
38029|49
38031|-33
38033|52
38035|-868
38037|41
38039|-13
38041|-5
38043|-7
38045|23
38047|-5
38049|-85
38051|3
38053|-144
38055|-76
38057|-2
38059|292
38061|-15
38063|-14
38065|6
38067|-62
38069|-52
38071|-153
38073|-45
38075|-20
38077|-109
38079|-531
38081|20
38083|35
38085|-357
38089|-262
38091|-22
38093|-229
38095|16
38097|3
38099|-78
38101|-756
38103|4
38105|-264
39001|157
39003|-924
39005|-988
39007|-1674
39009|-572
39011|-339
39013|-606
39015|-466
39017|-5069
39019|-1253
39021|-1191
39023|-1966
39025|-2578
39027|-492
39029|-1041
39031|-93
39033|-329
39035|-5490
39037|-596
39039|-129
39041|-568
39043|-1450
39045|-601
39047|-62
39049|-17298
39051|-339
39053|-289
39055|-382
39057|-1248
39059|-574
39061|-10896
39063|-400
39065|-83
39067|-241
39069|-23
39071|-546
39073|47
39075|-172
39077|23
39079|114
39081|-1101
39083|-64
39085|-2365
39087|52
39089|-171
39091|-733
39093|-2402
39095|-10797
39097|-237
39099|-11806
39101|-346
39103|-667
39105|29
39107|113
39109|-499
39111|-344
39113|21261
39115|-174
39117|-721
39119|-1045
39121|13
39123|-148
39125|181
39127|-464
39129|-295
39131|-169
39133|-590
39135|-661
39137|-666
39139|-1386
39141|-359
39143|131
39145|1705
39147|-51
39149|-544
39151|-2013
39153|-4661
39155|-3367
39157|-821
39159|-670
39161|205
39163|-225
39165|-1146
39167|-1139
39169|-1035
39171|-365
39173|-308
39175|22
40001|-579
40003|-73
40005|-115
40007|-85
40009|-601
40011|-268
40013|-716
40015|-682
40017|-1189
40019|-1001
40021|-973
40023|-429
40025|-1
40027|-3173
40029|-12
40031|-3271
40033|-75
40035|-254
40037|-1646
40039|-446
40041|-1011
40043|-103
40045|-109
40047|-1091
40049|-423
40051|-1057
40053|-56
40055|-153
40057|-101
40059|-26
40061|-26
40063|-46
40065|-702
40067|-132
40069|-230
40071|-1267
40073|-309
40075|-190
40077|-191
40079|-1038
40081|-746
40083|-546
40085|-179
40087|-328
40089|-962
40091|-417
40093|-32
40095|-197
40097|-1119
40099|-382
40101|-1433
40103|-161
40105|-268
40107|-144
40109|-16465
40111|-1151
40113|-588
40115|-717
40117|-192
40119|-1129
40121|-444
40123|-901
40125|-1356
40127|-522
40129|-34
40131|-489
40133|-1018
40135|-820
40137|-977
40139|-115
40141|-283
40143|-15548
40145|-803
40147|-1193
40149|-199
40151|-280
40153|-499
41000|-2043
42001|-647
42003|-9219
42005|-910
42007|-1440
42009|-509
42011|-760
42013|-2183
42015|-1133
42017|-4833
42019|-3106
42021|-1310
42023|-73
42025|-1052
42027|-706
42029|-2800
42031|-752
42033|-1108
42035|-207
42037|-502
42039|-1555
42041|-1476
42043|-3898
42045|-5958
42047|-39
42049|-3943
42051|-2275
42053|-84
42055|-1177
42057|-110
42059|-600
42061|-604
42063|-1343
42065|-451
42067|-98
42069|-2054
42071|-1988
42073|-1602
42075|-1338
42077|-4974
42079|-4683
42081|-1757
42083|-915
42085|-2476
42087|-670
42089|-2545
42091|-4166
42093|-218
42095|-2312
42097|-964
42099|-650
42101|-44126
42103|-932
42105|-441
42107|-1743
42109|-428
42111|-857
42113|-9
42115|-1002
42117|-473
42119|-324
42121|-1002
42123|-838
42125|-1973
42127|-1108
42129|-2417
42131|-363
42133|-3113
44935|-15225
45001|-358
45003|-1128
45005|-258
45007|-1426
45009|-160
45011|-505
45013|-1512
45015|-3400
45017|-333
45019|-13356
45021|-1135
45023|-1114
45025|-829
45027|-659
45029|-1608
45031|-1979
45033|-290
45035|-1844
45037|-633
45039|-628
45041|-3969
45043|-1360
45045|-6528
45047|-665
45049|-642
45051|-2931
45053|-584
45055|-646
45057|-1259
45059|-1637
45061|-677
45063|-4222
45065|-197
45067|-728
45069|-314
45071|-459
45073|-1384
45075|-2700
45077|-1600
45079|-7872
45081|-405
45083|-4335
45085|-1611
45087|-628
45089|167
45091|-2465
46003|-15
46005|-113
46007|-141
46009|24
46011|-16
46013|-205
46015|-109
46019|-176
46021|16
46023|309
46025|-28
46027|-93
46029|-156
46031|-71
46033|-42
46035|-119
46037|87
46039|-1
46041|47
46043|10
46045|-44
46047|-112
46049|-1
46051|-104
46053|18
46055|-1
46057|-46
46059|3
46061|24
46063|0
46065|-163
46067|-9
46069|-22
46071|-85
46073|-16
46075|3
46077|-31
46079|-130
46081|5
46083|-21
46085|66
46087|-116
46089|-28
46091|-3
46093|-162
46095|-25
46097|-37
46099|-1248
46101|-63
46103|-1228
46105|2
46107|4
46109|-102
46111|40
46113|-648
46115|-79
46117|-58
46119|-5
46121|-214
46123|-113
46125|-37
46127|137
46129|-106
46135|-227
46137|-108
47001|-2661
47003|-1262
47005|-442
47007|-587
47009|-2894
47011|-2622
47013|-1608
47015|-382
47017|-1133
47019|-2088
47021|-783
47023|-245
47025|-1032
47027|-223
47029|-1568
47031|-1441
47033|-394
47035|-1137
47037|-22981
47039|-243
47041|-567
47043|-1394
47045|-1113
47047|-615
47049|-549
47051|-1054
47053|-712
47055|-631
47057|-417
47059|-2266
47061|-943
47063|-1846
47065|-11561
47067|-296
47069|-827
47071|-1301
47073|-1635
47075|-466
47077|-106
47079|-1044
47081|-811
47083|-169
47085|-471
47087|-183
47089|-1176
47091|-534
47093|-12034
47095|-133
47097|-956
47099|-654
47101|-372
47103|-1103
47105|-770
47107|-1199
47109|-790
47111|-605
47113|-2809
47115|-779
47117|-696
47119|-2732
47121|-302
47123|-1793
47125|-3460
47127|-147
47129|-786
47131|188
47133|-591
47135|-102
47137|-133
47139|-418
47141|-2117
47143|-1095
47145|-1559
47147|-1159
47149|-2841
47151|-1209
47153|-370
47155|-2312
47157|-33531
47159|-583
47161|-286
47163|-6061
47165|-3023
47167|-1047
47169|-260
47171|-676
47173|-650
47175|-176
47177|-1376
47179|-4229
47181|-447
47183|-1049
47185|-549
47187|-1171
47189|-1870
48001|-1204
48003|-755
48005|-1307
48007|-634
48009|-183
48011|7
48013|-461
48015|-301
48017|-223
48019|-47
48021|-71
48023|-35
48025|-431
48027|-3775
48029|-25103
48031|-74
48033|7
48035|-358
48037|-2084
48039|-3994
48041|-1246
48043|-34
48045|-22
48047|-323
48049|-807
48051|-244
48053|-738
48055|-473
48057|-325
48059|-74
48061|-17152
48063|-290
48065|-91
48067|-636
48069|-108
48071|-170
48073|-743
48075|-19
48077|-90
48079|-286
48081|-34
48083|-337
48085|-2931
48087|-70
48089|-201
48091|-434
48093|-186
48095|-144
48097|-681
48099|-815
48101|-37
48103|-145
48105|-95
48107|-240
48109|-134
48111|-132
48113|-72923
48115|-343
48117|-479
48119|-250
48121|-5171
48123|-433
48125|-155
48127|-218
48129|-75
48131|-241
48133|-309
48135|-5959
48137|-85
48139|-2647
48141|-31300
48143|-802
48145|18
48147|-509
48149|-358
48151|94
48153|-93
48155|34
48157|-4142
48159|-11
48161|-337
48163|-785
48165|-362
48167|-6099
48169|-31
48171|-101
48173|-18
48175|-181
48177|-245
48179|-866
48181|-2505
48183|-3663
48185|-509
48187|-1299
48189|-1712
48191|-107
48193|-290
48195|16
48197|-63
48199|-469
48201|-98335
48203|-1336
48205|-4
48207|-103
48209|-511
48211|-33
48213|-1378
48215|-28555
48217|-717
48219|-642
48221|-966
48223|-585
48225|-384
48227|-688
48229|-170
48231|-1350
48233|-548
48235|-8
48237|-130
48239|-175
48241|-551
48243|-9
48245|-2280
48247|-25
48249|-1662
48251|-3147
48253|93
48255|-98
48257|-2449
48259|69
48261|28
48263|40
48265|-1068
48267|-16
48269|4
48271|-128
48273|-398
48275|-161
48277|-442
48279|-208
48281|-8
48283|-234
48285|-47
48287|-158
48289|-241
48291|-1933
48293|-271
48295|-49
48297|-265
48299|-207
48301|-4
48303|-5747
48305|-206
48307|-235
48309|-4634
48311|35
48313|-252
48315|-118
48317|-149
48319|-55
48321|-1049
48323|-3142
48325|-235
48327|-55
48329|-3169
48331|-600
48333|-122
48335|-54
48337|-615
48339|-4318
48341|-178
48343|-382
48345|-7
48347|-1098
48349|-1375
48351|-353
48353|-228
48355|-8945
48357|-236
48359|-15
48361|-1464
48363|-654
48365|-483
48367|-1510
48369|-130
48371|-350
48373|-1069
48375|-2424
48377|-526
48379|-180
48381|-1320
48383|-279
48385|-75
48387|-220
48389|-340
48391|-114
48393|-9
48395|-176
48397|-505
48399|-431
48401|-470
48403|-116
48405|2
48407|-656
48409|-1809
48411|-90
48413|-68
48415|-427
48417|-94
48419|-78
48421|-84
48423|-3279
48425|19
48427|-3712
48429|-110
48431|-1
48433|-54
48435|-171
48437|-380
48439|-37622
48441|-2256
48443|-76
48445|-331
48447|18
48449|-597
48451|-2010
48453|-12795
48455|-229
48457|-36
48459|-832
48461|-45
48463|-585
48465|-1598
48467|-795
48469|-2509
48471|-603
48473|-712
48475|-627
48477|-240
48479|-6502
48481|-534
48483|7
48485|-3263
48487|-101
48489|-834
48491|-2044
48493|-348
48495|-519
48497|-883
48499|-593
48501|-135
48503|-283
48505|-371
48507|-254
49003|4335
49007|3685
49011|7139
49035|43006
49037|3423
49039|3090
49045|1438
49047|3201
49049|13185
49053|5440
49057|11934
50000|-956
51001|-97
51003|-939
51007|-325
51009|-677
51011|-124
51013|-716
51017|-22
51019|-945
51021|-69
51023|-187
51025|-611
51027|-745
51029|-330
51031|-1069
51033|-517
51035|-317
"5103|-207
51037|-370
51041|-4403
51043|-225
51045|-3
51047|-900
51049|-158
51051|-273
51053|-544
51057|-270
51059|-8166
51061|-1200
51063|-53
51065|-190
51067|-710
51069|-929
51071|-248
51073|-772
51075|-205
51077|-226
51079|-280
51081|-518
51083|-614
51085|-747
51087|-4926
51089|-969
51091|-34
51093|-347
51095|-628
51097|-288
51099|-395
51101|-196
51103|-331
51105|-589
51107|-1056
51109|-503
51111|-543
51113|-254
51115|-238
51117|-500
51119|-273
51121|-1122
51125|-352
51127|-249
51131|-300
51133|-294
51135|-478
51137|-583
51139|-362
51141|-232
51143|-675
51145|-263
51147|-355
51149|-360
51153|-5121
51155|-422
51157|-111
51159|-162
51161|-903
51163|-731
51165|-1187
51167|-499
51169|-47
51171|-289
51173|-355
51175|-346
51177|-1154
51179|-1131
51181|-200
51183|-207
51185|-955
51187|-945
51191|-661
51193|-444
51195|-1233
51197|-365
51199|-632
51510|-3139
51520|-72
51540|-1438
51550|-3189
51560|-66
51580|-298
51590|-1545
51620|-219
51630|-938
51640|-134
51650|-5393
51660|-794
51670|-1011
51680|-2638
51683|-739
51685|-252
51690|-204
51700|-6544
51710|-13988
51720|-222
51730|-1769
51740|-3303
51750|-372
51760|-5632
51770|-3162
51790|-1331
51800|-1867
51810|-4275
51820|-619
51830|-210
51840|-632
52001|-2018
52005|-1306
53001|-407
53003|-134
53005|-1571
53007|-367
53009|899
53011|-6518
53013|-129
53015|-1622
53017|-136
53019|-273
53021|-1490
53023|-36
53025|-593
53027|-1951
53029|-717
53031|-372
53033|613
53035|-2002
53037|-227
53039|-186
53041|-1245
53043|-10
53045|-952
53047|-900
53049|-506
53051|-320
53053|4499
53055|-84
53057|-1721
53059|-160
53061|-1512
53063|511
53065|-945
53067|-3619
53069|-80
53071|-792
53073|-2698
53075|-137
53077|2655
54000|-46203
55001|-204
55003|-286
55005|-467
55007|67
55009|-1795
55011|-215
55013|-4
55015|-194
55017|-392
55019|-298
55021|-263
55023|-84
55025|-3328
55027|-430
55029|-262
55031|-394
55033|-479
55035|-288
55037|-63
55039|-432
55041|90
55043|-207
55045|-171
55047|-97
55049|-196
55051|-58
55053|-79
55055|-245
55057|-356
55059|-1314
55061|-31
55063|-1191
55065|-121
55067|-165
55069|-30
55071|-371
55073|-1376
55075|-482
55077|-106
55078|19
55079|-21018
55081|-251
55083|-443
55085|-387
55087|-182
55089|-147
55091|71
55093|-103
55095|-300
55097|-732
55099|-158
55101|-2030
55103|-145
55105|-1479
55107|-301
55109|-306
55111|-332
55113|-43
55115|-257
55117|-864
55119|-106
55121|-305
55123|-102
55125|-44
55127|-613
55129|-145
55131|-566
55133|-1043
55135|-539
55137|-236
55139|-846
55141|-1029
55143|89
55145|29
55147|58
55149|74
55151|114
56000|-4243
U.S.|-4855482
|0
b|0
