COUNTY|DELTA
01001|936
01003|612
01005|347
01007|316
01009|191
01011|294
01013|996
01015|961
01017|356
01019|2
01021|263
01023|524
01025|685
01027|126
01029|46
01031|251
01033|266
01035|127
01037|34
01039|446
01041|314
01043|1966
01045|-606
01047|1003
01049|707
01051|413
01053|388
01055|634
01057|229
01059|325
01061|404
01063|306
01065|123
01067|168
01069|761
01071|446
01073|3521
01075|115
01077|13
01079|642
01081|-124
01083|536
01085|418
01087|447
01089|2345
01091|417
01093|587
01095|509
01097|-826
01099|194
01101|651
01103|1347
01105|123
01107|25
01109|372
01111|113
01113|188
01115|341
01117|365
01119|208
01121|783
01123|-154
01125|611
01127|1736
01129|248
01131|586
01133|260
02110|-18146
04001|-595
04003|-1409
04005|-559
04007|553
04009|162
04011|302
04013|-3142
04015|-2904
04017|-748
04019|-2700
04021|539
04023|-849
04025|-100
04027|-3123
04029|-6
05001|-248
05003|-107
05005|-5
05007|309
05009|-108
05011|125
05013|-22
05015|59
05017|540
05019|95
05021|225
05023|34
05025|29
05027|-181
05029|176
05031|218
05033|678
05035|278
05037|116
05039|-22
05041|321
05043|74
05045|-194
05047|11
05049|-90
05051|507
05053|91
05055|355
05057|131
05059|178
05061|31
05063|-1
05065|-113
05067|176
05069|543
05071|-137
05073|82
05075|164
05077|482
05079|217
05081|85
05083|-3
05085|496
05087|-19
05089|9
05091|-243
05093|-119
05095|16
05097|206
05099|-6
05101|145
05103|27
05105|96
05107|614
05109|39
05111|580
05113|-95
05115|257
05117|117
05119|884
05121|113
05123|775
05125|82
05127|97
05129|29
05131|669
05133|-14
05135|-41
05137|154
05139|10
05141|284
05143|-66
05145|-458
05147|222
05149|166
06001|-9462
06003|5
06005|-275
06007|-5062
06009|-529
06011|-356
06013|-3823
06015|-65
06017|-1392
06019|-21162
06021|-18
06023|331
06025|-3561
06027|-50
06029|-5508
06031|-1551
06033|-326
06035|-387
06037|-151128
06039|-2313
06041|-1071
06043|-261
06045|-1028
06047|-7208
06049|28
06051|17
06053|-5639
06055|-171
06057|-565
06059|-21056
06061|-504
06063|-359
06065|-18279
06067|-17096
06069|-45
06071|-31781
06073|-23006
06075|-4874
06077|-3204
06079|-2393
06081|-3581
06083|-3972
06085|-7415
06087|-3363
06089|-2356
06091|67
06093|-358
06095|-4964
06097|-5256
06099|-7522
06101|-1129
06103|236
06105|75
06107|-6347
06109|-567
06111|-5822
06113|-1053
06115|-795
08003|-12
08007|234
08009|99
08011|3
08013|122
08015|-90
08017|-1
08021|182
08023|-99
08025|-127
08027|-11
08029|309
08031|2022
08033|34
08037|63
08039|82
08041|2953
08043|60
08045|399
08051|-6
08055|227
08059|1270
08061|6
08063|35
08065|16
08067|66
08069|1883
08071|268
08073|-41
08075|450
08077|1670
08081|152
08083|66
08085|173
08087|132
08089|34
08091|-6
08093|3
08095|-9
08099|3
08101|1360
08103|5
08105|-112
08107|4
08109|62
08111|4
08113|27
08115|-13
08117|0
08119|87
08121|13
08123|1259
08125|-7
08127|4699
08129|2523
08133|4
08135|-50
08137|27
08139|-1
09901|-1832
09903|-3637
09905|-2800
09907|-2909
09909|-109
09911|-380
09913|-826
09915|-1022
10001|-126
10002|-1143
10003|-379
11001|-13357
12001|-22
12003|650
12005|1808
12007|-91
12009|2166
12011|7522
12013|335
12015|92
12017|251
12019|1980
12021|2795
12023|100
12025|-25059
12027|582
12029|180
12031|14521
12033|2498
12035|131
12037|343
12039|1480
12041|217
12045|122
12047|165
12049|989
12051|-73
12053|277
12055|1077
12057|23864
12059|-178
12061|962
12063|540
12065|104
12067|44
12069|280
12071|2748
12073|2467
12075|353
12077|84
12079|532
12081|2039
12083|1030
12085|529
12087|704
12089|1236
12091|1689
12093|1279
12095|12145
12097|-1331
12099|12965
12101|2451
12103|4216
12105|8886
12107|921
12109|1738
12111|2361
12113|1210
12115|2293
12117|1073
12119|447
12121|165
12123|350
12125|164
12127|2209
12129|246
12131|2
12133|444
13001|261
13003|45
13005|-26
13007|64
13009|-114
13011|-39
13013|352
13015|86
13017|236
13019|-18
13021|337
13023|-128
13025|-292
13027|137
13029|-212
13031|283
13033|53
13035|119
13037|-71
13039|-332
13043|-256
13045|-746
13047|-77
13049|186
13051|-4377
13053|43
13055|332
13057|41
13059|202
13061|40
13063|-2627
13065|-86
13067|-1317
13069|596
13071|188
13073|-467
13075|-194
13077|710
13079|9
13081|-86
13083|52
13085|105
13087|124
13089|-5712
13091|190
13093|87
13095|1048
13097|-416
13099|119
13100|-50
13103|-98
13105|347
13107|158
13109|-40
13111|80
13113|-167
13115|615
13117|107
13119|-24
13121|-5124
13123|266
13125|5
13127|-311
13129|137
13131|-123
13133|150
13135|-184
13137|27
13139|-770
13141|-63
13143|229
13145|2
13147|39
13149|237
13151|312
13153|-64
13155|286
13157|-95
13159|233
13161|-21
13163|235
13165|8
13167|26
13169|186
13171|86
13173|-72
13175|694
13177|184
13179|-569
13181|-147
13183|-407
13185|75
13187|22
13189|-319
13191|17
13193|278
13195|233
13197|58
13199|121
13201|-36
13205|144
13207|274
13209|44
13211|161
13213|-21
13215|-1928
13217|-474
13219|61
13221|29
13223|139
13225|-179
13227|42
13229|62
13231|46
13233|460
13235|37
13237|-239
13239|-15
13241|177
13243|234
13245|-2629
13247|225
13249|31
13251|221
13253|-75
13255|83
13257|-107
13259|71
13261|402
13263|71
13265|9
13267|328
13269|67
13271|166
13273|124
13275|353
13277|372
13279|-100
13281|45
13283|40
13285|290
13287|204
13289|-7
13291|133
13293|-186
13295|167
13297|-486
13299|-225
13301|-173
13303|358
13305|-11
13307|58
13309|-20
13311|-24
13313|-541
13315|76
13317|-118
13319|96
13321|50
14000|-4297
15001|-5026
15003|-14504
15007|-1482
15009|-2133
16000|-3437
17001|793
17003|76
17005|-22
17007|212
17009|48
17011|255
17013|22
17015|-11
17017|200
17019|42
17021|21
17023|20
17025|282
17027|61
17029|392
17031|-7278
17033|84
17035|26
17037|-74
17039|68
17041|69
17043|-949
17045|214
17047|33
17049|334
17051|236
17053|97
17055|55
17057|169
17059|-65
17061|88
17063|36
17065|1
17067|94
17069|102
17071|111
17073|551
17075|16
17077|-262
17079|3
17081|-27
17083|181
17085|-57
17087|132
17089|596
17091|827
17093|3
17095|19
17097|-1438
17099|164
17101|200
17103|238
17105|158
17107|130
17109|-201
17111|29
17113|-181
17115|231
17117|293
17119|317
17121|172
17123|59
17125|262
17127|171
17129|75
17131|78
17133|152
17135|245
17137|154
17139|201
17141|425
17143|713
17145|133
17147|69
17149|128
17151|-35
17153|0
17155|-46
17157|186
17159|244
17161|1102
17163|2729
17165|-291
17167|256
17169|124
17171|36
17173|274
17175|48
17177|145
17179|938
17181|-170
17183|856
17185|-1
17187|187
17189|107
17191|92
17193|100
17195|690
17197|491
17199|-229
17201|1679
17203|109
18001|222
18003|39
18005|92
18007|-143
18009|286
18011|263
18013|-60
18015|76
18017|218
18019|-63
18021|223
18023|347
18025|54
18027|54
18029|-102
18031|303
18033|41
18035|-574
18037|-44
18039|332
18041|233
18043|-335
18045|158
18047|42
18049|-61
18051|-158
18053|629
18055|214
18057|-25
18059|248
18061|-202
18063|-420
18065|560
18067|840
18069|203
18071|2
18073|1
18075|226
18077|239
18079|484
18081|950
18083|211
18085|333
18087|412
18089|-2498
18091|731
18093|455
18095|532
18097|-2088
18099|-252
18101|-11
18103|245
18105|-114
18107|16
18109|-362
18111|-25
18113|216
18115|84
18117|-10
18119|179
18121|25
18123|87
18125|10
18127|-107
18129|-145
18131|3
18133|116
18135|106
18137|217
18139|48
18141|70
18143|614
18145|173
18147|-61
18149|360
18151|78
18153|-324
18155|22
18157|-792
18159|-80
18161|99
18163|-46
18165|111
18167|-680
18169|176
18171|38
18173|-261
18175|114
18177|565
18179|178
18181|-180
18183|251
19001|-11
19003|78
19005|22
19007|53
19009|43
19011|237
19013|302
19015|226
19017|63
19019|169
19021|3
19023|-167
19025|44
19027|-50
19029|59
19031|81
19033|263
19035|24
19037|49
19039|51
19041|211
19043|111
19045|72
19047|-140
19049|71
19051|66
19053|26
19055|77
19057|-78
19059|50
19061|502
19063|150
19065|253
19067|91
19069|51
19071|-75
19073|30
19075|61
19077|94
19079|191
19081|127
19083|-31
19085|183
19087|41
19089|34
19091|90
19093|34
19095|-32
19097|57
19099|241
19101|100
19103|-23
19105|53
19107|67
19109|74
19111|249
19113|2943
19115|-48
19117|-119
19119|60
19121|80
19123|214
19125|-12
19127|173
19129|-23
19131|88
19133|108
19135|19
19137|-55
19139|90
19141|49
19143|7
19145|6
19147|75
19149|9
19151|-1
19153|236
19155|614
19157|38
19159|73
19161|-25
19163|-4
19165|-86
19167|-100
19169|-14
19171|285
19173|-75
19175|67
19177|93
19179|-18
19181|138
19183|18
19185|52
19187|429
19189|40
19191|90
19193|1680
19195|138
19197|87
20001|34
20003|-1
20005|30
20007|-122
20009|97
20011|238
20013|56
20015|-278
20017|7
20019|9
20021|174
20023|-8
20025|69
20027|-10
20029|-136
20031|-34
20033|1
20035|-98
20037|285
20039|7
20041|-5
20043|72
20045|-419
20047|40
20049|-112
20051|-172
20053|-39
20055|400
20057|300
20059|265
20061|145
20063|-28
20065|58
20067|0
20069|-13
20071|82
20073|72
20075|75
20077|38
20079|18
20081|-27
20083|45
20085|202
20087|53
20089|-16
20091|129
20093|46
20095|48
20097|-30
20099|-5
20101|-49
20103|192
20105|0
20107|62
20109|-30
20111|-194
20113|296
20115|-129
20117|-9
20119|45
20121|65
20123|-8
20125|320
20127|237
20129|55
20131|9
20133|-35
20135|1
20137|4
20139|177
20141|-25
20143|31
20145|-8
20147|3
20149|10
20151|-78
20153|-12
20155|1
20157|57
20159|23
20161|-253
20163|-7
20165|-58
20167|-140
20169|-142
20171|82
20173|-3928
20175|-24
20177|616
20179|-7
20181|78
20183|-24
20185|38
20187|16
20189|-46
20191|-145
20193|25
20195|-4
20197|45
20199|6
20201|-8
20203|7
20205|51
20207|69
20209|-162
21001|-34
21003|284
21005|44
21007|-13
21009|116
21011|73
21013|235
21015|70
21017|331
21019|-699
21021|-2
21023|-28
21025|228
21027|417
21029|389
21031|51
21033|-70
21035|33
21037|585
21039|-40
21041|178
21043|-252
21045|-86
21047|186
21049|-96
21051|144
21053|63
21055|12
21057|71
21059|46
21061|357
21063|40
21065|91
21067|1421
21069|63
21071|-606
21073|-362
21075|68
21077|23
21079|-62
21081|79
21083|98
21085|-170
21087|101
21089|-389
21091|104
21093|-1189
21095|-319
21097|172
21099|405
21101|565
21103|133
21105|94
21107|-133
21109|-46
21111|5406
21113|-180
21115|35
21117|-95
21119|103
21121|-86
21123|-33
21125|-20
21127|-80
21129|33
21131|333
21133|286
21135|-129
21137|148
21139|-62
21141|195
21143|-39
21145|17
21147|496
21149|103
21151|-1
21153|72
21155|80
21157|151
21159|-328
21161|-77
21163|420
21165|-120
21167|-164
21169|199
21171|66
21173|-51
21175|244
21177|692
21179|-182
21181|-6
21183|-110
21185|144
21187|99
21189|-122
21191|-47
21193|89
21195|-504
21197|57
21199|-77
21201|-14
21203|178
21205|159
21207|138
21209|-178
21211|328
21213|224
21215|40
21217|-103
21219|-36
21221|-12
21223|15
21225|146
21227|106
21229|-18
21231|165
21233|170
21235|-46
21237|144
21239|-325
22001|1421
22003|1003
22005|650
22007|116
22009|2140
22011|575
22013|249
22015|1092
22017|4935
22019|2764
22021|229
22023|228
22025|201
22027|373
22029|503
22031|713
22033|2014
22035|334
22037|709
22039|305
22041|730
22043|152
22045|747
22047|491
22049|181
22051|-807
22053|620
22055|1967
22057|981
22059|228
22061|123
22063|868
22065|744
22067|1533
22069|895
22071|2295
22073|-256
22075|423
22077|538
22079|1506
22081|593
22083|280
22085|842
22087|197
22089|963
22091|142
22093|561
22095|149
22097|1263
22099|359
22101|516
22103|1751
22105|2413
22107|128
22109|875
22111|240
22113|815
22115|634
22117|899
22119|447
22121|401
22123|260
22125|239
22127|472
23000|4542
24001|-748
24003|56
24005|84
24009|-71
24011|-1828
24013|-3598
24015|-588
24017|-679
24019|-129
24021|-5354
24023|-3393
24025|-8073
24027|-4387
24029|-771
24031|46
24033|38
24035|-1327
24037|-401
24039|-161
24041|-1682
24043|79
24045|-335
24047|83
24510|53115
25000|20007
26001|56
26003|46
26005|1301
26007|445
26009|214
26011|266
26013|253
26015|687
26017|315
26019|154
26021|1123
26023|433
26025|794
26027|739
26029|173
26031|388
26033|133
26035|166
26037|129
26039|107
26041|88
26043|40
26045|-25
26047|57
26049|2371
26051|356
26053|-26
26055|318
26057|406
26059|797
26061|561
26063|667
26065|-807
26067|-39
26069|34
26071|16
26073|386
26075|283
26077|1011
26079|410
26081|2652
26083|22
26085|184
26087|875
26089|45
26091|931
26093|450
26095|-18
26097|176
26099|-322
26101|273
26103|345
26105|219
26107|-179
26109|156
26111|-36
26113|229
26115|574
26117|869
26119|37
26121|1545
26123|754
26125|-2123
26127|200
26129|262
26131|16
26133|378
26135|52
26137|38
26139|973
26141|203
26143|29
26145|654
26147|1880
26149|1259
26151|891
26153|-73
26155|993
26157|1256
26159|642
26161|-740
26163|-5195
26165|656
27001|-25
27003|1540
27005|388
27007|564
27009|165
27011|76
27013|334
27015|89
27017|110
27019|6
27021|76
27023|-9
27025|161
27027|115
27029|135
27031|-39
27033|136
27035|66
27037|1163
27039|-63
27041|287
27043|206
27045|33
27047|-51
27049|115
27051|2
27053|-1421
27055|138
27057|128
27059|385
27061|419
27063|166
27065|193
27067|254
27069|23
27071|95
27073|-20
27075|155
27077|57
27079|112
27081|95
27083|2
27085|1
27087|17
27089|147
27091|-55
27093|100
27095|464
27097|701
27099|427
27101|60
27103|30
27105|75
27107|20
27109|-835
27111|521
27113|332
27115|-82
27117|24
27119|809
27121|26
27123|285
27125|63
27127|0
27129|78
27131|124
27133|11
27135|48
27137|-188
27139|-34
27141|589
27143|2
27145|96
27147|131
27149|23
27151|23
27153|731
27155|-76
27157|173
27159|245
27161|202
27163|385
27165|141
27167|43
27169|24
27171|623
27173|148
28001|510
28003|494
28005|231
28007|846
28009|403
28011|1679
28013|413
28015|351
28017|413
28019|174
28021|395
28023|527
28025|605
28027|1081
28029|658
28031|699
28033|1062
28035|1715
28037|297
28039|227
28041|303
28043|595
28045|701
28047|2667
28049|1811
28051|984
28053|410
28055|84
28057|169
28059|274
28061|668
28063|504
28065|369
28067|1652
28069|257
28071|196
28073|1087
28075|1157
28077|297
28079|298
28081|1099
28083|932
28085|345
28087|150
28089|969
28091|643
28093|1066
28095|1022
28097|252
28099|549
28101|508
28103|209
28105|738
28107|452
28109|792
28111|689
28113|623
28115|445
28117|522
28119|257
28121|121
28123|713
28125|204
28127|11
28129|341
28131|98
28133|307
28135|987
28137|729
28139|387
28141|364
28143|998
28145|316
28147|1449
28149|1811
28151|1164
28153|1033
28155|199
28157|470
28159|837
28161|534
28163|912
29001|35
29003|23
29005|5
29007|269
29009|-71
29011|45
29013|74
29015|54
29017|-13
29019|-425
29021|-345
29023|431
29025|-56
29027|202
29029|162
29031|-173
29033|11
29035|19
29037|242
29039|-34
29041|71
29043|207
29045|71
29047|143
29049|49
29051|-92
29053|126
29055|130
29057|-10
29059|96
29061|34
29063|-107
29065|20
29067|-53
29069|289
29071|225
29073|146
29075|0
29077|395
29079|36
29081|36
29083|303
29085|34
29087|8
29089|18
29091|115
29093|211
29095|-2987
29097|-189
29099|-723
29101|-54
29103|54
29105|-42
29107|174
29109|124
29111|74
29113|-37
29115|106
29117|66
29119|-5
29121|-55
29123|94
29125|24
29127|173
29129|12
29131|184
29133|200
29135|-61
29137|4
29139|36
29141|-18
29143|293
29145|216
29147|103
29149|-92
29151|-112
29153|-5
29155|177
29157|-2
29159|369
29161|-10
29163|86
29165|436
29167|-115
29169|-157
29171|-2
29173|-24
29175|57
29177|143
29179|125
29181|281
29183|-50
29185|23
29187|267
29189|-5663
29193|41
29195|454
29197|53
29199|40
29201|430
29203|-106
29205|-9
29207|318
29209|-62
29211|68
29213|-189
29215|-110
29217|104
29219|22
29221|64
29223|-264
29225|259
29227|31
29229|-163
29510|-433
30001|85
30003|50
30005|-81
30007|67
30009|112
30011|-27
30013|93
30015|54
30017|24
30019|-64
30021|-19
30023|-145
30025|28
30027|220
30029|232
30031|374
30033|-15
30035|-247
30037|-44
30039|-68
30041|128
30043|-48
30045|21
30047|0
30049|-417
30051|-31
30053|-391
30055|0
30057|-55
30059|-12
30061|-188
30063|32
30065|-22
30067|139
30069|-13
30071|-165
30073|196
30075|-33
30077|-57
30079|-27
30081|152
30083|-25
30085|-313
30087|128
30089|27
30091|-24
30093|-230
30095|137
30097|-61
30099|-160
30101|-125
30103|21
30105|121
30107|-76
30109|-31
30111|210
31001|2908
31019|3299
31023|2600
31033|1081
31041|3163
31043|3136
31047|1708
31053|3799
31055|45020
31067|1335
31079|5069
31095|1635
31109|-93767
31111|3746
31119|2110
31131|2299
31139|2080
31141|2742
31145|1791
31147|1630
31157|8492
32001|-196
32003|-5697
32005|-30
32007|-221
32009|-9
32011|-11
32013|38
32015|-35
32017|-40
32019|-39
32021|-53
32023|-420
32027|32
32029|-16
32031|-680
32033|-127
32510|303
33000|-93
34001|1048
34003|-1670
34005|-182
34007|-4875
34009|-534
34011|-181
34013|-3171
34015|-235
34017|816
34019|200
34021|1554
34023|-1118
34025|1128
34027|-344
34029|-3310
34031|-5323
34033|308
34035|-242
34037|-62
34039|-1707
34041|-228
35001|688
35003|-58
35005|2212
35006|400
35007|-146
35009|1310
35011|-1
35013|10443
35015|4651
35017|508
35019|170
35021|18
35023|-16
35025|389
35027|502
35028|-41
35029|-313
35031|-477
35033|172
35035|3085
35037|261
35039|415
35041|2356
35043|7031
35045|13335
35047|57
35049|6215
35051|-220
35053|-297
35055|81
35057|2035
35059|59
35061|8616
36000|-183525
36062|-4725
37001|206
37003|5
37005|98
37007|-100
37009|105
37011|83
37013|-122
37015|22
37017|189
37019|-104
37021|660
37023|310
37025|356
37027|453
37029|3
37031|91
37033|-32
37035|-558
37037|374
37039|60
37041|33
37043|37
37045|-182
37047|94
37049|260
37051|-1204
37053|57
37055|44
37057|633
37059|320
37061|543
37063|311
37065|-330
37067|-861
37069|236
37071|1258
37073|-30
37075|225
37077|-461
37079|172
37081|162
37083|368
37085|92
37087|-386
37089|11
37091|87
37093|215
37095|220
37097|415
37099|85
37101|723
37103|-25
37105|487
37107|143
37109|17
37111|-283
37113|8
37115|123
37117|172
37119|1866
37121|105
37123|42
37125|-66
37127|422
37129|-449
37131|-260
37133|-643
37135|-68
37137|186
37139|-106
37141|-51
37143|60
37145|344
37147|-595
37149|-77
37151|-753
37153|-590
37155|776
37157|-228
37159|-328
37161|642
37163|238
37165|13
37167|-255
37169|-9
37171|448
37173|-60
37175|212
37177|131
37179|802
37181|-562
37183|924
37185|98
37187|272
37189|226
37191|235
37193|117
37195|460
37197|-52
37199|-25
38001|0
38003|118
38005|325
38009|127
38011|73
38013|-26
38015|378
38017|925
38019|56
38021|53
38023|-30
38025|32
38027|34
38029|22
38031|49
38033|-35
38035|895
38037|33
38039|42
38041|33
38043|76
38045|63
38047|59
38049|83
38051|20
38053|121
38055|98
38057|12
38059|335
38061|95
38063|12
38065|28
38067|119
38069|28
38071|158
38073|74
38075|6
38077|109
38079|240
38081|-29
38083|32
38085|235
38089|117
38091|-28
38093|204
38095|50
38097|14
38099|91
38101|615
38103|75
38105|45
39001|457
39003|1320
39005|468
39007|1676
39009|502
39011|378
39013|737
39015|290
39017|3487
39019|500
39021|257
39023|1381
39025|1310
39027|563
39029|1317
39031|464
39033|1287
39035|-3077
39037|1146
39039|665
39041|449
39043|788
39045|719
39047|487
39049|4346
39051|589
39053|272
39055|349
39057|378
39059|706
39061|2186
39063|542
39065|557
39067|469
39069|89
39071|550
39073|388
39075|144
39077|658
39079|795
39081|127
39083|817
39085|1103
39087|267
39089|818
39091|439
39093|1789
39095|2796
39097|398
39099|2473
39101|1053
39103|657
39105|442
39107|256
39109|1402
39111|103
39113|2467
39115|346
39117|131
39119|40
39121|148
39123|479
39125|576
39127|293
39129|253
39131|808
39133|809
39135|658
39137|471
39139|1211
39141|1128
39143|1081
39145|526
39147|1005
39149|173
39151|2634
39153|1573
39155|1513
39157|1395
39159|171
39161|322
39163|107
39165|828
39167|860
39169|976
39171|682
39173|769
39175|346
40001|-10
40003|-26
40005|87
40007|-7
40009|147
40011|-15
40013|569
40015|-207
40017|-182
40019|374
40021|67
40023|174
40025|-38
40027|-1259
40029|-35
40031|-1153
40033|11
40035|47
40037|-533
40039|-35
40041|204
40043|-55
40045|62
40047|-738
40049|69
40051|337
40053|-129
40055|-11
40057|-40
40059|24
40061|166
40063|-168
40065|257
40067|78
40069|-38
40071|-234
40073|-65
40075|283
40077|-29
40079|430
40081|-186
40083|-35
40085|-61
40087|12
40089|366
40091|-303
40093|-102
40095|34
40097|-6
40099|49
40101|186
40103|76
40105|48
40107|-50
40109|-2672
40111|-298
40113|-64
40115|276
40117|-20
40119|-427
40121|-58
40123|-363
40125|83
40127|11
40129|66
40131|-460
40133|-467
40135|432
40137|-179
40139|-163
40141|39
40143|-3311
40145|3
40147|-67
40149|-69
40151|202
40153|-37
41000|10612
42001|-185
42003|229
42005|-163
42007|897
42009|163
42011|-366
42013|267
42015|328
42017|-1160
42019|-321
42021|203
42023|85
42025|10
42027|-46
42029|-799
42031|-123
42033|597
42035|64
42037|149
42039|221
42041|-53
42043|82
42045|-1763
42047|213
42049|-656
42051|618
42053|20
42055|148
42057|133
42059|-142
42061|386
42063|-490
42065|99
42067|29
42069|452
42071|1668
42073|-39
42075|-259
42077|127
42079|931
42081|-111
42083|338
42085|-11
42087|175
42089|-916
42091|-3505
42093|-87
42095|-350
42097|-23
42099|261
42101|-13802
42103|-120
42105|134
42107|-287
42109|232
42111|265
42113|-107
42115|-146
42117|425
42119|72
42121|169
42123|80
42125|773
42127|-29
42129|754
42131|26
42133|415
44935|-6579
45001|195
45003|-153
45005|-44
45007|2122
45009|264
45011|432
45013|387
45015|-657
45017|165
45019|349
45021|595
45023|848
45025|364
45027|480
45029|322
45031|564
45033|1130
45035|276
45037|174
45039|364
45041|1295
45043|889
45045|3230
45047|407
45049|142
45051|2717
45053|297
45055|642
45057|581
45059|498
45061|321
45063|565
45065|136
45067|890
45069|250
45071|662
45073|483
45075|1212
45077|937
45079|1007
45081|167
45083|3512
45085|842
45087|605
45089|709
45091|384
46003|24
46005|309
46007|-19
46009|44
46011|176
46013|520
46015|148
46019|63
46021|13
46023|98
46025|30
46027|96
46029|199
46031|149
46033|22
46035|283
46037|-11
46039|34
46041|139
46043|2
46045|47
46047|142
46049|0
46051|55
46053|10
46055|1
46057|18
46059|9
46061|24
46063|-11
46065|264
46067|19
46069|-12
46071|-60
46073|16
46075|-17
46077|-6
46079|58
46081|-88
46083|135
46085|51
46087|29
46089|23
46091|34
46093|66
46095|-29
46097|12
46099|808
46101|64
46103|762
46105|27
46107|40
46109|130
46111|55
46113|504
46115|67
46117|100
46119|-8
46121|-316
46123|137
46125|128
46127|87
46129|92
46135|43
46137|-42
47001|1536
47003|1186
47005|479
47007|169
47009|1593
47011|2041
47013|1556
47015|264
47017|759
47019|1008
47021|543
47023|370
47025|137
47027|86
47029|582
47031|954
47033|503
47035|699
47037|12171
47039|152
47041|367
47043|1035
47045|942
47047|1146
47049|443
47051|777
47053|1241
47055|702
47057|100
47059|1556
47061|722
47063|981
47065|4670
47067|213
47069|671
47071|921
47073|679
47075|777
47077|272
47079|912
47081|374
47083|270
47085|350
47087|71
47089|498
47091|440
47093|7200
47095|302
47097|639
47099|485
47101|247
47103|534
47105|596
47107|1549
47109|492
47111|213
47113|1531
47115|929
47117|491
47119|1828
47121|144
47123|1214
47125|1058
47127|89
47129|438
47131|699
47133|338
47135|50
47137|44
47139|51
47141|1053
47143|1094
47145|946
47147|471
47149|2452
47151|1175
47153|284
47155|1343
47157|9241
47159|420
47161|99
47163|2381
47165|2144
47167|1241
47169|134
47171|438
47173|282
47175|216
47177|788
47179|2089
47181|-143
47183|865
47185|344
47187|754
47189|1181
48001|760
48003|47
48005|346
48007|-281
48009|34
48011|32
48013|-4
48015|96
48017|52
48019|-25
48021|-28
48023|45
48025|26
48027|1561
48029|11471
48031|-37
48033|1
48035|127
48037|1367
48039|-1519
48041|-186
48043|21
48045|114
48047|200
48049|491
48051|-30
48053|265
48055|326
48057|-86
48059|239
48061|-6818
48063|170
48065|31
48067|617
48069|289
48071|1573
48073|578
48075|127
48077|23
48079|227
48081|41
48083|122
48085|1773
48087|-20
48089|19
48091|279
48093|-119
48095|145
48097|-59
48099|440
48101|16
48103|-53
48105|97
48107|188
48109|1
48111|175
48113|6830
48115|156
48117|442
48119|188
48121|287
48123|200
48125|62
48127|87
48129|10
48131|247
48133|201
48135|418
48137|-19
48139|1664
48141|-12577
48143|-73
48145|65
48147|470
48149|77
48151|13
48153|285
48155|-82
48157|-603
48159|117
48161|-218
48163|-308
48165|331
48167|997
48169|116
48171|248
48173|6
48175|-22
48177|-40
48179|565
48181|1189
48183|2709
48185|298
48187|828
48189|1133
48191|63
48193|31
48195|8
48197|35
48199|278
48201|22895
48203|972
48205|-13
48207|98
48209|233
48211|24
48213|224
48215|-16496
48217|96
48219|373
48221|-97
48223|502
48225|524
48227|490
48229|-162
48231|618
48233|629
48235|-58
48237|45
48239|166
48241|946
48243|-13
48245|-1812
48247|-43
48249|215
48251|1279
48253|-94
48255|385
48257|790
48259|27
48261|50
48263|4
48265|227
48267|43
48271|8
48273|-258
48275|86
48277|731
48279|463
48281|175
48283|119
48285|-64
48287|183
48289|252
48291|404
48293|-171
48295|37
48297|144
48299|-284
48301|4
48303|2300
48305|164
48307|285
48309|1389
48311|-36
48313|255
48315|129
48317|-33
48319|104
48321|302
48323|-1135
48325|-354
48327|32
48329|-585
48331|208
48333|64
48335|128
48337|152
48339|142
48341|167
48343|414
48345|9
48347|545
48349|816
48351|249
48353|53
48355|-1183
48357|83
48359|33
48361|-190
48363|234
48365|453
48367|1189
48369|347
48371|326
48373|4
48375|2571
48377|-333
48379|8
48381|907
48383|177
48385|2
48387|394
48389|378
48391|21
48393|14
48395|59
48397|278
48399|381
48401|318
48403|-18
48405|17
48407|186
48409|568
48411|28
48413|0
48415|282
48417|40
48419|318
48421|12
48423|2535
48425|-179
48427|-3354
48429|228
48431|28
48433|-6
48435|68
48437|309
48439|4392
48441|683
48443|-31
48445|452
48447|-12
48449|235
48451|554
48453|2033
48455|168
48457|52
48459|532
48461|-174
48463|601
48465|935
48467|349
48469|203
48471|531
48473|59
48475|192
48477|-42
48479|-2523
48481|390
48483|71
48485|1582
48487|-85
48489|-175
48491|553
48493|548
48495|260
48497|647
48499|184
48501|257
48503|-164
48505|-406
48507|-103
49003|-8
49007|-45
49011|-25
49035|-211
49037|-28
49039|-25
49045|-15
49047|-28
49049|-69
49053|-28
49057|-135
50000|-575
51001|-105
51003|248
51007|95
51009|309
51011|52
51013|-2618
51017|-35
51019|-156
51021|43
51023|63
51025|198
51027|-111
51029|219
51031|664
51033|108
51035|184
"5103|65
51037|166
51041|-1135
51043|108
51045|-34
51047|365
51049|-56
51051|-143
51053|3
51057|-85
51059|-5002
51061|-88
51063|37
51065|55
51067|17
51069|148
51071|93
51073|79
51075|39
51077|156
51079|-18
51081|255
51083|413
51085|-147
51087|-1442
51089|-308
51091|29
51093|-145
51095|-67
51097|-77
51099|-110
51101|102
51103|12
51105|197
51107|109
51109|256
51111|43
51113|162
51115|39
51117|33
51119|9
51121|-2
51125|179
51127|63
51131|112
51133|-1
51135|6
51137|237
51139|248
51141|-202
51143|373
51145|61
51147|304
51149|2
51153|-365
51155|514
51157|32
51159|84
51161|126
51163|291
51165|-12
51167|321
51169|75
51171|228
51173|93
51175|207
51177|254
51179|41
51181|15
51183|25
51185|245
51187|73
51191|364
51193|-108
51195|272
51197|146
51199|59
51510|-213
51520|135
51540|-328
51550|-1305
51560|102
51580|22
51590|151
51620|131
51630|131
51640|-34
51650|-1842
51660|-323
51670|-343
51680|515
51683|-11
51685|90
51690|-243
51700|-2075
51710|-1751
51720|176
51730|-171
51740|-1545
51750|-69
51760|-4646
51770|366
51790|437
51800|-483
51810|60
51820|-210
51830|47
51840|77
52001|-2981
52005|-2276
53001|-1688
53003|205
53005|1086
53007|146
53009|-5269
53011|-2305
53013|-26
53015|-547
53017|228
53019|-75
53021|403
53023|-15
53025|-2828
53027|10
53029|-467
53031|-131
53033|-95352
53035|-2816
53037|-121
53039|-1314
53041|-277
53043|-41
53045|-539
53047|112
53049|-246
53051|23
53053|-60923
53055|-211
53057|-1144
53059|-265
53061|-23733
53063|-20400
53065|227
53067|-376
53069|57
53071|121
53073|-2418
53075|-260
53077|-33925
54000|8768
55001|-14
55003|117
55005|138
55007|-46
55009|467
55011|18
55013|56
55015|54
55017|80
55019|37
55021|20
55023|142
55025|334
55027|210
55029|104
55031|117
55033|96
55035|4
55037|17
55039|133
55041|85
55043|286
55045|127
55047|-21
55049|102
55051|-2
55053|142
55055|227
55057|212
55059|494
55061|28
55063|87
55065|52
55067|11
55069|68
55071|403
55073|18
55075|64
55077|56
55078|100
55079|-373
55081|76
55083|195
55085|232
55087|-168
55089|30
55091|-9
55093|-33
55095|316
55097|-31
55099|-67
55101|358
55103|205
55105|635
55107|90
55109|62
55111|300
55113|112
55115|175
55117|730
55119|121
55121|-5
55123|32
55125|45
55127|11
55129|-67
55131|101
55133|149
55135|146
55137|-52
55139|270
55141|47
55143|144
55145|57
55147|-63
55149|23
55151|-12
56000|432
U.S.|-178118
|0
b|0
