COUNTY|DELTA
01001|830
01003|1765
01005|11
01007|272
01009|332
01011|99
01013|366
01015|990
01017|618
01019|-140
01021|516
01023|-49
01025|113
01027|-40
01029|136
01031|90
01033|656
01035|-135
01037|93
01039|692
01041|259
01043|719
01045|527
01047|916
01049|533
01051|325
01053|885
01055|821
01057|263
01059|462
01061|284
01063|82
01065|667
01067|317
01069|579
01071|445
01073|9592
01075|-33
01077|536
01079|420
01081|1212
01083|-178
01085|218
01087|478
01089|1934
01091|559
01093|379
01095|333
01097|7368
01099|-155
01101|1098
01103|1008
01105|122
01107|167
01109|211
01111|221
01113|1062
01115|570
01117|1098
01119|204
01121|633
01123|639
01125|1332
01127|865
01129|407
01131|271
01133|190
02110|-2753
04001|1037
04003|2273
04005|2892
04007|1045
04009|895
04011|208
04013|76542
04015|2010
04017|1917
04019|17252
04021|6580
04023|866
04025|2065
04027|4833
04029|716
05001|-45
05003|446
05005|-56
05007|-1174
05009|-260
05011|72
05013|155
05015|-371
05017|203
05019|203
05021|-26
05023|2
05025|-48
05027|201
05029|101
05031|-175
05033|40
05035|220
05037|490
05039|23
05041|137
05043|-99
05045|-220
05047|-103
05049|70
05051|-361
05053|14
05055|-241
05057|193
05059|61
05061|-99
05063|-383
05065|-222
05067|-73
05069|353
05071|139
05073|245
05075|-26
05077|455
05079|82
05081|184
05083|-79
05085|-33
05087|-55
05089|-142
05091|437
05093|663
05095|225
05097|-164
05099|20
05101|-20
05103|237
05105|10
05107|714
05109|31
05111|366
05113|-87
05115|-313
05117|-30
05119|2497
05121|73
05123|481
05125|291
05127|-281
05129|30
05131|-879
05133|140
05135|-112
05137|-94
05139|-231
05141|33
05143|-876
05145|-39
05147|187
05149|-4
06001|16670
06003|9
06005|136
06007|117
06009|184
06011|325
06013|6549
06015|-97
06017|977
06019|25866
06021|282
06023|1112
06025|-45
06027|100
06029|12288
06031|454
06033|449
06035|43
06037|56789
06039|-1744
06041|750
06043|212
06045|-66
06047|1346
06049|120
06051|-85
06053|5588
06055|400
06057|831
06059|26380
06061|1162
06063|277
06065|464
06067|1835
06069|159
06071|18072
06073|21338
06075|8232
06077|5858
06079|1130
06081|4937
06083|3025
06085|22880
06087|3744
06089|-256
06091|-7
06093|339
06095|-117
06097|4777
06099|3833
06101|1222
06103|-187
06105|-5
06107|4038
06109|88
06111|7335
06113|524
06115|666
08000|1018
08003|225
08007|119
08009|24
08011|128
08013|979
08015|183
08017|39
08021|99
08023|-26
08025|66
08027|9
08029|174
08031|10137
08033|-51
08037|38
08039|45
08041|11024
08043|175
08045|271
08051|18
08055|117
08059|1534
08061|0
08063|69
08065|25
08067|603
08069|1418
08071|53
08073|69
08075|146
08077|809
08081|135
08083|-119
08085|-236
08087|265
08089|508
08091|-14
08093|-9
08095|115
08099|242
08101|1856
08103|58
08105|148
08107|61
08109|-27
08111|22
08113|-32
08115|44
08117|-30
08119|136
08121|78
08123|1327
08125|92
08127|3182
08129|2003
08133|247
08135|212
08137|79
08139|63
09901|1922
09903|5591
09905|2597
09907|1228
09909|1083
09911|516
09913|-70
09915|1615
10001|243
10002|2644
10003|40
11001|6398
12001|1991
12003|732
12005|1990
12007|313
12009|4013
12011|7308
12013|324
12015|1363
12017|1578
12019|1438
12021|2618
12023|592
12025|17570
12027|622
12029|289
12031|16983
12033|8183
12035|471
12037|275
12039|1952
12041|95
12045|326
12047|109
12049|551
12051|972
12053|1588
12055|1107
12057|4433
12059|459
12061|72
12063|722
12065|346
12067|55
12069|1518
12071|3260
12073|83
12075|446
12077|63
12079|161
12081|3066
12083|2829
12085|460
12087|943
12089|1457
12091|1555
12093|994
12095|7790
12097|2694
12099|7398
12101|1786
12103|9390
12105|2479
12107|1463
12109|1726
12111|1574
12113|1401
12115|3953
12117|4893
12119|53
12121|401
12123|260
12125|-236
12127|3406
12129|332
12131|1018
12133|43
13001|306
13003|15
13005|204
13007|15
13009|80
13011|65
13013|521
13015|724
13017|631
13019|190
13021|2414
13023|-84
13025|121
13027|259
13029|276
13031|42
13033|-229
13035|36
13037|115
13039|431
13043|397
13045|893
13047|790
13049|221
13051|2665
13053|157
13055|251
13057|993
13059|1384
13061|38
13063|1496
13065|18
13067|4923
13069|145
13071|907
13073|-138
13075|177
13077|724
13079|285
13081|238
13083|164
13085|125
13087|310
13089|10283
13091|-73
13093|220
13095|1639
13097|436
13099|112
13100|20
13103|154
13105|228
13107|166
13109|192
13111|207
13113|164
13115|293
13117|686
13119|160
13121|17181
13123|337
13125|-41
13127|1299
13129|228
13131|697
13133|9
13135|446
13137|344
13139|1347
13141|75
13143|320
13145|259
13147|-155
13149|145
13151|529
13153|1307
13155|149
13157|254
13159|33
13161|209
13163|-89
13165|-48
13167|221
13169|411
13171|40
13173|137
13175|-151
13177|251
13179|303
13181|-25
13183|2
13185|1914
13187|-146
13189|86
13191|405
13193|186
13195|23
13197|130
13199|502
13201|154
13205|804
13207|233
13209|21
13211|42
13213|380
13215|3686
13217|708
13219|60
13221|182
13223|592
13225|20
13227|10
13229|189
13231|186
13233|363
13235|2
13237|-13
13239|37
13241|30
13243|265
13245|2113
13247|34
13249|11
13251|-76
13253|250
13255|896
13257|312
13259|91
13261|-133
13263|155
13265|-56
13267|83
13269|39
13271|-168
13273|138
13275|953
13277|640
13279|185
13281|95
13283|223
13285|1563
13287|365
13289|357
13291|81
13293|180
13295|1064
13297|410
13299|730
13301|107
13303|-132
13305|383
13307|62
13309|134
13311|145
13313|1467
13315|-47
13317|-25
13319|223
13321|526
14000|-1923
15001|-626
15003|-4044
15007|-851
15009|-516
16000|6952
17001|505
17003|296
17005|314
17007|439
17009|63
17011|231
17013|29
17015|185
17017|123
17019|626
17021|98
17023|59
17025|229
17027|170
17029|236
17031|69918
17033|-110
17035|150
17037|42
17039|7
17041|101
17043|952
17045|246
17047|74
17049|122
17051|302
17053|102
17055|569
17057|676
17059|169
17061|257
17063|65
17065|173
17067|444
17069|129
17071|-13
17073|481
17075|298
17077|169
17079|89
17081|361
17083|157
17085|153
17087|91
17089|3030
17091|1577
17093|25
17095|686
17097|1869
17099|595
17101|83
17103|74
17105|319
17107|139
17109|410
17111|557
17113|232
17115|1014
17117|383
17119|1944
17121|550
17123|97
17125|170
17127|240
17129|-12
17131|309
17133|43
17135|183
17137|79
17139|18
17141|173
17143|2462
17145|252
17147|215
17149|294
17151|75
17153|322
17155|22
17157|214
17159|169
17161|1591
17163|5894
17165|645
17167|15746
17169|80
17171|30
17173|122
17175|110
17177|219
17179|1100
17181|218
17183|1511
17185|195
17187|263
17189|79
17191|212
17193|104
17195|348
17197|1612
17199|584
17201|1803
17203|208
18001|630
18003|6919
18005|1038
18007|213
18009|396
18011|466
18013|362
18015|72
18017|1268
18019|1974
18021|279
18023|519
18025|174
18027|535
18029|959
18031|555
18033|750
18035|3090
18037|444
18039|1151
18041|788
18043|1613
18045|440
18047|434
18049|204
18051|818
18053|1994
18055|970
18057|1197
18059|607
18061|721
18063|910
18065|1100
18067|2634
18069|552
18071|852
18073|529
18075|686
18077|585
18079|1133
18081|1883
18083|595
18085|1302
18087|193
18089|14423
18091|2392
18093|883
18095|3214
18097|33630
18099|507
18101|319
18103|1067
18105|1897
18107|635
18109|1511
18111|184
18113|555
18115|117
18117|454
18119|488
18121|333
18123|318
18125|381
18127|1577
18129|473
18131|224
18133|536
18135|848
18137|860
18139|379
18141|3777
18143|674
18145|873
18147|386
18149|499
18151|688
18153|380
18155|289
18157|1912
18159|329
18161|175
18163|5207
18165|444
18167|1355
18169|565
18171|258
18173|840
18175|706
18177|3303
18179|514
18181|274
18183|305
19001|-16
19003|6
19005|15
19007|160
19009|-29
19011|183
19013|1004
19015|123
19017|173
19019|165
19021|18
19023|226
19025|83
19027|168
19029|243
19031|45
19033|322
19035|106
19037|46
19039|109
19041|105
19043|91
19045|387
19047|172
19049|252
19051|99
19053|62
19055|152
19057|272
19059|18
19061|255
19063|182
19065|109
19067|370
19069|48
19071|73
19073|8
19075|60
19077|94
19079|93
19081|98
19083|316
19085|73
19087|150
19089|139
19091|54
19093|30
19095|37
19097|290
19099|242
19101|149
19103|-106
19105|112
19107|-27
19109|262
19111|359
19113|1240
19115|102
19117|124
19119|64
19121|47
19123|-32
19125|220
19127|50
19129|40
19131|9
19133|207
19135|138
19137|111
19139|227
19141|80
19143|-16
19145|161
19147|91
19149|30
19151|145
19153|3658
19155|1193
19157|135
19159|15
19161|-36
19163|2112
19165|128
19167|105
19169|272
19171|79
19173|27
19175|218
19177|95
19179|172
19181|323
19183|50
19185|103
19187|277
19189|4
19191|73
19193|690
19195|130
19197|139
20001|179
20003|169
20005|183
20007|-1
20009|758
20011|158
20013|192
20015|678
20017|17
20019|50
20021|471
20023|47
20025|-25
20027|69
20029|94
20031|54
20033|7
20035|897
20037|535
20039|10
20041|335
20043|167
20045|588
20047|49
20049|115
20051|93
20053|68
20055|380
20057|390
20059|362
20061|878
20063|11
20065|42
20067|193
20069|66
20071|-2
20073|12
20075|3
20077|153
20079|265
20081|93
20083|-6
20085|-19
20087|81
20089|39
20091|1807
20093|-47
20095|135
20097|10
20099|518
20101|23
20103|744
20105|-5
20107|88
20109|40
20111|248
20113|-7
20115|97
20117|110
20119|3
20121|302
20123|44
20125|637
20127|3
20129|41
20131|49
20133|358
20135|25
20137|30
20139|44
20141|47
20143|94
20145|-18
20147|-11
20149|120
20151|68
20153|-6
20155|1231
20157|-29
20159|149
20161|571
20163|76
20165|24
20167|72
20169|218
20171|54
20173|5727
20175|766
20177|2550
20179|32
20181|86
20183|50
20185|-7
20187|50
20189|96
20191|377
20193|32
20195|11
20197|143
20199|-19
20201|57
20203|52
20205|222
20207|60
20209|4120
21001|-124
21003|176
21005|88
21007|178
21009|250
21011|303
21013|1006
21015|597
21017|167
21019|835
21021|268
21023|241
21025|636
21027|452
21029|488
21031|142
21033|83
21035|164
21037|1353
21039|119
21041|443
21043|705
21045|400
21047|812
21049|983
21051|950
21053|310
21055|12
21057|-48
21059|1721
21061|-6
21063|184
21065|507
21067|3610
21069|117
21071|1008
21073|511
21075|252
21077|54
21079|145
21081|289
21083|312
21085|413
21087|65
21089|710
21091|30
21093|2211
21095|969
21097|359
21099|134
21101|577
21103|64
21105|158
21107|1043
21109|417
21111|10381
21113|634
21115|131
21117|2480
21119|673
21121|1178
21123|235
21125|829
21127|334
21129|314
21131|476
21133|688
21135|17
21137|509
21139|206
21141|89
21143|-19
21145|710
21147|571
21149|141
21151|946
21153|175
21155|287
21157|325
21159|133
21161|88
21163|671
21165|305
21167|346
21169|0
21171|81
21173|633
21175|275
21177|881
21179|780
21181|149
21183|849
21185|248
21187|113
21189|325
21191|247
21193|1163
21195|1273
21197|541
21199|904
21201|78
21203|625
21205|444
21207|79
21209|566
21211|149
21213|230
21215|81
21217|236
21219|197
21221|96
21223|64
21225|239
21227|688
21229|129
21231|505
21233|102
21235|701
21237|299
21239|451
22001|2636
22003|1375
22005|3558
22007|1312
22009|1825
22011|1142
22013|431
22015|2861
22017|12415
22019|6271
22021|357
22023|336
22025|593
22027|533
22029|780
22031|1314
22033|15481
22035|819
22037|1270
22039|2071
22041|1135
22043|1064
22045|2845
22047|1797
22049|312
22051|14516
22053|1556
22055|5530
22057|3486
22059|359
22061|1205
22063|2391
22065|715
22067|1890
22069|2058
22071|37412
22073|5183
22075|1399
22077|1445
22079|3265
22081|298
22083|1379
22085|894
22087|1866
22089|1125
22091|405
22093|932
22095|2588
22097|5278
22099|2054
22101|3679
22103|4495
22105|4818
22107|665
22109|4383
22111|674
22113|2083
22115|2366
22117|3085
22119|1580
22121|1051
22123|505
22125|504
22127|911
23000|6484
24001|1538
24003|-177
24005|-29983
24009|-754
24011|-283
24013|-139
24015|36
24017|7013
24019|179
24021|-49
24023|282
24025|-388
24027|-792
24029|-207
24031|-112
24033|-159
24035|124
24037|-221
24039|3281
24041|31
24043|-7960
24045|-510
24047|-64
24510|75
25000|68021
26001|440
26003|136
26005|1827
26007|1344
26009|647
26011|861
26013|421
26015|1139
26017|5625
26019|392
26021|6010
26023|1084
26025|5375
26027|1191
26029|700
26031|1281
26033|1269
26035|1942
26037|1082
26039|672
26041|1297
26043|495
26045|1789
26047|809
26049|20920
26051|1526
26053|313
26055|1204
26057|1486
26059|877
26061|1633
26063|1460
26065|11001
26067|1873
26069|1134
26071|311
26073|1911
26075|5163
26077|4702
26079|512
26081|8662
26083|84
26085|520
26087|1528
26089|432
26091|1764
26093|1101
26095|478
26097|213
26099|8443
26101|1084
26103|1719
26105|1297
26107|1844
26109|581
26111|2739
26113|556
26115|3329
26117|2313
26119|450
26121|6213
26123|1349
26125|12953
26127|1433
26129|1232
26131|225
26133|835
26135|475
26137|477
26139|2563
26141|566
26143|1083
26145|11945
26147|4146
26149|778
26151|1466
26153|447
26155|2154
26157|2009
26159|3779
26161|3667
26163|89198
26165|1257
27000|-2696
27001|443
27003|1485
27005|479
27007|690
27009|285
27011|45
27013|752
27015|251
27017|583
27019|175
27021|363
27023|260
27025|313
27027|1111
27029|55
27031|36
27033|166
27035|877
27037|1658
27039|184
27041|228
27043|172
27045|197
27047|512
27049|187
27051|96
27053|-554
27055|35
27057|267
27059|243
27061|1238
27063|116
27065|149
27067|835
27069|60
27071|245
27073|89
27075|124
27077|68
27079|212
27081|78
27083|357
27085|218
27087|-20
27089|91
27091|297
27093|336
27095|99
27097|268
27099|326
27101|107
27103|209
27105|17
27107|85
27109|576
27111|590
27113|253
27115|320
27117|102
27119|558
27121|215
27123|279
27125|38
27127|131
27129|284
27131|413
27133|81
27135|122
27137|175
27139|291
27141|208
27143|126
27145|540
27147|-23
27149|141
27151|180
27153|390
27155|67
27157|98
27159|144
27161|47
27163|759
27165|206
27167|139
27169|176
27171|671
27173|184
28001|8671
28003|243
28005|369
28007|317
28009|298
28011|850
28013|314
28015|111
28017|298
28019|219
28021|536
28023|273
28025|386
28027|1444
28029|1821
28031|711
28033|919
28035|2101
28037|444
28039|611
28041|529
28043|599
28045|1332
28047|23137
28049|49735
28051|1174
28053|357
28055|89
28057|54
28059|1740
28061|407
28063|780
28065|502
28067|8933
28069|211
28071|388
28073|836
28075|1424
28077|522
28079|1106
28081|6714
28083|1404
28085|990
28087|346
28089|2018
28091|799
28093|1860
28095|338
28097|291
28099|914
28101|537
28103|634
28105|1120
28107|544
28109|1574
28111|176
28113|1613
28115|59
28117|258
28119|687
28121|729
28123|196
28125|289
28127|426
28129|483
28131|224
28133|1519
28135|817
28137|467
28139|388
28141|84
28143|575
28145|74
28147|1015
28149|1281
28151|20761
28153|801
28155|292
28157|293
28159|922
28161|223
28163|1450
29000|-687
29001|198
29003|236
29005|204
29007|155
29009|-183
29011|42
29013|163
29015|-72
29017|136
29019|805
29021|2039
29023|1120
29025|201
29027|204
29029|8
29031|536
29033|252
29035|173
29037|715
29039|80
29041|58
29043|-31
29045|43
29047|2312
29049|230
29051|465
29053|263
29055|31
29057|154
29059|9
29061|105
29063|92
29065|203
29067|104
29069|827
29071|1213
29073|46
29075|113
29077|1280
29079|253
29081|191
29083|243
29085|16
29087|120
29089|112
29091|283
29093|186
29095|16080
29097|957
29099|2814
29101|464
29103|-7
29105|-118
29107|525
29109|-6
29111|67
29113|-107
29115|189
29117|215
29119|-299
29121|91
29123|57
29125|-8
29127|415
29129|-2
29131|399
29133|642
29135|97
29137|120
29139|199
29141|425
29143|479
29145|657
29147|257
29149|175
29151|96
29153|41
29155|1193
29157|119
29159|401
29161|476
29163|295
29165|772
29167|124
29169|715
29171|64
29173|64
29175|543
29177|357
29179|41
29181|247
29183|1225
29185|74
29187|261
29189|6743
29193|203
29195|486
29197|-24
29199|148
29201|463
29203|27
29205|95
29207|382
29209|-162
29211|-56
29213|-497
29215|266
29217|452
29219|452
29221|525
29223|329
29225|6
29227|-4
29229|306
29510|17379
30001|99
30003|250
30005|-169
30007|-39
30009|141
30011|3
30013|484
30015|38
30017|237
30019|24
30021|210
30023|76
30025|21
30027|35
30029|258
30031|22
30033|6
30035|-35
30037|8
30039|-7
30041|241
30043|-86
30045|-57
30047|-17
30049|295
30051|24
30053|184
30055|-6
30057|82
30059|5
30061|35
30063|95
30065|17
30067|240
30069|-6
30071|32
30073|-103
30075|13
30077|-2
30079|0
30081|-61
30083|203
30085|-11
30087|83
30089|44
30091|15
30093|50
30095|24
30097|42
30099|76
30101|33
30103|-4
30105|-83
30107|31
30109|28
30111|-24
31109|8309
32001|-20
32003|8916
32005|145
32007|185
32009|38
32011|7
32013|315
32015|43
32017|13
32019|239
32021|38
32023|59
32027|44
32029|15
32031|2310
32033|245
32510|138
33000|12326
34001|3307
34003|460
34005|1642
34007|6866
34009|649
34011|993
34013|10486
34015|1723
34017|-1454
34019|280
34021|1558
34023|2866
34025|2253
34027|1262
34029|975
34031|2240
34033|750
34035|487
34037|675
34039|2254
34041|195
35001|151
35003|303
35005|8696
35006|3762
35007|1788
35009|5657
35011|23
35013|21328
35015|3355
35017|4508
35019|858
35021|8
35023|1112
35025|8608
35027|1549
35028|130
35029|5517
35031|18632
35033|910
35035|3497
35037|2190
35039|6972
35041|1161
35043|39
35045|114
35047|6354
35049|728
35051|1803
35053|4266
35055|4812
35057|14
35059|473
35061|76
36000|254691
36062|-4544
37001|912
37003|-134
37005|23
37007|154
37009|-99
37011|273
37013|558
37015|230
37017|11
37019|888
37021|852
37023|-155
37025|290
37027|-37
37029|-81
37031|977
37033|226
37035|-190
37037|-8
37039|-59
37041|-36
37043|33
37045|-884
37047|683
37049|872
37051|-1733
37053|269
37055|240
37057|728
37059|148
37061|311
37063|-1620
37065|-376
37067|1550
37069|433
37071|-1203
37073|-12
37075|109
37077|7
37079|92
37081|419
37083|391
37085|121
37087|1
37089|-200
37091|313
37093|-85
37095|154
37097|348
37099|351
37101|127
37103|231
37105|296
37107|283
37109|-125
37111|6
37113|71
37115|312
37117|-77
37119|3298
37121|220
37123|379
37125|364
37127|100
37129|1221
37131|186
37133|1987
37135|354
37137|64
37139|337
37141|380
37143|137
37145|311
37147|459
37149|69
37151|22
37153|165
37155|1251
37157|1051
37159|-44
37161|-260
37163|617
37165|220
37167|72
37169|247
37171|299
37173|269
37175|7
37177|148
37179|413
37181|-59
37183|-3021
37185|-92
37187|105
37189|180
37191|-97
37193|583
37195|164
37197|372
37199|247
38001|18
38003|-14
38005|167
38009|87
38011|24
38013|36
38015|411
38017|842
38019|-14
38021|118
38023|37
38025|49
38027|23
38029|18
38031|3
38033|9
38035|327
38037|38
38039|18
38041|47
38043|38
38045|35
38047|-5
38049|76
38051|1
38053|-96
38055|88
38057|31
38059|40
38061|51
38063|54
38065|-4
38067|37
38069|28
38071|147
38073|55
38075|25
38077|267
38079|195
38081|-16
38083|61
38085|17
38089|251
38091|10
38093|271
38095|54
38097|73
38099|81
38101|69
38103|25
38105|310
39001|-241
39003|2812
39005|766
39007|3257
39009|2163
39011|395
39013|2053
39015|775
39017|5983
39019|568
39021|871
39023|4053
39025|3305
39027|1218
39029|3911
39031|902
39033|1170
39035|-336
39037|865
39039|680
39041|652
39043|1972
39045|1718
39047|752
39049|29310
39051|460
39053|774
39055|670
39057|2120
39059|1273
39061|25027
39063|914
39065|652
39067|570
39069|453
39071|1303
39073|671
39075|247
39077|1823
39079|949
39081|958
39083|508
39085|2390
39087|1375
39089|2842
39091|1127
39093|5040
39095|15480
39097|605
39099|8636
39101|1859
39103|1035
39105|1166
39107|168
39109|2348
39111|401
39113|-8265
39115|511
39117|1047
39119|1620
39121|433
39123|576
39125|404
39127|77
39129|923
39131|1221
39133|3056
39135|594
39137|405
39139|3063
39141|1885
39143|852
39145|2571
39147|1647
39149|727
39151|8338
39153|10134
39155|6922
39157|1619
39159|507
39161|264
39163|496
39165|1224
39167|1643
39169|1603
39171|351
39173|2157
39175|246
40001|236
40003|37
40005|32
40007|84
40009|403
40011|136
40013|349
40015|491
40017|748
40019|780
40021|377
40023|461
40025|108
40027|2685
40029|125
40031|1668
40033|164
40035|212
40037|1453
40039|488
40041|543
40043|71
40045|64
40047|1223
40049|329
40051|597
40053|142
40055|102
40057|134
40059|29
40061|84
40063|413
40065|757
40067|101
40069|254
40071|622
40073|261
40075|360
40077|451
40079|1231
40081|648
40083|663
40085|30
40087|122
40089|1651
40091|537
40093|105
40095|172
40097|804
40099|340
40101|1304
40103|212
40105|108
40107|301
40109|13734
40111|977
40113|678
40115|233
40117|-5
40119|1179
40121|627
40123|82
40125|644
40127|93
40129|63
40131|612
40133|410
40135|315
40137|741
40139|344
40141|517
40143|10361
40145|586
40147|485
40149|273
40151|131
40153|333
41000|-1569
42001|786
42003|20532
42005|1707
42007|4087
42009|1009
42011|662
42013|2474
42015|954
42017|3367
42019|2034
42021|2299
42023|69
42025|821
42027|1021
42029|2997
42031|1060
42033|1621
42035|458
42037|203
42039|1882
42041|1298
42043|4100
42045|3518
42047|86
42049|4307
42051|4387
42053|6
42055|401
42057|204
42059|1148
42061|510
42063|1996
42065|617
42067|260
42069|2277
42071|5156
42073|2462
42075|435
42077|2639
42079|4670
42081|2248
42083|1079
42085|2305
42087|464
42089|1154
42091|4286
42093|219
42095|1779
42097|886
42099|451
42101|40571
42103|435
42105|463
42107|1710
42109|297
42111|1431
42113|125
42115|475
42117|832
42119|385
42121|1425
42123|500
42125|3121
42127|303
42129|5977
42131|750
42133|1999
44935|14239
45001|228
45003|-851
45005|-69
45007|8212
45009|262
45011|-74
45013|778
45015|12479
45017|205
45019|33317
45021|106
45023|302
45025|5885
45027|403
45029|501
45031|-218
45033|-140
45035|7426
45037|135
45039|502
45041|17696
45043|143
45045|21519
45047|571
45049|65
45051|16254
45053|310
45055|-61
45057|230
45059|779
45061|562
45063|-643
45065|-35
45067|592
45069|172
45071|263
45073|461
45075|16450
45077|1002
45079|26757
45081|191
45083|15091
45085|15585
45087|2810
45089|8233
45091|9781
46003|33
46005|122
46007|90
46009|33
46011|121
46013|256
46015|-22
46019|-100
46021|-14
46023|-230
46025|-10
46027|-63
46029|232
46031|23
46033|5
46035|1
46037|125
46039|71
46041|-62
46043|43
46045|6
46047|110
46049|-1
46051|66
46053|71
46055|6
46057|3
46059|-27
46061|-7
46063|17
46065|180
46067|-34
46069|5
46071|41
46073|2
46075|-16
46077|88
46079|161
46081|134
46083|64
46085|-6
46087|92
46089|9
46091|-1
46093|115
46095|63
46097|40
46099|673
46101|83
46103|495
46105|26
46107|13
46109|73
46111|26
46113|185
46115|-37
46117|-11
46119|14
46121|5
46123|-19
46125|48
46127|110
46129|60
46135|117
46137|107
47001|546
47003|383
47005|-199
47007|161
47009|820
47011|909
47013|930
47015|152
47017|60
47019|572
47021|487
47023|142
47025|422
47027|51
47029|198
47031|468
47033|83
47035|358
47037|11472
47039|22
47041|13
47043|473
47045|80
47047|918
47049|-93
47051|145
47053|-111
47055|178
47057|378
47059|810
47061|254
47063|1059
47065|5100
47067|104
47069|501
47071|507
47073|790
47075|344
47077|43
47079|85
47081|39
47083|-32
47085|131
47087|168
47089|199
47091|160
47093|5777
47095|105
47097|739
47099|-56
47101|1
47103|-205
47105|367
47107|63
47109|-88
47111|-1
47113|981
47115|249
47117|173
47119|280
47121|-148
47123|182
47125|1032
47127|78
47129|257
47131|428
47133|101
47135|-19
47137|-40
47139|428
47141|164
47143|4
47145|448
47147|459
47149|894
47151|155
47153|201
47155|628
47157|19402
47159|130
47161|-43
47163|1091
47165|927
47167|987
47169|43
47171|159
47173|93
47175|-36
47177|283
47179|1683
47181|-59
47183|-16
47185|-15
47187|922
47189|895
48001|280
48003|578
48005|1515
48007|-187
48009|35
48011|-30
48013|671
48015|212
48017|-300
48019|-121
48021|509
48023|3
48025|630
48027|1589
48029|27762
48031|70
48033|2
48035|-5
48037|775
48039|4295
48041|675
48043|-35
48045|-49
48047|159
48049|542
48051|510
48053|963
48055|439
48057|197
48059|56
48061|6299
48063|261
48065|30
48067|599
48069|232
48071|-1500
48073|214
48075|-41
48077|91
48079|250
48081|2
48083|209
48085|3284
48087|83
48089|451
48091|878
48093|0
48095|22
48097|758
48099|1345
48101|50
48103|117
48105|133
48107|141
48109|47
48111|20
48113|61147
48115|754
48117|492
48119|-57
48121|5191
48123|304
48125|139
48127|447
48129|54
48131|337
48133|13
48135|5271
48137|143
48139|1914
48141|2195
48143|528
48145|530
48147|674
48149|222
48151|67
48153|69
48155|-27
48157|5778
48159|132
48161|379
48163|542
48165|682
48167|8042
48169|-18
48171|-4
48173|19
48175|65
48177|115
48179|-89
48181|1822
48183|1767
48185|238
48187|856
48189|474
48191|120
48193|-21
48195|68
48197|139
48199|485
48201|130810
48203|1696
48205|15
48207|97
48209|539
48211|26
48213|1874
48215|12832
48217|697
48219|285
48221|1101
48223|542
48225|287
48227|857
48229|-103
48231|1659
48233|268
48235|83
48237|179
48239|340
48241|-164
48243|61
48245|3240
48247|194
48249|1020
48251|2996
48253|406
48255|250
48257|1018
48259|-72
48261|19
48263|24
48265|517
48267|109
48269|5
48271|80
48273|423
48275|78
48277|-211
48279|80
48281|156
48283|176
48285|299
48287|26
48289|469
48291|2391
48293|322
48295|-55
48297|222
48299|86
48303|2354
48305|266
48307|425
48309|3709
48311|-12
48313|-213
48315|280
48317|277
48319|111
48321|1496
48323|3116
48325|488
48327|67
48329|2649
48331|345
48333|89
48335|218
48337|214
48339|4370
48341|125
48343|279
48345|66
48347|516
48349|892
48351|-19
48353|179
48355|5577
48357|95
48359|-20
48361|793
48363|1090
48365|532
48367|1872
48369|362
48371|456
48373|871
48375|1707
48377|182
48379|94
48381|172
48383|112
48385|24
48387|2
48389|739
48391|166
48395|365
48397|319
48399|78
48401|1312
48403|152
48405|-34
48407|400
48409|2268
48411|191
48413|63
48415|373
48417|113
48419|446
48421|-10
48423|2213
48425|263
48427|1739
48429|31
48431|18
48433|30
48435|140
48437|161
48439|32824
48441|867
48443|68
48445|385
48447|31
48449|434
48451|1549
48453|12880
48455|31
48457|133
48459|706
48461|151
48463|572
48465|1998
48467|922
48469|1961
48471|1026
48473|1140
48475|363
48477|156
48479|-2988
48481|1695
48483|51
48485|1256
48487|-66
48489|624
48491|1861
48493|64
48495|452
48497|808
48499|842
48501|191
48503|152
48505|299
48507|769
49000|1584
49003|-393
49007|-699
49011|-1756
49035|124
49037|135
49039|26
49045|4
49047|-8
49049|-19
49053|-16
49057|117
50000|-40
51001|-99
51003|68
51007|-33
51009|-115
51011|66
51013|-360
51017|102
51019|186
51021|21
51023|143
51025|28
51027|393
51029|185
51031|-131
51033|155
51035|-19
"5103|169
51037|74
51041|1169
51043|55
51045|124
51047|110
51049|26
51051|585
51053|-39
51057|-58
51059|5494
51061|378
51063|-61
51065|124
51067|-110
51069|209
51071|136
51073|55
51075|84
51077|-24
51079|78
51081|362
51083|-222
51085|196
51087|2194
51089|666
51091|38
51093|7
51095|148
51097|136
51099|53
51101|50
51103|108
51105|240
51107|215
51109|155
51111|149
51113|161
51115|155
51117|64
51119|125
51121|384
51125|191
51127|95
51131|425
51133|135
51135|-18
51137|10
51139|259
51141|-35
51143|379
51145|98
51147|64
51149|-39
51153|514
51155|110
51157|51
51159|-36
51161|429
51163|325
51165|97
51167|236
51169|408
51171|240
51173|183
51175|263
51177|-184
51179|178
51181|160
51183|127
51185|239
51187|348
51191|246
51193|283
51195|316
51197|186
51199|229
51510|290
51520|201
51540|700
51550|1738
51560|-34
51580|210
51590|100
51620|42
51630|289
51640|38
51650|1046
51660|218
51670|616
51680|593
51683|269
51685|111
51690|198
51700|3319
51710|7203
51720|62
51730|858
51740|1511
51750|163
51760|1110
51770|915
51790|383
51800|212
51810|-7986
51820|145
51830|141
51840|234
52001|313
52005|1045
53001|583
53003|62
53005|-2910
53007|-241
53009|1493
53011|-198
53013|506
53015|1496
53017|574
53019|732
53021|-1604
53023|20
53025|2
53027|6345
53029|1676
53031|-51
53033|-19942
53035|-5097
53037|1129
53039|1463
53041|1826
53043|321
53045|101
53047|2085
53049|646
53051|1680
53053|-5766
53055|450
53057|3704
53059|676
53061|-353
53063|-4090
53065|875
53067|4312
53069|123
53071|1159
53073|-622
53075|580
53077|-2092
54000|23929
55001|405
55003|320
55005|1326
55007|325
55009|2811
55011|231
55013|356
55015|315
55017|1485
55019|552
55021|696
55023|389
55025|3017
55027|865
55029|410
55031|1044
55033|697
55035|1906
55037|135
55039|1910
55041|298
55043|436
55045|298
55047|417
55049|189
55051|82
55053|484
55055|627
55057|496
55059|2932
55061|135
55063|2102
55065|331
55067|365
55069|439
55071|874
55073|1340
55075|661
55077|271
55078|413
55079|26900
55081|753
55083|565
55085|533
55087|1007
55089|59
55091|148
55093|567
55095|1189
55097|1233
55099|302
55101|4441
55103|386
55105|4460
55107|492
55109|675
55111|356
55113|646
55115|471
55117|1855
55119|127
55121|578
55123|429
55125|290
55127|743
55129|509
55131|600
55133|1325
55135|832
55137|663
55139|1622
55141|982
55143|425
55145|32
55147|-33
55149|72
55151|180
56000|8612
U.S.|3508253
|0
b|0
