COUNTY|DELTA
01001|459
01003|1198
01005|575
01007|226
01009|510
01011|357
01013|325
01015|2053
01017|660
01019|-17
01021|130
01023|250
01025|459
01027|227
01029|159
01031|294
01033|4141
01035|662
01037|183
01039|4944
01041|265
01043|477
01045|6693
01047|13388
01049|631
01051|639
01053|853
01055|2024
01057|243
01059|133
01061|82
01063|562
01065|652
01067|320
01069|730
01071|742
01073|66359
01075|259
01077|389
01079|145
01081|1223
01083|769
01085|480
01087|405
01089|20755
01091|4557
01093|260
01095|-96
01097|64917
01099|152
01101|4632
01103|5862
01105|706
01107|488
01109|281
01111|239
01113|1328
01115|743
01117|778
01119|679
01121|1121
01123|1026
01125|17292
01127|4955
01129|209
01131|217
01133|43
02110|48676
04001|4699
04003|3924
04005|3624
04007|1325
04009|866
04011|238
04013|68282
04015|2814
04017|4224
04019|17435
04021|5256
04023|1394
04025|2678
04027|6341
04029|728
05001|275
05003|195
05005|302
05007|736
05009|-69
05011|107
05013|80
05015|115
05017|266
05019|262
05021|206
05023|-6
05025|143
05027|279
05029|93
05031|443
05033|-40
05035|148
05037|69
05039|129
05041|261
05043|-89
05045|-105
05047|-147
05049|88
05051|178
05053|114
05055|160
05057|95
05059|118
05061|67
05063|447
05065|567
05067|373
05069|1525
05071|-84
05073|-15
05075|598
05077|489
05079|311
05081|53
05083|-47
05085|233
05087|-150
05089|216
05091|417
05093|20
05095|284
05097|180
05099|62
05101|80
05103|343
05105|14
05107|1224
05109|125
05111|503
05113|240
05115|107
05117|87
05119|2683
05121|244
05123|822
05125|140
05127|390
05129|102
05131|-94
05133|131
05135|138
05137|325
05139|509
05141|95
05143|-8
05145|583
05147|32
05149|237
06001|46387
06003|88
06005|218
06007|6248
06009|821
06011|372
06013|19195
06015|867
06017|2588
06019|33351
06021|911
06023|3438
06025|9191
06027|376
06029|20056
06031|3388
06033|1917
06035|576
06037|366851
06039|3209
06041|2723
06043|474
06045|2664
06047|18272
06049|299
06051|144
06053|5096
06055|2249
06057|1522
06059|59633
06061|4140
06063|425
06065|39179
06067|44782
06069|1076
06071|205679
06073|80621
06075|21124
06077|12055
06079|3516
06081|8788
06083|9519
06085|38659
06087|6684
06089|5847
06091|63
06093|1472
06095|8356
06097|10041
06099|15412
06101|1130
06103|1280
06105|352
06107|26750
06109|1024
06111|11099
06113|6335
06115|4025
08000|5114
08003|189
08007|-19
08009|31
08011|18
08013|1050
08015|220
08017|0
08021|125
08023|309
08025|167
08027|38
08029|2186
08031|13484
08033|14
08037|101
08039|25
08041|1949
08043|402
08045|1492
08051|468
08055|-30
08059|1305
08061|-9
08063|123
08065|23
08067|-97
08069|1372
08071|496
08073|19
08075|58
08077|7704
08081|3
08083|136
08085|1921
08087|322
08089|617
08091|80
08093|143
08095|-28
08099|329
08101|2549
08103|189
08105|141
08107|42
08109|191
08111|-7
08113|128
08115|22
08117|-69
08119|84
08121|20
08123|2622
08125|11
08127|3774
08129|3442
09901|37159
09903|58434
09905|24541
09907|40754
09909|19625
09911|5962
09913|7939
09915|18257
10001|-1850
10002|17381
10003|2460
11001|8766
12001|20455
12003|2328
12005|15318
12007|3259
12009|29835
12011|86175
12013|1876
12015|5211
12017|8960
12019|4332
12021|10253
12023|7596
12025|319079
12027|3640
12029|1962
12031|58159
12033|31667
12035|2502
12037|756
12039|8960
12041|1206
12045|1755
12047|1721
12049|4526
12051|5308
12053|9267
12055|6494
12057|86272
12059|3411
12061|5117
12063|4803
12065|2079
12067|713
12069|15032
12071|20276
12073|17119
12075|3828
12077|714
12079|2390
12081|14673
12083|24569
12085|5692
12087|4088
12089|2356
12091|8856
12093|2541
12095|63822
12097|13812
12099|53362
12101|23171
12103|54440
12105|48106
12107|11629
12109|5095
12111|16042
12113|6586
12115|10545
12117|16835
12119|5693
12121|3577
12123|2933
12125|1334
12127|31860
12129|1584
12131|3554
12133|3067
13001|2074
13003|1121
13005|1650
13007|795
13009|4470
13011|929
13013|2838
13015|4473
13017|2347
13019|2061
13021|25543
13023|1516
13025|1992
13027|3283
13029|1905
13031|5120
13033|4957
13035|1805
13037|1109
13039|2749
13043|1446
13045|7309
13047|3136
13049|1352
13051|31691
13053|708
13055|1845
13057|2709
13059|7713
13061|1076
13063|19284
13065|1389
13067|13790
13069|4921
13071|6555
13073|3829
13075|2129
13077|5246
13079|1132
13081|5081
13083|1214
13085|735
13087|5481
13089|50269
13091|2790
13093|1860
13095|20013
13097|4897
13099|3311
13100|377
13103|2906
13105|2787
13107|3892
13109|1619
13111|1478
13113|1315
13115|7551
13117|1656
13119|1678
13121|102161
13123|1217
13125|256
13127|6594
13129|2824
13131|3531
13133|2413
13135|10569
13137|1255
13139|7098
13141|2324
13143|2454
13145|1207
13147|2182
13149|1120
13151|3036
13153|8423
13155|1194
13157|3023
13159|1379
13161|1531
13163|3465
13165|1495
13167|1627
13169|1557
13171|1638
13173|1221
13175|6320
13177|1142
13179|7191
13181|958
13183|1340
13185|11291
13187|1334
13189|3180
13191|1467
13193|2843
13195|2478
13197|1129
13199|3264
13201|1153
13205|4395
13207|1735
13209|950
13211|1683
13213|1738
13215|26888
13217|5617
13219|959
13221|1036
13223|2759
13225|4512
13227|1408
13229|1923
13231|764
13233|3704
13235|1395
13237|1866
13239|606
13241|891
13243|2037
13245|32921
13247|3383
13249|542
13251|2240
13253|1903
13255|6633
13257|2669
13259|1257
13261|6374
13263|1099
13265|471
13267|3178
13269|1862
13271|2225
13273|2729
13275|5714
13277|5017
13279|4373
13281|440
13283|1122
13285|5435
13287|1624
13289|1374
13291|950
13293|3279
13295|4155
13297|4210
13299|5304
13301|1270
13303|3695
13305|3416
13307|241
13309|800
13311|820
13313|4469
13315|1400
13317|1564
13319|1425
13321|3693
14000|-638
15001|672
15003|2597
15007|-173
15009|45
16000|15663
17001|911
17003|518
17005|202
17007|321
17009|-23
17011|372
17013|136
17015|257
17017|252
17019|1605
17021|482
17023|368
17025|123
17027|298
17029|595
17031|613601
17033|-12679
17035|162
17037|508
17039|163
17041|168
17043|2711
17045|253
17047|417
17049|233
17051|177
17053|220
17055|822
17057|759
17059|221
17061|198
17063|433
17065|158
17067|272
17069|222
17071|124
17073|1050
17075|156
17077|1113
17079|-60
17081|788
17083|347
17085|77
17087|228
17089|4780
17091|1619
17093|329
17095|793
17097|3471
17099|1369
17101|142
17103|308
17105|277
17107|379
17109|-6472
17111|846
17113|884
17115|1792
17117|1097
17119|5056
17121|822
17123|112
17125|359
17127|125
17129|71
17131|204
17133|74
17135|507
17137|357
17139|149
17141|270
17143|3476
17145|465
17147|123
17149|346
17151|113
17153|382
17155|39
17157|466
17159|61
17161|3297
17163|8820
17165|4030
17167|25
17169|172
17171|65
17173|152
17175|92
17177|660
17179|1781
17181|358
17183|1681
17185|263
17187|242
17189|237
17191|139
17193|204
17195|950
17197|3687
17199|599
17201|2979
17203|315
18001|115
18003|3647
18005|157
18007|156
18009|111
18011|-112
18013|106
18015|98
18017|374
18019|1026
18021|145
18023|337
18025|152
18027|191
18029|384
18031|13
18033|10
18035|1791
18037|-22
18039|1581
18041|242
18043|768
18045|137
18047|181
18049|102
18051|215
18053|1019
18055|118
18057|45
18059|122
18061|538
18063|94
18065|469
18067|98
18069|15
18071|373
18073|348
18075|302
18077|466
18079|-10
18081|322
18083|284
18085|183
18087|109
18089|8567
18091|1005
18093|539
18095|1696
18097|12734
18099|325
18101|151
18103|604
18105|289
18107|-272
18109|467
18111|127
18113|87
18115|1
18117|117
18119|229
18121|39
18123|278
18125|317
18127|520
18129|-3726
18131|228
18133|10
18135|552
18137|133
18139|18
18141|2501
18143|207
18145|310
18147|245
18149|259
18151|345
18153|179
18155|110
18157|762
18159|110
18161|112
18163|1664
18165|128
18167|549
18169|364
18171|6
18173|350
18175|268
18177|1101
18179|20
18181|283
18183|24
19001|189
19003|126
19005|165
19007|219
19009|78
19011|216
19013|1763
19015|409
19017|134
19019|251
19021|110
19023|111
19025|104
19027|42
19029|135
19031|190
19033|660
19035|70
19037|88
19039|199
19041|152
19043|129
19045|702
19047|216
19049|299
19051|129
19053|230
19055|142
19057|472
19059|46
19061|626
19063|82
19065|234
19067|106
19069|183
19071|130
19073|106
19075|84
19077|166
19079|132
19081|92
19083|256
19085|269
19087|164
19089|48
19091|100
19093|-3
19095|170
19097|144
19099|169
19101|219
19103|610
19105|270
19107|199
19109|38
19111|378
19113|1766
19115|240
19117|140
19119|109
19121|205
19123|279
19125|457
19127|683
19129|175
19131|75
19133|79
19135|151
19137|74
19139|905
19141|98
19143|135
19145|33
19147|182
19149|63
19151|96
19153|5219
19155|1373
19157|171
19159|68
19161|192
19163|3122
19165|157
19167|143
19169|560
19171|174
19173|186
19175|250
19177|58
19179|818
19181|379
19183|176
19185|110
19187|930
19189|168
19191|220
19193|1063
19195|50
19197|155
20001|317
20003|91
20005|260
20007|38
20009|528
20011|200
20013|343
20015|572
20017|85
20019|48
20021|384
20023|-8
20025|27
20027|110
20029|93
20031|153
20033|-5
20035|481
20037|566
20039|-2
20041|265
20043|177
20045|617
20047|17
20049|41
20051|288
20053|39
20055|608
20057|297
20059|243
20061|1567
20063|10
20065|13
20067|77
20069|13
20071|-4
20073|146
20075|18
20077|24
20079|527
20081|73
20083|18
20085|318
20087|194
20089|52
20091|1854
20093|135
20095|93
20097|25
20099|367
20101|44
20103|683
20105|44
20107|-9
20109|2
20111|771
20113|197
20115|150
20117|100
20119|7
20121|305
20123|84
20125|1013
20127|207
20129|20
20131|1
20133|218
20135|16
20137|71
20139|161
20141|63
20143|101
20145|69
20147|17
20149|295
20151|140
20153|58
20155|872
20157|-1
20159|214
20161|816
20163|-4
20165|68
20167|45
20169|1140
20171|2
20173|9946
20175|600
20177|2673
20179|-2
20181|81
20183|7
20185|64
20187|-14
20189|61
20191|382
20193|144
20195|-7
20197|57
20199|-28
20201|53
20203|17
20205|153
20207|73
20209|5631
21001|172
21003|386
21005|241
21007|77
21009|208
21011|212
21013|493
21015|571
21017|381
21019|522
21021|512
21023|214
21025|507
21027|234
21029|793
21031|205
21033|347
21035|340
21037|1021
21039|64
21041|254
21043|563
21045|275
21047|1110
21049|332
21051|505
21053|211
21055|224
21057|247
21059|1738
21061|249
21063|208
21065|507
21067|2251
21069|315
21071|305
21073|825
21075|193
21077|68
21079|230
21081|465
21083|135
21085|697
21087|4
21089|582
21091|214
21093|1461
21095|819
21097|196
21099|223
21101|227
21103|632
21105|48
21107|585
21109|621
21111|9994
21113|829
21115|616
21117|1584
21119|425
21121|918
21123|184
21125|933
21127|300
21129|345
21131|335
21133|732
21135|-31
21137|933
21139|240
21141|427
21143|167
21145|404
21147|663
21149|216
21151|1512
21153|491
21155|252
21157|216
21159|332
21161|203
21163|345
21165|163
21167|272
21169|184
21171|234
21173|408
21175|334
21177|731
21179|387
21181|244
21183|462
21185|121
21187|306
21189|207
21191|325
21193|520
21195|916
21197|325
21199|950
21201|35
21203|336
21205|407
21207|-5
21209|581
21211|287
21213|207
21215|265
21217|137
21219|161
21221|184
21223|116
21225|166
21227|418
21229|190
21231|438
21233|387
21235|264
21237|174
21239|328
22001|742
22003|368
22005|1399
22007|76
22009|-22
22011|-220
22013|202
22015|-87
22017|-770
22019|1136
22021|109
22023|77
22025|102
22027|225
22029|-116
22031|202
22033|2185
22035|-240
22037|278
22039|47
22041|-99
22043|-101
22045|265
22047|265
22049|140
22051|3551
22053|41
22055|-928
22057|1231
22059|8
22061|-44
22063|571
22065|119
22067|-446
22069|-371
22071|1672
22073|-328
22075|126
22077|329
22079|-124
22081|-115
22083|-323
22085|135
22087|415
22089|366
22091|-106
22093|121
22095|344
22097|-44
22099|-365
22101|-27
22103|1344
22105|-294
22107|-1
22109|402
22111|171
22113|554
22115|18
22117|-151
22119|185
22121|302
22123|-47
22125|87
22127|716
23000|17499
24001|1051
24003|-12059
24005|4377
24009|878
24011|647
24013|346
24015|1497
24017|-5874
24019|493
24021|1040
24023|-69
24025|2121
24027|1938
24029|262
24031|-15189
24033|-32607
24035|283
24037|1613
24039|-2636
24041|253
24043|1660
24045|1668
24047|415
24510|-116853
25000|350428
26001|74
26003|-446
26005|981
26007|364
26009|248
26011|221
26013|116
26015|365
26017|1915
26019|-110
26021|4129
26023|364
26025|3414
26027|870
26029|-634
26031|73
26033|435
26035|917
26037|479
26039|326
26041|608
26043|308
26045|610
26047|971
26049|18732
26051|362
26053|454
26055|552
26057|890
26059|633
26061|451
26063|386
26065|5627
26067|-2341
26069|462
26071|148
26073|787
26075|2779
26077|4433
26079|229
26081|6191
26083|64
26085|317
26087|413
26089|339
26091|1604
26093|760
26095|12
26097|90
26099|4910
26101|457
26103|653
26105|388
26107|361
26109|143
26111|1259
26113|-1386
26115|1461
26117|3367
26119|154
26121|4080
26123|764
26125|13988
26127|189
26129|564
26131|102
26133|454
26135|163
26137|5
26139|869
26141|189
26143|491
26145|6008
26147|1822
26149|762
26151|401
26153|783
26155|729
26157|592
26159|890
26161|3472
26163|110932
26165|1938
27000|15237
27001|1294
27003|9020
27005|2601
27007|5237
27009|1578
27011|328
27013|2212
27015|776
27017|1733
27019|824
27021|2285
27023|443
27025|1346
27027|3901
27029|934
27031|102
27033|580
27035|3581
27037|7262
27039|553
27041|1244
27043|765
27045|863
27047|1748
27049|967
27051|335
27053|1127
27055|701
27057|1224
27059|1142
27061|2853
27063|487
27065|902
27067|2532
27069|191
27071|900
27073|243
27075|387
27077|116
27079|762
27081|248
27083|1054
27085|737
27087|655
27089|382
27091|1175
27093|774
27095|1000
27097|1208
27099|2164
27101|330
27103|846
27105|1090
27107|453
27109|5181
27111|2371
27113|660
27115|1833
27117|456
27119|2796
27121|457
27123|190
27125|254
27127|493
27129|560
27131|1643
27133|258
27135|368
27137|1226
27139|1378
27141|962
27143|424
27145|4626
27147|1121
27149|344
27151|525
27153|1054
27155|299
27157|568
27159|1083
27161|730
27163|3371
27165|493
27167|309
27169|1951
27171|2173
27173|341
28001|12
28003|3912
28005|681
28007|836
28009|381
28011|2937
28013|528
28015|422
28017|2370
28019|465
28021|701
28023|564
28025|4481
28027|10150
28029|1571
28031|814
28033|4106
28035|2578
28037|413
28039|997
28041|748
28043|1020
28045|1760
28047|-12430
28049|86
28051|9225
28053|3681
28055|133
28057|1372
28059|12983
28061|794
28063|2249
28065|1428
28067|-4898
28069|570
28071|617
28073|616
28075|11585
28077|1736
28079|1065
28081|-4254
28083|2230
28085|1385
28087|9326
28089|2708
28091|1908
28093|3109
28095|3995
28097|670
28099|3313
28101|689
28103|3964
28105|4465
28107|7165
28109|2006
28111|558
28113|7215
28115|527
28117|980
28119|3225
28121|2179
28123|1306
28125|2671
28127|1333
28129|626
28131|780
28133|9755
28135|3697
28137|893
28139|707
28141|1619
28143|920
28145|793
28147|595
28149|7774
28151|-44
28153|1286
28155|1419
28157|2573
28159|794
28161|630
28163|1380
29000|414
29001|262
29003|213
29005|140
29007|354
29009|375
29011|269
29013|327
29015|91
29017|171
29019|1100
29021|2374
29023|1259
29025|240
29027|611
29029|301
29031|975
29033|200
29035|153
29037|821
29039|177
29041|135
29043|246
29045|205
29047|1402
29049|234
29051|687
29053|208
29055|565
29057|164
29059|198
29061|216
29063|162
29065|391
29067|254
29069|559
29071|1636
29073|140
29075|119
29077|3015
29079|134
29081|287
29083|167
29085|129
29087|103
29089|77
29091|503
29093|324
29095|69032
29097|2128
29099|2673
29101|975
29103|104
29105|712
29107|728
29109|379
29111|185
29113|152
29115|178
29117|304
29119|666
29121|267
29123|194
29125|219
29127|680
29129|160
29131|370
29133|265
29135|209
29137|122
29139|331
29141|270
29143|902
29145|544
29147|395
29149|82
29151|115
29153|211
29155|728
29157|131
29159|640
29161|828
29163|278
29165|248
29167|374
29169|783
29171|117
29173|289
29175|605
29177|330
29179|232
29181|476
29183|2912
29185|186
29187|1207
29189|9796
29193|128
29195|435
29197|195
29199|45
29201|855
29203|-10690
29205|215
29207|795
29209|334
29211|105
29213|164
29215|476
29217|234
29219|14
29221|749
29223|231
29225|399
29227|130
29229|241
29510|21888
30001|123
30003|244
30005|106
30007|23
30009|114
30011|27
30013|288
30015|43
30017|58
30019|6
30021|106
30023|243
30025|-18
30027|21
30029|452
30031|107
30033|-5
30035|-265
30037|6
30039|41
30041|-64
30043|151
30045|24
30047|177
30049|559
30051|-5
30053|365
30055|16
30057|101
30059|9
30061|48
30063|1452
30065|65
30067|137
30069|13
30071|-11
30073|58
30075|5
30077|53
30079|-4
30081|144
30083|66
30085|80
30087|145
30089|249
30091|4
30093|628
30095|15
30097|-7
30099|92
30101|39
30103|2
30105|257
30107|18
30109|2
30111|788
31109|3240
32001|214
32003|19333
32005|142
32007|178
32009|27
32011|19
32013|25
32015|43
32017|107
32019|270
32021|45
32023|202
32027|55
32029|16
32031|3292
32033|138
32510|502
33000|47759
34001|5463
34003|3254
34005|3202
34007|13363
34009|1639
34011|3893
34013|23741
34015|3754
34017|17362
34019|240
34021|3601
34023|9653
34025|5822
34027|1404
34029|6057
34031|1166
34033|1449
34035|1558
34037|446
34039|5354
34041|1061
35001|23
35003|-291
35005|9
35006|-3121
35007|4
35009|13
35011|83
35013|91
35015|-1
35017|-8
35019|-514
35021|5
35023|-860
35025|16
35027|0
35028|-80
35029|13
35031|19
35033|-2
35035|28
35037|18
35039|22
35041|-2444
35043|-1
35045|33
35047|9
35049|15
35051|3
35053|22
35055|16
35057|2
35059|3
35061|3
36000|385949
36062|1218
37001|1572
37003|1785
37005|660
37007|914
37009|1907
37011|308
37013|636
37015|4024
37017|146
37019|1173
37021|3401
37023|935
37025|5183
37027|540
37029|651
37031|1137
37033|404
37035|7606
37037|2224
37039|764
37041|2465
37043|186
37045|1530
37047|1498
37049|1903
37051|32533
37053|1165
37055|251
37057|7609
37059|967
37061|4433
37063|17896
37065|11017
37067|20317
37069|4244
37071|2251
37073|1085
37075|215
37077|854
37079|2073
37081|3987
37083|12196
37085|1454
37087|769
37089|640
37091|4481
37093|3958
37095|271
37097|4915
37099|595
37101|7802
37103|285
37105|3716
37107|1497
37109|3157
37111|520
37113|277
37115|152
37117|3798
37119|4423
37121|183
37123|788
37125|4139
37127|8383
37129|2635
37131|4462
37133|2573
37135|735
37137|306
37139|5155
37141|608
37143|1739
37145|491
37147|13880
37149|69
37151|2366
37153|6018
37155|1979
37157|6322
37159|9070
37161|762
37163|895
37165|5817
37167|3109
37169|2354
37171|3986
37173|453
37175|540
37177|161
37179|5201
37181|953
37183|25925
37185|2914
37187|315
37189|2026
37191|10775
37193|4904
37195|7902
37197|1622
37199|71
38001|30
38003|100
38005|173
38009|56
38011|-1
38013|28
38015|559
38017|392
38019|41
38021|13
38023|4
38025|1
38027|-21
38029|41
38031|51
38033|19
38035|334
38037|-17
38039|50
38041|60
38043|19
38045|19
38047|11
38049|28
38051|49
38053|107
38055|34
38057|42
38059|148
38061|13
38063|19
38065|-24
38067|57
38069|42
38071|63
38073|39
38075|-14
38077|88
38079|231
38081|93
38083|-6
38085|92
38089|118
38091|15
38093|189
38095|-23
38097|32
38099|80
38101|277
38103|75
38105|118
39001|2584
39003|2862
39005|647
39007|3317
39009|1524
39011|466
39013|2041
39015|1593
39017|15532
39019|690
39021|1423
39023|14385
39025|7083
39027|1980
39029|3056
39031|645
39033|735
39035|46
39037|1541
39039|477
39041|2461
39043|1636
39045|4649
39047|2092
39049|81567
39051|378
39053|917
39055|462
39057|6113
39059|1561
39061|28027
39063|872
39065|798
39067|640
39069|428
39071|1038
39073|669
39075|108
39077|1352
39079|1457
39081|4560
39083|482
39085|1344
39087|2575
39089|8152
39091|1060
39093|16731
39095|14904
39097|1803
39099|9072
39101|1414
39103|1606
39105|1011
39107|1178
39109|1089
39111|459
39113|40687
39115|605
39117|643
39119|2147
39121|363
39123|466
39125|337
39127|2197
39129|3413
39131|1097
39133|3177
39135|1605
39137|410
39139|3045
39141|1924
39143|2427
39145|3683
39147|1165
39149|2108
39151|7887
39153|49884
39155|6069
39157|1254
39159|1108
39161|227
39163|436
39165|3885
39167|1143
39169|786
39171|614
39173|1063
39175|157
40001|2706
40003|312
40005|1984
40007|180
40009|2382
40011|1304
40013|3763
40015|4676
40017|3746
40019|5395
40021|5781
40023|3599
40025|115
40027|9655
40029|813
40031|12476
40033|644
40035|1009
40037|5712
40039|2013
40041|3942
40043|315
40045|240
40047|5202
40049|3133
40051|5202
40053|275
40055|900
40057|843
40059|129
40061|1581
40063|1798
40065|2987
40067|864
40069|1548
40071|4003
40073|654
40075|1505
40077|1507
40079|6617
40081|2746
40083|2617
40085|968
40087|1857
40089|1500
40091|581
40093|64
40095|202
40097|846
40099|187
40101|897
40103|74
40105|227
40107|263
40109|6565
40111|851
40113|653
40115|842
40117|428
40119|546
40121|608
40123|718
40125|455
40127|636
40129|94
40131|466
40133|608
40135|760
40137|-24
40139|-27
40141|126
40143|9159
40145|715
40147|441
40149|125
40151|22
40153|256
41000|398
42001|389
42003|21088
42005|761
42007|3466
42009|827
42011|-15471
42013|1754
42015|1164
42017|3159
42019|1816
42021|2315
42023|91
42025|317
42027|649
42029|2329
42031|818
42033|521
42035|695
42037|392
42039|1538
42041|572
42043|3736
42045|4601
42047|261
42049|3508
42051|4063
42053|302
42055|879
42057|200
42059|1019
42061|358
42063|1277
42065|506
42067|129
42069|1258
42071|2418
42073|1579
42075|317
42077|3276
42079|3316
42081|2161
42083|591
42085|2260
42087|552
42089|1170
42091|3536
42093|224
42095|2447
42097|895
42099|354
42101|53289
42103|282
42105|402
42107|1477
42109|259
42111|546
42113|-24
42115|1020
42117|507
42119|186
42121|1130
42123|427
42125|3753
42127|536
42129|4956
42131|279
42133|2745
44935|5926
45001|2246
45003|11884
45005|3388
45007|5
45009|3342
45011|4100
45013|7332
45015|1
45017|1793
45019|8
45021|3971
45023|4148
45025|7
45027|6579
45029|5616
45031|10172
45033|6764
45035|4
45037|2514
45039|3191
45041|0
45043|7280
45045|5
45047|4673
45049|3253
45051|3
45053|2515
45055|3290
45057|5469
45059|5734
45061|4653
45063|10620
45065|1169
45067|6362
45069|4444
45071|3562
45073|3358
45075|-1
45077|4063
45079|3
45081|1743
45083|9
45085|-6
45087|3
45089|7
45091|0
46003|15
46005|-167
46007|-35
46009|19
46011|104
46013|-1
46015|135
46019|196
46021|-10
46023|14
46025|23
46027|111
46029|59
46031|-49
46033|-5
46035|90
46037|24
46039|-6
46041|-49
46043|-15
46045|-14
46047|-34
46049|36
46051|52
46053|42
46055|-6
46057|13
46059|50
46061|12
46063|23
46065|-128
46067|69
46069|36
46071|12
46073|48
46075|23
46077|7
46079|60
46081|49
46083|82
46085|36
46087|48
46089|44
46091|70
46093|28
46095|14
46097|88
46099|543
46101|-20
46103|369
46105|-25
46107|3
46109|-29
46111|3
46113|-5
46115|47
46117|-6
46119|4
46121|319
46123|61
46125|-2
46127|37
46129|-8
46135|149
46137|81
47001|943
47003|472
47005|143
47007|390
47009|925
47011|6515
47013|761
47015|-13
47017|218
47019|1124
47021|532
47023|360
47025|192
47027|11
47029|793
47031|999
47033|295
47035|94
47037|8304
47039|211
47041|273
47043|677
47045|592
47047|912
47049|477
47051|681
47053|643
47055|609
47057|254
47059|935
47061|178
47063|1250
47065|31279
47067|455
47069|822
47071|619
47073|750
47075|807
47077|-10
47079|472
47081|480
47083|176
47085|137
47087|297
47089|503
47091|163
47093|5629
47095|267
47097|1099
47099|141
47101|101
47103|209
47105|620
47107|4503
47109|531
47111|-5
47113|1907
47115|725
47117|28
47119|1223
47121|1631
47123|660
47125|2189
47127|1
47129|323
47131|681
47133|155
47135|46
47137|187
47139|1634
47141|72
47143|574
47145|618
47147|432
47149|-227
47151|474
47153|226
47155|290
47157|21160
47159|140
47161|89
47163|3550
47165|1141
47167|1110
47169|125
47171|283
47173|223
47175|83
47177|624
47179|2158
47181|322
47183|401
47185|441
47187|1004
47189|1078
48001|1638
48003|403
48005|855
48007|878
48009|64
48011|38
48013|1459
48015|681
48017|737
48019|96
48021|1053
48023|96
48025|1374
48027|6464
48029|51648
48031|167
48033|-1
48035|707
48037|1854
48039|6581
48041|3470
48043|257
48045|63
48047|542
48049|670
48051|559
48053|741
48055|1148
48057|792
48059|195
48061|20488
48063|413
48065|29
48067|1058
48069|358
48071|644
48073|1534
48075|202
48077|93
48079|255
48081|131
48083|192
48085|3624
48087|80
48089|632
48091|1329
48093|371
48095|139
48097|1119
48099|645
48101|79
48103|176
48105|73
48107|361
48109|292
48111|264
48113|83259
48115|432
48117|625
48119|288
48121|3695
48123|1165
48125|122
48127|910
48129|125
48131|816
48133|253
48135|4007
48137|45
48139|2910
48141|42250
48143|769
48145|853
48147|702
48149|295
48151|54
48153|503
48155|89
48157|6849
48159|287
48161|495
48163|749
48165|424
48167|8753
48169|297
48171|160
48173|23
48175|283
48177|1209
48179|449
48181|2766
48183|2972
48185|835
48187|2221
48189|1523
48191|147
48193|264
48195|70
48197|100
48199|1719
48201|121177
48203|1787
48205|7
48207|124
48209|1588
48211|-16
48213|1993
48215|35348
48217|1627
48219|775
48221|373
48223|562
48225|836
48227|823
48229|65
48231|2296
48233|358
48235|42
48237|157
48239|490
48241|1171
48243|17
48245|8930
48247|357
48249|2274
48251|3145
48253|351
48255|695
48257|2418
48259|385
48261|1
48263|-2
48265|1295
48267|55
48269|5
48271|110
48273|1712
48275|38
48277|1544
48279|905
48281|381
48283|334
48285|363
48287|213
48289|205
48291|2553
48293|828
48295|24
48297|316
48299|496
48303|9494
48305|339
48307|312
48309|8519
48311|23
48313|795
48315|257
48317|152
48319|101
48321|2330
48323|5434
48325|1416
48327|111
48329|2468
48331|1162
48333|165
48335|40
48337|486
48339|7175
48341|171
48343|232
48345|-4
48347|726
48349|1380
48351|515
48353|320
48355|17430
48357|9
48359|-31
48361|2622
48363|1412
48365|423
48367|1108
48369|95
48371|642
48373|1274
48375|5347
48377|709
48379|110
48381|1251
48383|20
48385|220
48387|496
48389|721
48391|263
48393|11
48395|918
48397|521
48399|334
48401|1250
48403|152
48405|164
48407|788
48409|3876
48411|204
48413|92
48415|44
48417|-26
48419|594
48421|27
48423|5358
48425|238
48427|4792
48429|255
48431|24
48433|14
48435|-67
48437|366
48439|35744
48441|2847
48443|30
48445|327
48447|-24
48449|575
48451|2092
48453|16883
48455|498
48457|607
48459|955
48461|255
48463|1418
48465|3311
48467|1262
48469|3308
48471|1288
48473|1615
48475|282
48477|801
48479|12991
48481|1563
48483|99
48485|2345
48487|413
48489|1366
48491|2278
48493|1131
48495|84
48497|963
48499|738
48501|34
48503|359
48505|1079
48507|1069
49000|0
49003|-4773
49007|-1247
49011|-3645
49035|457
49037|-3738
49039|243
49045|70
49047|174
49049|620
49053|287
49057|890
50000|346
51001|294
51003|702
51007|171
51009|328
51011|184
51013|3984
51017|68
51019|465
51021|81
51023|183
51025|703
51027|590
51029|241
51031|561
51033|408
51035|511
"5103|167
51037|409
51041|2885
51043|155
51045|52
51047|692
51049|173
51051|596
51053|286
51057|121
51059|7425
51061|755
51063|249
51065|149
51067|834
51069|601
51071|175
51073|872
51075|156
51077|399
51079|154
51081|568
51083|660
51085|568
51087|2339
51089|935
51091|6
51093|672
51095|780
51097|78
51099|340
51101|62
51103|301
51105|712
51107|773
51109|598
51111|381
51113|116
51115|68
51117|545
51119|180
51121|1341
51125|402
51127|133
51131|598
51133|243
51135|471
51137|294
51139|271
51141|253
51143|868
51145|30
51147|458
51149|322
51153|3267
51155|996
51157|122
51159|197
51161|611
51163|530
51165|962
51167|327
51169|686
51171|403
51173|830
51175|546
51177|585
51179|499
51181|175
51183|400
51185|1179
51187|796
51191|514
51193|495
51195|1093
51197|672
51199|573
51510|2758
51520|369
51540|1215
51550|2283
51560|58
51580|395
51590|662
51620|291
51630|475
51640|236
51650|4614
51660|372
51670|777
51680|1500
51683|354
51685|163
51690|379
51700|6265
51710|10636
51720|175
51730|2112
51740|5012
51750|274
51760|10571
51770|3361
51790|1087
51800|1954
51810|9881
51820|452
51830|100
51840|581
52001|2641
52005|1807
53001|774
53003|591
53005|3105
53007|1743
53009|-111
53011|6354
53013|-143
53015|1029
53017|-128
53019|-732
53021|3738
53023|55
53025|2494
53027|-2509
53029|-752
53031|736
53033|67022
53035|10544
53037|-539
53039|-529
53041|771
53043|-156
53045|1309
53047|-209
53049|280
53051|-978
53053|27593
53055|-272
53057|-902
53059|-234
53061|16566
53063|13069
53065|-566
53067|1036
53069|40
53071|935
53073|3183
53075|-158
53077|16423
54000|39147
55001|353
55003|246
55005|486
55007|114
55009|2226
55011|126
55013|239
55015|83
55017|600
55019|362
55021|184
55023|72
55025|1838
55027|633
55029|216
55031|848
55033|540
55035|1385
55037|103
55039|-218
55041|211
55043|450
55045|118
55047|-56
55049|101
55051|127
55053|154
55055|367
55057|310
55059|4511
55061|144
55063|1155
55065|39
55067|297
55069|299
55071|587
55073|1882
55075|754
55077|191
55078|176
55079|24709
55081|300
55083|456
55085|448
55087|786
55089|103
55091|86
55093|76
55095|410
55097|708
55099|139
55101|2289
55103|207
55105|1647
55107|426
55109|197
55111|471
55113|354
55115|323
55117|790
55119|276
55121|295
55123|61
55125|131
55127|638
55129|164
55131|342
55133|784
55135|304
55137|156
55139|931
55141|630
55143|19
55145|50
55147|-8
55149|40
55151|-29
56000|5012
U.S.|5402243
|0
b|0
