COUNTY|DELTA
01000|433001
01009|-2485
01013|-3238
01015|-10290
01021|-3513
01025|-4911
01039|-4584
01055|-8849
01057|-1988
01063|-2560
01069|-8970
01073|-48812
01089|-13319
01097|-50414
01103|-4961
01107|-3276
01121|-8674
01125|-13360
01127|-4294
02110|43928
04001|4074
04003|1825
04005|2522
04007|1435
04009|212
04011|-25
04013|21685
04015|1457
04017|2729
04019|7178
04021|2201
04023|320
04025|1814
04027|2230
04029|602
05001|-175
05003|166
05005|-91
05007|98
05009|49
05011|-58
05013|98
05015|134
05017|207
05019|204
05021|77
05023|-71
05025|75
05027|-77
05029|-59
05031|383
05033|200
05035|639
05037|86
05039|-5
05041|66
05043|-16
05045|-213
05047|6
05049|175
05051|138
05053|-82
05055|-111
05057|330
05059|365
05061|233
05063|225
05065|460
05067|128
05069|-13975
05071|-184
05073|-30
05075|324
05077|665
05079|250
05081|104
05083|-192
05085|-32
05087|93
05089|87
05091|631
05093|-360
05095|148
05097|238
05099|-22
05101|-3
05103|100
05105|-10
05107|946
05109|38
05111|324
05113|57
05115|-97
05117|31
05119|982
05121|-14
05123|-6351
05125|90
05127|164
05129|-893
05131|28
05133|73
05135|-98
05137|253
05139|-329
05141|177
05143|178
05145|432
05147|182
05149|133
06001|13544
06003|28
06005|1160
06007|17193
06009|685
06011|1418
06013|10124
06015|469
06017|1999
06019|16792
06021|233
06023|2198
06025|3343
06027|273
06029|13494
06031|1964
06033|1551
06035|712
06037|82877
06039|1858
06041|1244
06043|398
06045|2669
06047|5074
06049|330
06051|96
06053|3459
06055|1157
06057|981
06059|12056
06061|1751
06063|400
06065|26266
06067|26097
06069|461
06071|30595
06073|43188
06075|12535
06077|11560
06079|2111
06081|4338
06083|3711
06085|10645
06087|3664
06089|4917
06091|47
06093|768
06095|9321
06097|5379
06099|3186
06101|1769
06103|1267
06105|395
06107|5536
06109|1134
06111|5568
06113|2342
06115|1805
08003|185
08007|-75
08009|-12
08011|54
08013|1202
08015|114
08017|-12
08021|242
08023|249
08025|-14
08027|48
08031|-4651
08033|7
08039|30
08041|3239
08043|820
08055|82
08059|2004
08061|16
08063|65
08065|-24
08067|137
08069|1128
08071|666
08073|4
08075|208
08081|162
08083|192
08087|271
08089|608
08093|122
08095|20
08099|182
08101|2945
08105|279
08107|39
08109|169
08111|-20
08115|47
08117|-29
08119|223
08121|14
08123|1679
08125|-56
08127|4359
08129|-7946
09000|33192
10001|2638
10002|9748
10003|2408
11001|4658
12001|2216
12003|258
12005|1920
12007|602
12009|4930
12011|14516
12013|74
12015|708
12017|1132
12019|-1650
12021|1870
12023|1354
12025|-12131
12027|1220
12029|84
12031|7522
12033|-22539
12035|384
12037|98
12039|1172
12041|-5
12045|207
12047|94
12049|868
12051|601
12053|1679
12055|194
12057|9171
12059|187
12061|354
12063|581
12065|148
12067|60
12069|2578
12071|4378
12073|2379
12075|408
12077|8
12079|165
12081|1641
12083|4511
12085|1072
12087|145
12089|-191
12091|284
12093|86
12095|16716
12097|2710
12099|8181
12101|2074
12103|4873
12105|7168
12107|1836
12109|330
12111|989
12113|752
12115|1583
12117|3622
12119|1358
12121|190
12123|402
12125|-121
12127|4418
12129|139
12131|698
12133|314
13000|62951
13001|356
13003|-4
13005|384
13007|-867
13009|114
13011|124
13013|348
13015|452
13017|-56
13019|139
13021|-20905
13023|176
13025|261
13027|441
13029|428
13031|35
13033|371
13035|221
13037|142
13039|-21
13043|-61
13045|782
13047|181
13049|163
13051|4867
13053|-2
13055|331
13057|521
13059|1034
13061|-70
13063|1575
13065|42
13067|2146
13069|561
13071|949
13073|621
13075|-66
13077|741
13079|-61
13081|624
13083|232
13085|-1
13087|-4964
13089|12628
13091|356
13093|-128
13095|1696
13097|262
13099|53
13100|5
13103|244
13105|479
13107|87
13109|225
13111|169
13113|161
13115|574
13117|390
13119|180
13121|16735
13123|163
13125|-8
13127|165
13129|-1
13131|-3058
13133|372
13135|669
13137|51
13139|1191
13141|364
13143|229
13145|135
13147|351
13149|-7
13151|201
13153|434
13155|139
13157|331
13159|124
13161|0
13163|552
13165|-53
13167|198
13169|199
13171|114
13173|55
13175|559
13177|-278
13179|632
13181|105
13183|171
13185|1052
13187|236
13189|235
13191|172
13193|287
13195|-204
13197|-38
13199|319
13201|-935
13205|-4264
13207|-17
13209|11
13211|101
13213|73
13215|-20997
13217|365
13219|110
13221|165
13223|975
13225|515
13227|197
13229|127
13231|47
13233|805
13235|119
13237|275
13239|33
13241|78
13243|138
13245|2301
13247|305
13249|114
13251|134
13253|-1836
13255|546
13257|192
13259|138
13261|-6
13263|31
13265|3
13267|431
13269|228
13271|178
13273|230
13275|372
13277|61
13279|194
13281|6
13283|4
13285|363
13287|162
13289|106
13291|-52
13293|327
13295|52
13297|530
13299|524
13301|297
13303|323
13305|287
13307|18
13309|-86
13311|-15
13313|1059
13315|110
13317|195
13319|47
13321|234
14000|-4252
15001|2133
15003|-1515
15007|622
15009|2213
16000|4112
17001|-1291
17003|-1006
17005|-243
17007|-366
17009|-3
17011|-357
17013|-53
17015|-314
17017|-163
17019|3
17021|-518
17023|-206
17025|-190
17027|-432
17029|-739
17031|-1269
17033|-256
17035|-156
17037|1
17039|-402
17041|-230
17043|8
17045|-310
17047|-2
17049|-3
17051|-375
17053|-155
17055|1
17057|-601
17059|-192
17061|-244
17063|-210
17065|-7
17067|-279
17069|-60
17071|-93
17073|-633
17075|-426
17077|1
17079|-148
17081|-5
17083|-1
17085|-84
17087|-274
17089|-17
17091|-3965
17093|-201
17095|-1062
17097|-8
17099|-6
17101|-327
17103|-348
17105|-4
17107|-381
17109|-596
17111|-589
17113|1
17115|-4
17117|-590
17119|-7154
17121|9
17123|-211
17125|-412
17127|-554
17129|-160
17131|-345
17133|-98
17135|-493
17137|-780
17139|-107
17141|-446
17143|-6
17145|-615
17147|-2
17149|-296
17151|-79
17153|-445
17155|-42
17157|-683
17159|-1
17161|-4234
17163|-4
17165|-1
17167|1
17169|-93
17171|-69
17173|-175
17175|-60
17177|1
17179|-3
17181|-1
17183|-3234
17185|-246
17187|-341
17189|-125
17191|-2
17193|-254
17195|-6
17197|6
17199|-2056
17201|0
17203|-173
18001|88
18003|1059
18005|93
18007|-3
18009|-89
18011|-56
18013|39
18015|81
18017|34
18019|697
18021|221
18023|204
18025|58
18027|-25
18029|296
18031|43
18033|-27
18035|802
18037|0
18039|1354
18041|-101
18043|601
18045|78
18047|-74
18049|156
18051|-55
18053|256
18055|19
18057|285
18059|44
18061|511
18063|303
18065|81
18067|79
18069|32
18071|473
18073|180
18075|13
18077|236
18079|204
18081|-16
18083|45
18085|-40
18087|120
18089|3592
18091|188
18093|361
18095|600
18097|4675
18099|-243
18101|2
18103|371
18105|167
18107|-314
18109|-104
18111|141
18113|-22
18115|-42
18117|48
18119|-23
18121|195
18123|39
18125|33
18127|268
18129|70
18131|30
18133|102
18135|278
18137|-65
18139|13
18141|1753
18143|276
18145|-125
18147|202
18149|48
18151|284
18153|160
18155|40
18157|134
18159|53
18161|110
18163|979
18165|4
18167|795
18169|125
18171|-18
18173|207
18175|134
18177|496
18179|36
18181|45
18183|-65
19001|28
19003|83
19005|129
19007|252
19009|45
19011|320
19013|1661
19015|274
19017|66
19019|218
19021|48
19023|148
19025|40
19027|118
19029|37
19031|212
19033|477
19035|74
19037|-31
19039|108
19041|65
19043|80
19045|411
19047|205
19049|225
19051|91
19053|158
19055|28
19057|489
19059|47
19061|569
19063|124
19065|-3
19067|151
19069|136
19071|126
19073|-32
19075|97
19077|101
19079|164
19081|117
19083|161
19085|119
19087|195
19089|-6
19091|45
19093|46
19095|116
19097|108
19099|130
19101|9
19103|90
19105|207
19107|117
19109|137
19111|275
19113|1214
19115|215
19117|200
19119|-19
19121|25
19123|264
19125|168
19127|281
19129|140
19131|-2
19133|129
19135|58
19137|143
19139|580
19141|95
19143|37
19145|107
19147|66
19149|58
19151|-24
19153|3128
19155|1055
19157|165
19159|106
19161|98
19163|1060
19165|76
19167|49
19169|282
19171|-38
19173|84
19175|108
19177|75
19179|735
19181|288
19183|83
19185|21
19187|486
19189|65
19191|146
19193|53
19195|97
19197|107
20001|-141
20003|-88
20005|133
20007|-5
20009|-12
20011|211
20013|142
20015|50
20017|110
20019|35
20021|245
20023|-1
20025|10
20027|45
20029|-20
20031|40
20033|4
20035|-46
20037|265
20039|10
20041|10
20043|56
20045|240
20047|21
20049|70
20051|112
20053|30
20055|-189
20057|-259
20059|181
20061|61
20063|14
20065|3
20067|29
20069|9
20071|17
20073|137
20075|-25
20077|20
20079|164
20081|-26
20083|5
20085|96
20087|42
20089|-50
20091|-78
20093|11
20095|5
20097|13
20099|6
20101|-27
20103|385
20105|-10
20107|-60
20109|-4
20111|319
20113|-322
20115|37
20117|438
20119|-22
20121|83
20123|28
20125|359
20127|73
20129|9
20131|-33
20133|57
20135|8
20137|51
20139|29
20141|1
20143|-3
20145|158
20147|60
20149|72
20151|66
20153|23
20155|-170
20157|14
20159|57
20161|84
20163|-47
20165|49
20167|-35
20169|431
20171|24
20173|1131
20175|-48
20177|867
20179|-2
20181|53
20183|34
20185|19
20187|-13
20189|-71
20191|-335
20193|2
20195|13
20197|15
20199|30
20201|29
20203|28
20205|-79
20207|55
20209|2261
21001|131
21003|-69
21005|-4
21007|111
21009|25
21011|141
21013|154
21015|470
21017|242
21019|679
21021|43
21023|156
21025|156
21027|266
21029|424
21031|91
21033|-17
21035|83
21037|279
21039|11
21041|127
21043|394
21045|128
21047|1025
21049|-97
21051|627
21053|232
21055|28
21057|174
21059|191
21061|187
21063|54
21065|189
21067|-1458
21069|42
21071|148
21073|224
21075|42
21077|-49
21079|35
21081|95
21083|-5
21085|250
21087|-13
21089|333
21091|95
21093|693
21095|288
21097|115
21099|224
21101|-181
21103|53
21105|-91
21107|396
21109|726
21111|-1413
21113|-79
21115|455
21117|-358
21119|366
21121|733
21123|25
21125|271
21127|-16
21129|174
21131|255
21133|234
21135|-118
21137|237
21139|149
21141|63
21143|81
21145|209
21147|502
21149|62
21151|114
21153|216
21155|-39
21157|150
21159|178
21161|246
21163|165
21165|65
21167|84
21169|176
21171|18
21173|-25
21175|312
21177|439
21179|23
21181|-10
21183|271
21185|-33
21187|242
21189|150
21191|119
21193|273
21195|-403
21197|-75
21199|700
21201|25
21203|-26
21205|29
21207|-46
21209|-15
21211|100
21213|156
21215|-27
21217|159
21219|147
21221|175
21223|112
21225|-19
21227|-334
21229|-11
21231|471
21233|-45
21235|412
21237|36
21239|116
22001|1775
22003|283
22005|1116
22007|-908
22009|-253
22011|742
22013|940
22015|263
22017|7921
22019|196
22021|164
22023|-88
22025|423
22027|-655
22029|35
22031|2
22033|260
22035|1410
22037|1274
22039|-835
22041|-67
22043|-29
22045|940
22047|1060
22049|124
22051|3623
22053|-220
22055|-3051
22057|-1496
22059|377
22061|2630
22063|668
22065|91
22067|-493
22069|379
22071|-136
22073|-2078
22075|-443
22077|-134
22079|809
22081|-156
22083|-463
22085|-385
22087|988
22089|-288
22091|195
22093|-296
22095|-822
22097|8236
22099|-1633
22101|968
22103|-486
22105|792
22107|277
22109|-707
22111|424
22113|615
22115|676
22117|1367
22119|666
22121|537
22123|797
22125|671
22127|1082
23000|20723
24001|1261
24003|6458
24005|10669
24009|1028
24011|984
24013|809
24015|1730
24017|2433
24019|553
24021|1282
24023|534
24025|1859
24027|1245
24029|335
24031|4215
24033|26229
24035|286
24037|1086
24039|542
24041|245
24043|1915
24045|2398
24047|538
24510|39694
25000|796
26001|294
26003|571
26005|2160
26007|963
26009|539
26011|672
26013|242
26015|1256
26017|2764
26019|550
26021|7943
26023|1533
26025|2189
26027|2289
26029|1259
26031|635
26033|1005
26035|1587
26037|744
26039|518
26041|1123
26043|615
26045|1403
26047|0
26049|11369
26051|1085
26053|809
26055|1285
26057|1258
26059|1438
26061|837
26063|757
26065|3697
26067|3522
26069|854
26071|371
26073|1396
26075|5964
26077|3255
26079|598
26081|4822
26083|0
26085|926
26087|1300
26089|0
26091|2649
26093|1057
26095|258
26097|284
26099|3070
26101|978
26103|1362
26105|1048
26107|1400
26109|604
26111|1395
26113|1666
26115|3256
26117|0
26119|382
26121|9568
26123|2084
26125|7935
26127|1124
26129|964
26131|280
26133|1082
26135|358
26137|339
26139|1939
26141|282
26143|896
26145|4894
26147|1188
26149|2485
26151|1233
26153|0
26155|1885
26157|1275
26159|3575
26161|2599
26163|91389
26165|0
27000|13398
27001|1167
27003|46
27005|2168
27007|4900
27009|1286
27011|305
27013|1815
27015|612
27017|1576
27019|11
27021|1886
27023|382
27025|1007
27027|3168
27029|761
27031|96
27033|423
27035|2729
27037|22
27039|377
27041|1133
27043|558
27045|596
27047|1091
27049|718
27051|311
27053|-2204
27055|509
27057|1016
27059|932
27061|2204
27063|326
27065|762
27067|2072
27069|194
27071|784
27073|218
27075|264
27077|105
27079|604
27081|221
27083|824
27085|585
27087|615
27089|306
27091|1022
27093|583
27095|867
27097|1120
27099|1571
27101|260
27103|727
27105|805
27107|351
27109|3413
27111|2113
27113|703
27115|1389
27117|343
27119|2189
27121|370
27123|21
27125|235
27127|398
27129|483
27131|1299
27133|205
27135|258
27137|705
27139|12
27141|747
27143|358
27145|3728
27147|851
27149|311
27151|457
27153|927
27155|250
27157|418
27159|1042
27161|593
27163|18
27165|446
27167|247
27169|1436
27171|1756
27173|311
28001|1393
28003|813
28005|390
28007|601
28009|164
28011|1468
28013|494
28015|287
28017|451
28019|279
28021|528
28023|29
28025|1249
28027|1615
28029|1098
28031|331
28033|847
28035|1308
28037|263
28039|359
28041|418
28043|851
28045|720
28047|4136
28049|4332
28051|1196
28053|625
28055|110
28057|113
28059|1900
28061|485
28063|593
28065|485
28067|1191
28069|172
28071|458
28073|259
28075|1208
28077|133
28079|572
28081|964
28083|1316
28085|271
28087|1659
28089|1931
28091|1003
28093|1831
28095|827
28097|402
28099|274
28101|390
28103|497
28105|773
28107|1175
28109|798
28111|408
28113|185
28115|361
28117|600
28119|644
28121|1717
28123|663
28125|267
28127|835
28129|531
28131|449
28133|1539
28135|787
28137|624
28139|399
28141|108
28143|457
28145|646
28147|512
28149|1208
28151|15763
28153|469
28155|316
28157|298
28159|301
28161|643
28163|687
29000|344
29001|-26
29003|-1
29005|18
29007|272
29009|261
29011|-20
29013|16
29015|1776
29017|33
29019|-320
29021|108
29023|5418
29025|98
29027|-40
29029|-113
29031|-32
29033|174
29035|168
29037|224
29039|-5
29041|111
29043|-53
29045|80
29047|59
29049|58
29051|2994
29053|30
29055|127
29057|151
29059|37
29061|-1
29063|128
29065|1916
29067|85
29069|7139
29071|267
29073|55
29075|-35
29077|-315
29079|54
29081|4
29083|-18
29085|-34
29087|87
29089|7
29091|47
29093|74
29095|-49299
29097|-179
29099|113
29101|368
29103|3
29105|-217
29107|29
29109|-140
29111|16
29113|-128
29115|25
29117|-50
29119|272
29121|-201
29123|132
29125|64
29127|74
29129|20
29131|-85
29133|3615
29135|55
29137|-48
29139|7
29141|-155
29143|500
29145|-219
29147|188
29149|-16
29151|-52
29153|33
29155|90
29157|2
29159|314
29161|-230
29163|-334
29165|2
29167|-149
29169|-88
29171|-40
29173|62
29175|172
29177|214
29179|1026
29181|-3
29183|-168
29185|118
29187|90
29189|34567
29193|-74
29195|169
29197|10
29199|-27
29201|5924
29203|-48
29205|-21
29207|225
29209|25
29211|-24
29213|-159
29215|-15
29217|8
29219|-102
29221|4458
29223|2342
29225|92
29227|66
29229|-128
29510|62272
30001|75
30003|206
30005|111
30007|36
30009|24
30011|7
30013|89
30015|-3
30017|17
30019|7
30021|60
30023|195
30025|-17
30027|34
30029|-4
30031|181
30033|-19
30035|275
30037|10
30039|32
30041|-68
30043|63
30045|33
30047|150
30049|157
30051|-4
30053|133
30055|-11
30057|36
30059|4
30061|81
30063|360
30065|-27
30067|48
30069|9
30071|60
30073|15
30075|11
30077|82
30079|-22
30081|6
30083|-12
30085|221
30087|310
30089|79
30091|-11
30093|218
30095|-10
30097|27
30099|79
30101|41
30103|-4
30105|117
30107|17
30109|0
30111|-101
31109|98496
32001|148
32003|13472
32005|288
32007|115
32009|-2
32011|22
32013|-19
32015|51
32017|83
32019|236
32021|28
32023|226
32027|20
32029|15
32031|2222
32033|75
32510|403
33000|5292
34001|3934
34003|606
34005|2371
34007|13576
34009|741
34011|2527
34013|23487
34015|2350
34017|9462
34019|156
34021|3055
34023|5484
34025|3490
34027|634
34029|3653
34031|-1134
34033|764
34035|779
34037|389
34039|3126
34041|530
35001|42
35003|16
35005|0
35006|-2690
35007|-1071
35009|8
35011|5
35013|38
35015|5
35017|8
35019|132
35021|-4
35023|-801
35025|26
35027|-1244
35028|-74
35029|-3178
35031|-15020
35033|-800
35035|21
35037|-1117
35039|-4200
35041|-2399
35043|5
35045|-6703
35047|3
35049|-5631
35051|-1358
35053|388
35055|10
35057|-2927
35059|-275
35061|0
36000|1149013
36062|4091
37001|1162
37003|471
37005|134
37007|383
37009|285
37011|330
37013|34
37015|297
37017|584
37019|121
37021|1975
37023|612
37025|4755
37027|35
37029|96
37031|734
37033|241
37035|1439
37037|284
37039|383
37041|200
37043|39
37045|551
37047|-89
37049|556
37051|4413
37053|214
37055|156
37057|98
37059|-71
37061|360
37063|3344
37065|2436
37067|3055
37069|438
37071|2437
37073|159
37075|76
37077|448
37079|173
37081|3000
37083|955
37085|1003
37087|319
37089|92
37091|457
37093|1027
37095|86
37097|1067
37099|486
37101|-221
37103|86
37105|764
37107|1190
37109|196
37111|239
37113|178
37115|236
37117|350
37119|216
37121|134
37123|488
37125|1144
37127|1262
37129|483
37131|-16
37133|1011
37135|189
37137|219
37139|474
37141|349
37143|293
37145|309
37147|1642
37149|78
37151|937
37153|671
37155|-374
37157|611
37159|1893
37161|-67
37163|20
37165|282
37167|192
37169|395
37171|176
37173|233
37175|126
37177|157
37179|-113
37181|571
37183|3964
37185|221
37187|182
37189|279
37191|1259
37193|1081
37195|1061
37197|185
37199|202
38001|15
38003|33
38005|-41
38009|35
38011|-4
38013|-9
38015|-32
38017|-293
38019|46
38021|13
38023|34
38025|-15
38027|38
38029|8
38031|40
38033|3
38035|-25
38037|39
38039|30
38041|46
38043|8
38045|-3
38047|36
38049|51
38051|-6
38053|119
38055|-28
38057|28
38059|265
38061|-53
38063|-15
38065|4
38067|-18
38069|20
38071|57
38073|-40
38075|-5
38077|-48
38079|265
38081|11
38083|-18
38085|169
38089|80
38091|-20
38093|12
38095|24
38097|-24
38099|74
38101|-122
38103|68
38105|-87
39001|3411
39003|6221
39005|1383
39007|7709
39009|6301
39011|930
39013|1005
39015|2289
39017|1313
39019|1716
39021|1364
39023|-1365
39025|5925
39027|385
39029|7818
39031|2145
39033|2599
39035|-1502
39037|-162
39039|1098
39041|2127
39043|3396
39045|4018
39047|431
39049|23
39051|923
39053|4936
39055|526
39057|1083
39059|3590
39061|59076
39063|1809
39065|1294
39067|1405
39069|702
39071|510
39073|1149
39075|100
39077|2360
39079|3751
39081|8290
39083|2329
39085|5518
39087|11496
39089|6606
39091|1959
39093|18582
39095|47995
39097|311
39099|26940
39101|4046
39103|3032
39105|3876
39107|169
39109|-1604
39111|1429
39113|470
39115|1465
39117|1587
39119|8850
39121|942
39123|1177
39125|585
39127|3540
39129|3035
39131|4446
39133|5256
39135|23
39137|774
39139|7900
39141|1816
39143|2652
39145|13578
39147|2327
39149|1484
39151|22896
39153|-236
39155|16960
39157|4789
39159|159
39161|569
39163|1815
39165|2738
39167|4343
39169|3770
39171|881
39173|2442
39175|91
40001|535
40003|-210
40005|247
40007|12
40009|511
40011|287
40013|372
40015|526
40017|382
40019|574
40021|373
40023|606
40025|40
40027|838
40029|120
40031|2455
40033|13
40035|-28
40037|943
40039|295
40041|572
40043|3
40045|-220
40047|-4318
40049|324
40051|737
40053|-187
40055|125
40057|-632
40059|-19
40061|322
40063|192
40065|211
40067|63
40069|190
40071|-3664
40073|193
40075|245
40077|308
40079|1238
40081|673
40083|302
40085|206
40087|382
40089|655
40091|473
40093|-334
40095|78
40097|614
40099|421
40101|815
40103|-667
40105|102
40107|206
40109|4117
40111|697
40113|620
40115|435
40117|400
40119|585
40121|739
40123|637
40125|533
40127|512
40129|3
40131|388
40133|813
40135|802
40137|388
40139|-727
40141|75
40143|7843
40145|742
40147|607
40149|38
40151|-504
40153|-943
41000|564
42001|311
42003|17505
42005|1085
42007|2246
42009|872
42011|-17769
42013|1865
42015|1228
42017|2080
42019|1590
42021|2456
42023|122
42025|230
42027|751
42029|1935
42031|502
42033|784
42035|1162
42037|427
42039|1124
42041|735
42043|3796
42045|5746
42047|25
42049|4234
42051|3834
42053|45
42055|924
42057|275
42059|1251
42061|216
42063|1560
42065|604
42067|186
42069|1287
42071|1381
42073|1349
42075|750
42077|2535
42079|3060
42081|2076
42083|823
42085|1601
42087|658
42089|1020
42091|3183
42093|212
42095|2281
42097|776
42099|231
42101|49893
42103|302
42105|574
42107|1465
42109|272
42111|868
42113|-12
42115|689
42117|595
42119|273
42121|692
42123|533
42125|3033
42127|390
42129|4460
42131|269
42133|2633
44935|-1052
45001|305
45003|-10064
45005|-2745
45007|-6939
45009|736
45011|-3295
45013|-6049
45015|-9640
45017|264
45019|-22136
45021|113
45023|-3138
45025|-5182
45027|-5938
45029|-4880
45031|-10392
45033|-5805
45035|-5795
45037|-2270
45039|-2445
45041|-15107
45043|-6060
45045|-16707
45047|-4093
45049|-2561
45051|-13787
45053|-2030
45055|-2556
45057|-4565
45059|-4678
45061|-3772
45063|-9628
45065|-927
45067|-5912
45069|-3934
45071|-3277
45073|-2704
45075|-13823
45077|-3399
45079|-18944
45081|-1690
45083|-10409
45085|-11855
45087|-2314
45089|-7469
45091|-7814
46003|49
46005|32
46007|59
46009|14
46011|51
46013|10
46015|177
46019|138
46021|32
46023|-37
46025|-8
46027|159
46029|168
46031|146
46033|52
46035|95
46037|40
46039|19
46041|-43
46043|15
46045|-22
46047|-195
46049|17
46051|3
46053|33
46055|13
46057|-11
46059|27
46061|28
46063|24
46065|-92
46067|83
46069|-5
46071|16
46073|33
46075|23
46077|17
46079|5
46081|131
46083|88
46085|67
46087|53
46089|9
46091|49
46093|194
46095|34
46097|40
46099|-38
46101|23
46103|569
46105|-1
46107|5
46109|156
46111|7
46113|-45
46115|19
46117|1
46119|0
46121|333
46123|43
46125|123
46127|36
46129|-19
46135|61
46137|-23
47001|703
47003|-26
47005|69
47007|208
47009|576
47011|564
47013|434
47015|-115
47017|120
47019|207
47021|414
47023|206
47025|178
47027|81
47029|585
47031|435
47033|171
47035|46
47037|6479
47039|150
47041|181
47043|448
47045|349
47047|494
47049|516
47051|70
47053|798
47055|132
47057|349
47059|213
47061|383
47063|779
47065|3942
47067|153
47069|788
47071|551
47073|321
47075|807
47077|177
47079|78
47081|161
47083|121
47085|132
47087|86
47089|355
47091|24
47093|2613
47095|103
47097|813
47099|-71
47101|32
47103|129
47105|59
47107|483
47109|441
47111|352
47113|1108
47115|518
47117|38
47119|150
47121|222
47123|524
47125|1487
47127|85
47129|371
47131|108
47133|308
47135|110
47137|125
47139|379
47141|103
47143|618
47145|424
47147|217
47149|-773
47151|295
47153|81
47155|386
47157|4825
47159|10
47161|128
47163|1246
47165|117
47167|500
47169|129
47171|48
47173|94
47175|-28
47177|47
47179|542
47181|191
47183|167
47185|167
47187|558
47189|803
48001|842
48003|273
48005|1301
48007|754
48009|18
48011|-1
48013|939
48015|577
48017|221
48019|-21
48021|494
48023|44
48025|974
48027|4168
48029|40159
48031|66
48033|-10
48035|432
48037|1532
48039|3724
48041|1787
48043|40
48045|44
48047|316
48049|314
48051|343
48053|723
48055|774
48057|364
48059|-34
48061|7379
48063|66
48065|7
48067|470
48069|227
48071|138
48073|1224
48075|54
48077|51
48079|90
48081|6
48083|96
48085|1048
48087|100
48089|480
48091|640
48093|128
48095|34
48097|740
48099|624
48101|17
48103|-73
48105|43
48107|257
48109|171
48111|268
48113|43613
48115|36
48117|595
48119|126
48121|1204
48123|648
48125|164
48127|607
48129|173
48131|298
48133|100
48135|-150
48137|14
48139|1150
48141|26407
48143|406
48145|350
48147|482
48149|266
48151|15
48153|193
48155|94
48157|2971
48159|116
48161|583
48163|264
48165|46
48167|3873
48169|105
48171|-25
48173|18
48175|208
48177|448
48179|39
48181|2227
48183|2001
48185|493
48187|1879
48189|824
48191|95
48193|94
48195|-92
48197|97
48199|1165
48201|38847
48203|1406
48205|-8
48207|124
48209|1018
48211|5
48213|1060
48215|15520
48217|1209
48219|576
48221|232
48223|349
48225|592
48227|299
48229|-108
48231|1001
48233|56
48235|-23
48237|117
48239|136
48241|1089
48243|59
48245|7164
48247|100
48249|335
48251|490
48253|153
48255|503
48257|1375
48259|391
48261|8
48263|13
48265|984
48267|16
48269|3
48271|94
48273|725
48275|65
48277|1487
48279|507
48281|431
48283|25
48285|92
48287|182
48289|191
48291|888
48293|556
48295|-5
48297|123
48299|311
48301|0
48303|4447
48305|184
48307|112
48309|7171
48311|-10
48313|650
48315|493
48317|12
48319|71
48321|1542
48323|3184
48325|1024
48327|74
48329|503
48331|641
48333|114
48335|-36
48337|100
48339|2648
48341|225
48343|289
48345|44
48347|1122
48349|993
48351|432
48353|148
48355|6801
48357|-13
48359|7
48361|2038
48363|976
48365|457
48367|221
48369|152
48371|286
48373|872
48375|2449
48377|-87
48379|15
48381|1287
48383|65
48385|193
48387|294
48389|136
48391|69
48393|6
48395|510
48397|301
48399|97
48401|773
48403|266
48405|364
48407|616
48409|1709
48411|111
48413|-21
48415|-146
48417|49
48419|660
48421|-7
48423|3901
48425|87
48427|1553
48429|75
48431|-10
48433|7
48435|-60
48437|43
48439|14927
48441|1657
48443|43
48445|25
48447|24
48449|157
48451|521
48453|15058
48455|343
48457|678
48459|405
48461|-25
48463|1129
48465|1512
48467|762
48469|1301
48471|611
48473|884
48475|83
48477|393
48479|5714
48481|928
48483|1
48485|1361
48487|401
48489|926
48491|1290
48493|845
48495|87
48497|355
48499|525
48501|-41
48503|412
48505|-153
48507|470
49003|-3405
49007|-1230
49011|-5677
49035|-1057
49037|-1104
50000|227
51001|164
51003|408
51007|185
51009|237
51011|89
51013|-199
51017|80
51019|408
51021|-9
51023|162
51025|406
51027|581
51029|123
51031|866
51033|438
51035|238
"5103|164
51037|208
51041|1049
51043|106
51045|14
51047|288
51049|114
51051|456
51053|230
51057|120
51059|-11459
51061|586
51063|154
51065|120
51067|147
51069|366
51071|136
51073|657
51075|121
51077|157
51079|200
51081|418
51083|352
51085|215
51087|1096
51089|494
51091|6
51093|264
51095|329
51097|162
51099|199
51101|87
51103|141
51105|637
51107|650
51109|286
51111|311
51113|121
51115|59
51117|273
51119|99
51121|1009
51125|225
51127|82
51131|487
51133|116
51135|362
51137|291
51139|336
51141|170
51143|465
51145|130
51147|375
51149|217
51153|1393
51155|718
51157|72
51159|77
51161|263
51163|370
51165|410
51167|244
51169|347
51171|250
51173|585
51175|300
51177|257
51179|183
51181|122
51183|210
51185|765
51187|383
51191|164
51193|250
51195|709
51197|507
51199|364
51510|616
51520|234
51540|777
51550|1323
51560|76
51580|227
51590|20
51620|285
51630|244
51640|69
51650|2050
51660|0
51670|211
51680|1274
51683|401
51685|55
51690|-179
51700|3456
51710|6356
51720|72
51730|1312
51740|3152
51750|152
51760|6548
51770|2190
51790|410
51800|1361
51810|5968
51820|346
51830|118
51840|168
52001|1080
52005|209
53001|284
53003|373
53005|732
53007|817
53009|909
53011|2559
53013|67
53015|2194
53017|-54
53019|73
53021|751
53023|-23
53025|684
53027|2806
53029|891
53031|625
53033|21770
53035|5302
53037|207
53039|553
53041|1380
53043|73
53045|1068
53047|1038
53049|386
53051|407
53053|14945
53055|96
53057|2236
53059|141
53061|7967
53063|4796
53065|581
53067|3371
53069|6
53071|878
53073|1746
53075|319
53077|5808
54000|43372
55001|83
55003|106
55005|155
55007|47
55009|936
55011|152
55013|144
55015|15
55017|248
55019|247
55021|-35
55023|29
55025|49
55027|-56
55029|147
55031|690
55033|258
55035|541
55037|22
55039|156
55041|52
55043|130
55045|77
55047|3
55049|-17
55051|16
55053|142
55055|11
55057|156
55059|-83
55061|103
55063|112
55065|42
55067|64
55069|126
55071|229
55073|128
55075|316
55077|106
55078|39
55079|6849
55081|80
55083|100
55085|132
55087|71
55089|10
55091|43
55093|30
55095|204
55097|378
55099|91
55101|495
55103|-6
55105|4416
55107|235
55109|-52
55111|112
55113|182
55115|112
55117|-100
55119|23
55121|241
55123|132
55125|83
55127|-1
55129|-30
55131|-49
55133|-119
55135|-21
55137|-53
55139|273
55141|-58
55143|42
55145|20
55147|16
55149|118
55151|-82
56000|22356
U.S.|3181368
|0
b|0
