COUNTY|DELTA
01001|-463
01003|-477
01005|-444
01007|-264
01009|-329
01011|-89
01013|-100
01015|-1297
01017|-580
01019|-534
01021|-674
01023|-221
01025|-59
01027|-81
01029|-251
01031|-166
01033|-911
01035|186
01037|-330
01039|-429
01041|-296
01043|-830
01045|-579
01047|-468
01049|-1273
01051|-1036
01053|-1144
01055|-329
01057|-494
01059|-375
01061|-312
01063|162
01065|107
01067|-272
01069|-982
01071|-1364
01073|-5214
01075|-28
01077|-1159
01079|-510
01081|-1000
01083|-132
01085|-13
01087|154
01089|-699
01091|69
01093|-921
01095|-1085
01097|-5431
01099|750
01101|-3441
01103|-873
01105|-135
01107|114
01109|-371
01111|-435
01113|-1422
01115|-796
01117|-1014
01119|-44
01121|-377
01123|-800
01125|-1591
01127|-1322
01129|-260
01131|57
01133|-575
02110|86
04001|-1811
04003|-3025
04005|-2715
04007|-1426
04009|-1071
04011|-254
04013|-58617
04015|-3383
04017|-2373
04019|-15839
04021|-5565
04023|-1455
04025|-3344
04027|-4048
04029|-500
05001|-432
05003|-454
05005|-545
05007|-1173
05009|-482
05011|-2
05013|3
05015|-18
05017|-135
05019|-166
05021|-271
05023|-47
05025|-157
05027|-254
05029|-300
05031|-1194
05033|-787
05035|-1951
05037|-330
05039|-40
05041|-137
05043|-579
05045|-1853
05047|-313
05049|-189
05051|-362
05053|-138
05055|-1221
05057|-275
05059|-582
05061|-118
05063|-584
05065|-285
05067|-267
05069|-1459
05071|-281
05073|-35
05075|-384
05077|-259
05079|-231
05081|-120
05083|-358
05085|-144
05087|-153
05089|-355
05091|-446
05093|-1697
05095|-55
05097|-153
05099|-71
05101|-95
05103|-163
05105|-121
05107|-164
05109|-148
05111|-1140
05113|-155
05115|-156
05117|-208
05119|-4254
05121|-359
05123|-705
05125|-1297
05127|-98
05129|-168
05131|-1465
05133|-178
05135|-327
05137|-139
05139|-588
05141|-204
05143|-1132
05145|-1112
05147|42
05149|-225
06001|13349
06003|-16
06005|-608
06007|-12496
06009|698
06011|-904
06013|7192
06015|157
06017|142
06019|-14223
06021|261
06023|1088
06025|2139
06027|381
06029|4643
06031|-161
06033|755
06035|319
06037|22862
06039|1543
06041|719
06043|121
06045|1074
06047|3731
06049|285
06051|-5
06053|791
06055|355
06057|482
06059|4113
06061|740
06063|276
06065|9505
06067|9998
06069|-101
06071|13444
06073|16799
06075|1670
06077|5334
06079|892
06081|596
06083|699
06085|4492
06087|483
06089|3658
06091|50
06093|504
06095|4127
06097|963
06099|6331
06101|532
06103|547
06105|204
06107|82
06109|778
06111|1661
06113|1093
06115|469
08003|-359
08007|14
08009|-67
08011|7
08013|-128
08015|-38
08017|-37
08021|49
08023|-32
08025|103
08027|8
08031|11700
08033|0
08037|-73
08039|-31
08041|-2230
08043|25
08055|-52
08059|-1360
08061|4
08063|-165
08065|-161
08067|-396
08069|-1158
08071|49
08073|-140
08075|-170
08081|-4
08083|-35
08087|-153
08089|-118
08093|-126
08095|-45
08099|26
08101|-1782
08105|-53
08107|-24
08109|-9
08111|4
08115|-11
08117|-79
08119|-188
08121|-11
08123|-365
08125|-41
08127|-2330
08129|-2640
09000|-254
10001|-2149
10002|-4512
10003|-810
11001|7295
12001|-1166
12003|-291
12005|-1274
12007|-234
12009|-1355
12011|-11522
12013|93
12015|-948
12017|-488
12019|-379
12021|-19
12023|-1260
12025|-72
12027|-476
12029|30
12031|-6494
12033|-1530
12035|-113
12037|-81
12039|253
12041|-127
12045|108
12047|204
12049|-483
12051|-301
12053|-607
12055|-360
12057|-8790
12059|87
12061|113
12063|-6
12065|-85
12067|-212
12069|-1295
12071|-508
12073|-1523
12075|-279
12077|-36
12079|-112
12081|-1656
12083|-1745
12085|424
12087|-343
12089|-170
12091|-961
12093|-174
12095|-19182
12097|-4960
12099|-1956
12101|-3293
12103|-4494
12105|-2372
12107|-553
12109|-579
12111|147
12113|-980
12115|-655
12117|1530
12119|-90
12121|-362
12123|85
12125|-52
12127|-566
12129|-113
12131|-712
12133|186
13000|69
13001|-172
13003|-341
13005|-65
13007|13
13009|-165
13011|-115
13013|-660
13015|-1831
13017|-649
13019|-137
13021|-2043
13023|-47
13025|-229
13027|-172
13029|-45
13031|-449
13033|-435
13035|-463
13037|64
13039|-521
13043|-45
13045|-2335
13047|-619
13049|-111
13051|-1005
13053|32
13055|-806
13057|-1087
13059|-1093
13061|-70
13063|-1921
13065|-157
13067|-4489
13069|-1091
13071|-1454
13073|-561
13075|-59
13077|-1112
13079|-78
13081|-275
13083|-136
13085|-181
13087|-57
13089|2963
13091|-86
13093|121
13095|-473
13097|-1202
13099|-186
13100|-64
13103|-291
13105|-367
13107|-144
13109|-183
13111|-77
13113|-962
13115|-1304
13117|-328
13119|-291
13121|-5931
13123|-155
13125|-35
13127|-878
13129|-1068
13131|-247
13133|-366
13135|-1528
13137|-489
13139|-1431
13141|54
13143|-353
13145|-191
13147|-242
13149|-124
13151|-1674
13153|-1125
13155|-252
13157|-273
13159|-206
13161|-347
13163|-184
13165|-307
13167|-205
13169|-260
13171|-163
13173|-163
13175|-636
13177|-122
13179|227
13181|-160
13183|-374
13185|-332
13187|-216
13189|-573
13191|-28
13193|-1
13195|-32
13197|-227
13199|-546
13201|-50
13205|-401
13207|-212
13209|-121
13211|-53
13213|-922
13215|-1177
13217|-1648
13219|-45
13221|-76
13223|-751
13225|92
13227|-358
13229|-312
13231|-282
13233|-810
13235|27
13237|-214
13239|-38
13241|-68
13243|188
13245|-2211
13247|-1027
13249|-54
13251|-495
13253|-52
13255|-1066
13257|-662
13259|-126
13261|-688
13263|-70
13265|-23
13267|-252
13269|-117
13271|-369
13273|-91
13275|-253
13277|-626
13279|-535
13281|-37
13283|20
13285|-1569
13287|-341
13289|83
13291|-85
13293|-980
13295|-896
13297|-675
13299|-738
13301|-88
13303|-105
13305|-455
13307|-50
13309|45
13311|-500
13313|-1940
13315|-121
13317|-174
13319|-46
13321|-618
14000|-2356
15001|2553
15003|8218
15007|419
15009|1512
16000|-10474
17001|-3655
17003|-1450
17005|-721
17007|-930
17009|-328
17011|-1243
17013|-148
17015|-650
17017|-619
17019|-10723
17021|-1732
17023|-926
17025|-855
17027|-856
17029|-2449
17031|810
17033|-1314
17035|-658
17037|-2239
17039|-800
17041|-573
17043|-10681
17045|-1392
17047|-387
17049|-2066
17051|-1574
17053|-384
17055|-4848
17057|-2202
17059|-695
17061|-847
17063|-647
17065|-698
17067|-873
17069|-536
17071|-363
17073|-1568
17075|-1147
17077|-5905
17079|-470
17081|-4277
17083|-1118
17085|-531
17087|-680
17089|-14938
17091|-5278
17093|-525
17095|-3369
17097|-16588
17099|-5833
17101|-796
17103|-936
17105|-2008
17107|-1528
17109|-1576
17111|-1905
17113|-6391
17115|-12316
17117|-2242
17119|-10743
17121|-5226
17123|-427
17125|-980
17127|-1255
17129|-504
17131|-591
17133|-258
17135|-1995
17137|-1966
17139|-476
17141|-1429
17143|-17195
17145|-1209
17147|-481
17149|-932
17151|-259
17153|-1090
17155|-206
17157|-1580
17159|-1480
17161|-6713
17163|-31323
17165|-3558
17167|-14320
17169|-188
17171|-240
17173|-840
17175|-273
17177|-3474
17179|-6123
17181|-2021
17183|-6812
17185|-706
17187|-902
17189|-389
17191|-1328
17193|-1079
17195|-2468
17197|-18173
17199|-4253
17201|-23641
17203|-630
18001|856
18003|15003
18005|-1372
18007|-63
18009|922
18011|909
18013|-160
18015|-323
18017|1752
18019|-1073
18021|-613
18023|-816
18025|-151
18027|-522
18029|-513
18031|-489
18033|726
18035|8038
18037|-375
18039|6941
18041|1707
18043|-954
18045|-366
18047|-228
18049|637
18051|-500
18053|5338
18055|-513
18057|1447
18059|985
18061|-532
18063|1108
18065|2764
18067|4342
18069|1046
18071|-582
18073|867
18075|824
18077|-524
18079|-788
18081|2459
18083|-591
18085|1089
18087|409
18089|48328
18091|5853
18093|-900
18095|7397
18097|55124
18099|1228
18101|-112
18103|1559
18105|-1180
18107|-662
18109|2635
18111|603
18113|801
18115|-39
18117|-513
18119|-511
18121|-242
18123|-225
18125|-161
18127|3233
18129|-138
18131|582
18133|-193
18135|1489
18137|-256
18139|596
18141|15802
18143|-619
18145|1469
18147|-291
18149|1368
18151|694
18153|-373
18155|-33
18157|-2432
18159|402
18161|243
18163|-2644
18165|-183
18167|-1966
18169|851
18171|-104
18173|-345
18175|-389
18177|4642
18179|457
18181|-541
18183|540
19001|-51
19003|-6
19005|-7
19007|-65
19009|-45
19011|-180
19013|-508
19015|-25
19017|-188
19019|-3
19021|-3
19023|-20
19025|-16
19027|-83
19029|10
19031|-65
19033|-293
19035|-104
19037|-113
19039|-69
19041|-141
19043|-85
19045|-412
19047|-25
19049|-89
19051|-64
19053|-89
19055|-10
19057|-574
19059|10
19061|-657
19063|14
19065|-201
19067|-211
19069|-68
19071|-32
19073|-73
19075|0
19077|44
19079|-255
19081|-7
19083|-84
19085|18
19087|-93
19089|35
19091|0
19093|12
19095|-34
19097|-134
19099|-263
19101|-57
19103|-525
19105|-95
19107|60
19109|57
19111|-448
19113|-32
19115|-147
19117|-101
19119|69
19121|-65
19123|-232
19125|-87
19127|18
19129|29
19131|13
19133|-72
19135|6
19137|-129
19139|-655
19141|-88
19143|-6
19145|-125
19147|-27
19149|59
19151|-16
19153|-1956
19155|-806
19157|-124
19159|20
19161|11
19163|-1124
19165|13
19167|8
19169|-436
19171|-19
19173|-84
19175|-13
19177|-112
19179|-142
19181|-23
19183|-81
19185|-23
19187|-306
19189|-82
19191|-23
19193|-896
19195|-75
19197|-81
20001|-214
20003|17
20005|-7
20007|-35
20009|132
20011|352
20013|-944
20015|-741
20017|32
20019|-59
20021|1659
20023|-2323
20025|-2715
20027|314
20029|401
20031|-54
20033|-3096
20035|2228
20037|2316
20039|-25
20041|-2634
20043|-150
20045|2480
20047|-69
20049|-28
20051|-69
20053|-34
20055|-981
20057|18
20059|-284
20061|-461
20063|-66
20065|46
20067|178
20069|-225
20071|-503
20073|446
20075|94
20077|220
20079|755
20081|3
20083|-1459
20085|-58
20087|-113
20089|-4912
20091|3650
20093|-19
20095|-27
20097|-55
20099|-196
20101|-40
20103|2274
20105|-28
20107|-154
20109|-2725
20111|-288
20113|518
20115|270
20117|-2684
20119|-1084
20121|393
20123|-751
20125|2175
20127|-202
20129|-28
20131|-30
20133|-224
20135|-16
20137|-51
20139|538
20141|-701
20143|-8
20145|28
20147|-27
20149|35
20151|-221
20153|-21
20155|3379
20157|96
20159|-1073
20161|-3029
20163|34
20165|-109
20167|9
20169|-616
20171|-52
20173|26792
20175|740
20177|-23903
20179|-268
20181|141
20183|-9402
20185|204
20187|-1228
20189|-31
20191|-200
20193|-66
20195|-1
20197|22
20199|-153
20201|110
20203|-874
20205|454
20207|-17
20209|-862
21001|34
21003|-370
21005|-339
21007|-240
21009|-792
21011|-57
21013|-296
21015|-823
21017|-243
21019|-550
21021|-489
21023|-178
21025|-44
21027|-37
21029|-724
21031|-272
21033|109
21035|-187
21037|-530
21039|-32
21041|-6
21043|-581
21045|-395
21047|-1546
21049|-493
21051|-4
21053|69
21055|-22
21057|23
21059|-1214
21061|-221
21063|-184
21065|-241
21067|-2432
21069|50
21071|211
21073|-598
21075|-18
21077|-132
21079|-141
21081|-993
21083|-611
21085|-434
21087|-39
21089|-710
21091|-204
21093|-1181
21095|452
21097|-293
21099|-101
21101|-284
21103|-80
21105|37
21107|-143
21109|-32
21111|-7966
21113|-795
21115|190
21117|-1786
21119|9
21121|417
21123|-75
21125|-319
21127|37
21129|-112
21131|42
21133|278
21135|-460
21137|-379
21139|-121
21141|-748
21143|-10
21145|-270
21147|-201
21149|-135
21151|-675
21153|58
21155|-27
21157|-398
21159|205
21161|-377
21163|-150
21165|-249
21167|-127
21169|-145
21171|-160
21173|-248
21175|25
21177|-400
21179|-477
21181|-45
21183|-238
21185|-206
21187|-183
21189|14
21191|-265
21193|-102
21195|-68
21197|-241
21199|-936
21201|-29
21203|-171
21205|-240
21207|-135
21209|-565
21211|-515
21213|-567
21215|-180
21217|-100
21219|-267
21221|-106
21223|-200
21225|-176
21227|-1413
21229|-90
21231|42
21233|-142
21235|6
21237|-106
21239|-229
22001|-641
22003|-334
22005|-1015
22007|-423
22009|-1081
22011|-446
22013|-182
22015|-1656
22017|-2816
22019|-4573
22021|-269
22023|-99
22025|-17
22027|-90
22029|-519
22031|-237
22033|-12149
22035|30
22037|-114
22039|-539
22041|-642
22043|-406
22045|-1270
22047|-996
22049|-188
22051|-6576
22053|-239
22055|-3862
22057|-1063
22059|-264
22061|-274
22063|-2495
22065|-495
22067|-1046
22069|-1185
22071|-6437
22073|-3395
22075|-159
22077|-482
22079|-2647
22081|-165
22083|-473
22085|-441
22087|-1072
22089|-1050
22091|-233
22093|-585
22095|-1467
22097|-1132
22099|-1130
22101|-1161
22103|-3103
22105|-2453
22107|-150
22109|-1750
22111|-495
22113|-337
22115|-940
22117|-1323
22119|-496
22121|-393
22123|-416
22125|-158
22127|-483
23000|-8097
24001|-65
24003|-481
24005|-387
24009|-48
24011|-309
24013|-1
24015|-674
24017|-390
24019|-163
24021|-317
24023|258
24025|-1394
24027|-546
24029|-112
24031|-352
24033|605
24035|27
24037|-786
24039|-338
24041|-83
24043|-514
24045|-184
24047|54
24510|2435
25000|7
26001|-711
26003|-79
26005|-4274
26007|-2337
26009|-967
26011|-1304
26013|-461
26015|-2455
26017|-6215
26019|-435
26021|-12602
26023|-2682
26025|-5899
26027|-3968
26029|-760
26031|-1733
26033|-2033
26035|-2859
26037|-1552
26039|-1053
26041|-2330
26043|-1139
26045|-3430
26047|-1309
26049|-24050
26051|-1746
26053|-1147
26055|-2735
26057|-2419
26059|-2572
26061|-1656
26063|-1921
26065|12283
26067|-2192
26069|-2113
26071|-703
26073|-3006
26075|-9679
26077|-8284
26079|-1189
26081|-20254
26083|-132
26085|-1423
26087|-2724
26089|-697
26091|-4360
26093|-2152
26095|-569
26097|-467
26099|-13712
26101|-1553
26103|-2663
26105|-1971
26107|-3223
26109|-1463
26111|-2917
26113|-3543
26115|-5030
26117|-4547
26119|-878
26121|-16378
26123|-3863
26125|-15773
26127|-2221
26129|-1999
26131|-384
26133|-1822
26135|-830
26137|-1314
26139|-5746
26141|-580
26143|-2105
26145|-12108
26147|-5919
26149|-4778
26151|-2898
26153|-912
26155|-3872
26157|-2984
26159|-6192
26161|-4451
26163|-87717
27001|-1
27003|-1
27005|0
27007|-5174
27009|1
27011|-253
27013|-1985
27015|0
27017|1
27019|-3
27021|0
27023|-367
27025|-1106
27027|-3130
27029|-669
27031|0
27033|-464
27035|-2470
27037|1
27039|-410
27041|-3
27043|0
27045|-594
27047|0
27049|-908
27051|-304
27053|-5897
27055|-540
27057|-994
27059|0
27061|-1948
27063|-235
27065|-752
27067|-2220
27069|-161
27071|-834
27073|-213
27075|-338
27077|-123
27079|0
27081|-199
27083|-1201
27085|-851
27087|-629
27089|-310
27091|-1000
27093|-729
27095|-1093
27097|-1037
27099|-1753
27101|-217
27103|-942
27105|-893
27107|-339
27109|0
27111|-1
27113|-585
27115|-1306
27117|-388
27119|-1949
27121|-325
27123|-31
27125|-181
27127|-541
27129|-648
27131|0
27133|-217
27135|-266
27137|-1
27139|-5
27141|-1141
27143|-432
27145|-3906
27147|-1283
27149|-270
27151|-412
27153|-1150
27155|-215
27157|-383
27159|-1
27161|-895
27163|-3457
27165|-426
27167|-247
27169|-1527
27171|-1
27173|-304
27175|57
28001|27
28003|-186
28005|18
28007|-201
28009|-129
28011|555
28013|-209
28015|-138
28017|-548
28019|-157
28021|-355
28023|-324
28025|-481
28027|-371
28029|0
28031|-386
28033|-1058
28035|-1116
28037|-107
28039|-553
28041|-139
28043|-124
28045|-507
28047|-3336
28049|-5373
28051|-201
28053|-491
28055|35
28057|-86
28059|-1649
28061|-411
28063|-198
28065|63
28067|-748
28069|104
28071|-91
28073|-224
28075|-542
28077|-24
28079|-452
28081|-1643
28083|-251
28085|-250
28087|-342
28089|-497
28091|-37
28093|-382
28095|-847
28097|-81
28099|-350
28101|42
28103|231
28105|-279
28107|-716
28109|-802
28111|1
28113|-308
28115|-268
28117|-167
28119|-127
28121|-852
28123|-396
28125|102
28127|-298
28129|-142
28131|-236
28133|-424
28135|-251
28137|-349
28139|-248
28141|-71
28143|-290
28145|-493
28147|-223
28149|-164
28151|-15073
28153|-106
28155|-276
28157|169
28159|-151
28161|-55
28163|-156
29000|11
29001|-558
29003|-77
29005|-81
29007|-459
29009|-948
29011|-367
29013|-223
29015|-2267
29017|-406
29019|-2090
29021|-1092
29023|-6661
29025|-202
29027|-645
29029|-647
29031|-1451
29033|-227
29035|-203
29037|-874
29039|-313
29041|-57
29043|-1216
29045|-168
29047|-2658
29049|-138
29051|-4054
29053|-313
29055|-337
29057|-254
29059|-476
29061|-261
29063|-28
29065|-2298
29067|-552
29069|-8559
29071|-1454
29073|-300
29075|-94
29077|-5261
29079|-200
29081|-246
29083|-698
29085|-149
29087|-80
29089|16
29091|-927
29093|-154
29095|-9446
29097|-3136
29099|-2301
29101|-829
29103|12
29105|-1324
29107|-589
29109|-957
29111|-236
29113|-903
29115|-332
29117|-158
29119|-605
29121|-329
29123|-324
29125|-118
29127|-627
29129|20
29131|-591
29133|-3670
29135|-321
29137|-176
29139|-286
29141|-459
29143|-718
29145|-991
29147|-235
29149|-140
29151|-46
29153|-218
29155|-566
29157|-345
29159|-1370
29161|-872
29163|-415
29165|-612
29167|-650
29169|-588
29171|-70
29173|-156
29175|-750
29177|-388
29179|-1317
29181|-353
29183|-2092
29185|-302
29187|-1298
29189|-52607
29193|-212
29195|-571
29197|-64
29199|62
29201|-6632
29203|-280
29205|-121
29207|-458
29209|-729
29211|-203
29213|-910
29215|-599
29217|-420
29219|-515
29221|-4532
29223|-2782
29225|-880
29227|-72
29229|-453
29510|-83287
30001|-102
30003|-215
30005|34
30007|-11
30009|-74
30011|14
30013|-81
30015|-29
30017|137
30019|11
30021|-53
30023|-25
30025|33
30027|-7
30029|-485
30031|-72
30033|11
30035|-147
30037|28
30039|20
30041|-146
30043|-55
30045|-4
30047|-738
30049|-245
30051|-13
30053|-259
30055|23
30057|-28
30059|-6
30061|-117
30063|-944
30065|-48
30067|-162
30069|-3
30071|19
30073|-12
30075|15
30077|7
30079|10
30081|-291
30083|69
30085|40
30087|-93
30089|-145
30091|-17
30093|-111
30095|19
30097|1
30099|1
30101|33
30103|21
30105|-61
30107|-42
30109|13
30111|-376
31000|-2649
32001|828
32003|-30945
32005|438
32007|-143
32009|-12
32011|-12
32013|-222
32015|3
32017|-79
32019|862
32021|152
32023|-1155
32027|72
32029|12
32031|-2304
32033|83
32510|1802
33000|-4866
34001|-1981
34003|558
34005|581
34007|4623
34009|230
34011|-682
34013|16088
34015|-201
34017|7149
34019|34
34021|-138
34023|329
34025|579
34027|107
34029|1645
34031|930
34033|-181
34035|-39
34037|-84
34039|1591
34041|-128
35001|-37638
35003|58
35005|-7379
35006|57
35007|62
35009|-4715
35011|36
35013|-21658
35015|-5072
35017|-3361
35019|117
35021|23
35023|171
35025|-4525
35027|-24
35028|13
35029|56
35031|-191
35033|235
35035|-2971
35037|116
35039|381
35041|613
35043|-5706
35045|-717
35047|-4117
35049|260
35051|20
35053|264
35055|-2953
35057|322
35059|18
35061|-7483
36000|481308
36062|9922
37000|58
37001|-1205
37003|-502
37005|-123
37007|-410
37009|-66
37011|-164
37013|100
37015|-109
37017|-55
37019|-633
37021|-1776
37023|-1755
37025|-6412
37027|-2097
37029|13
37031|-470
37033|-416
37035|-3038
37037|-312
37039|-71
37041|-14
37043|-103
37045|-2287
37047|-419
37049|357
37051|-2526
37053|-56
37055|-106
37057|-2140
37059|-389
37061|-567
37063|-1734
37065|-285
37067|-2772
37069|-795
37071|-3281
37073|14
37075|-21
37077|-381
37079|-587
37081|-4210
37083|-683
37085|-1081
37087|-613
37089|-434
37091|-77
37093|-738
37095|-9
37097|-913
37099|-279
37101|-1368
37103|-56
37105|-655
37107|-890
37109|-839
37111|-192
37113|-220
37115|-124
37117|68
37119|-11765
37121|-175
37123|-167
37125|-885
37127|-749
37129|-661
37131|-162
37133|-1177
37135|-781
37137|-57
37139|-23
37141|-426
37143|-206
37145|-571
37147|-2165
37149|-91
37151|-2706
37153|-738
37155|-2800
37157|-625
37159|-1136
37161|-1111
37163|-945
37165|-603
37167|-943
37169|-717
37171|-758
37173|35
37175|-169
37177|34
37179|-1196
37181|-1038
37183|-6142
37185|-128
37187|-96
37189|-165
37191|-568
37193|-1228
37195|-901
37197|-149
37199|-257
38001|-22
38003|10
38005|-166
38009|-11
38011|-25
38013|19
38015|-425
38017|-1038
38019|-18
38021|-18
38023|-7
38025|23
38027|-23
38029|-25
38031|-24
38033|1
38035|-621
38037|-2
38039|-17
38041|-10
38043|-2
38045|-36
38047|-9
38049|-58
38051|-41
38053|99
38055|-30
38057|-62
38059|-244
38061|-35
38063|-23
38065|10
38067|18
38069|-78
38071|-136
38073|-10
38075|-9
38077|-36
38079|-383
38081|-20
38083|21
38085|-50
38089|-154
38091|37
38093|-198
38095|-25
38097|-57
38099|-109
38101|-513
38103|-61
38105|-17
39001|-3093
39003|-6149
39005|-1626
39007|-7257
39009|-5581
39011|-1285
39013|-80
39015|-2301
39017|-4583
39019|-1647
39021|-1532
39023|-2393
39025|-5745
39027|-479
39029|-8205
39031|-2570
39033|-2985
39035|-106830
39037|-220
39039|-1565
39041|-2456
39043|-3066
39045|-4708
39047|-550
39049|-75485
39051|-1115
39053|-4135
39055|-620
39057|-6352
39059|-3444
39061|-51537
39063|-2085
39065|-1346
39067|-1056
39069|-777
39071|-1075
39073|-1134
39075|-253
39077|-2724
39079|-3907
39081|-7189
39083|-2470
39085|-6636
39087|-9143
39089|-6490
39091|-2236
39093|-18414
39095|-40878
39097|-435
39099|-21434
39101|-4416
39103|-2717
39105|-3473
39107|-243
39109|-811
39111|-1299
39113|-34309
39115|-1609
39117|-1789
39119|-9334
39121|-887
39123|-1184
39125|-891
39127|-3274
39129|-3157
39131|-4117
39133|-5133
39135|-1365
39137|-806
39139|-7639
39141|-2373
39143|-2168
39145|-12400
39147|-2399
39149|-1398
39151|-21210
39153|-37638
39155|-14601
39157|-4867
39159|-385
39161|-661
39163|-1950
39165|-2179
39167|-3665
39169|-4341
39171|-1513
39173|-2234
39175|-178
40001|-370
40003|-3
40005|-31
40007|2
40009|-140
40011|4
40013|-421
40015|34
40017|-784
40019|131
40021|91
40023|-156
40025|10
40027|-1956
40029|-14
40031|123
40033|-1
40035|-186
40037|-770
40039|-449
40041|-362
40043|21
40045|27
40047|-375
40049|-665
40051|-127
40053|-4
40055|5
40057|136
40059|-44
40061|-497
40063|-252
40065|-105
40067|-26
40069|-67
40071|-1352
40073|-67
40075|30
40077|-285
40079|-1693
40081|-381
40083|-489
40085|61
40087|-242
40089|-378
40091|-696
40093|37
40095|79
40097|-846
40099|-253
40101|-1804
40103|-127
40105|-127
40107|-125
40109|-7748
40111|-734
40113|-187
40115|-257
40117|-395
40119|-1248
40121|-573
40123|-443
40125|-1009
40127|-222
40129|77
40131|-1197
40133|-248
40135|-1272
40137|-175
40139|-11
40141|-38
40143|-6296
40145|-559
40147|-215
40149|-1
40151|7
40153|-141
41000|958
42001|-128
42003|7004
42005|401
42007|95
42009|-431
42011|-2415
42013|-173
42015|396
42017|158
42019|176
42021|-23
42023|-39
42025|-50
42027|-28
42029|-179
42031|10
42033|-42
42035|-220
42037|78
42039|-807
42041|-166
42043|-391
42045|694
42047|-141
42049|-730
42051|1086
42053|53
42055|-411
42057|-87
42059|502
42061|-50
42063|1180
42065|294
42067|-112
42069|-261
42071|-2367
42073|156
42075|-27
42077|-1577
42079|576
42081|-202
42083|-63
42085|-245
42087|-106
42089|-969
42091|96
42093|18
42095|-149
42097|1012
42099|-56
42101|23673
42103|36
42105|107
42107|155
42109|66
42111|334
42113|83
42115|104
42117|19
42119|10
42121|-153
42123|-309
42125|847
42127|26
42129|1718
42131|100
42133|-1330
44935|2379
45001|-355
45003|-2607
45005|-419
45007|-5195
45009|-187
45011|-566
45013|-560
45015|-1994
45017|-194
45019|-2384
45021|-2048
45023|-1264
45025|-1093
45027|-1208
45029|-856
45031|-1211
45033|-903
45035|-1146
45037|-386
45039|-1052
45041|-1600
45043|-1923
45045|-5552
45047|-1431
45049|-686
45051|-5552
45053|-742
45055|-953
45057|-1578
45059|-1765
45061|-658
45063|-3233
45065|-248
45067|-1909
45069|-825
45071|-559
45073|-1431
45075|-1775
45077|-1376
45079|-4709
45081|-302
45083|-4438
45085|-2549
45087|-750
45089|-620
45091|-3146
46000|-14
46003|-39
46005|-140
46007|103
46009|45
46011|-67
46013|-268
46015|-4
46019|-30
46021|7
46023|-16
46025|7
46027|-143
46029|-166
46031|83
46033|-71
46035|-47
46037|62
46039|13
46041|-111
46043|-5
46045|11
46047|194
46049|0
46051|28
46053|32
46055|10
46057|5
46059|14
46061|14
46063|-15
46065|-68
46067|-17
46069|47
46071|-23
46073|5
46075|-16
46077|-17
46079|-59
46081|5
46083|-45
46085|35
46087|9
46089|4
46091|9
46093|-74
46095|65
46097|-28
46099|-1650
46101|-43
46103|-418
46105|-28
46107|17
46109|-131
46111|-15
46113|-43
46115|55
46117|-5
46119|7
46121|-124
46123|17
46125|-62
46127|-58
46129|-34
46135|-235
46137|56
47001|-883
47003|-741
47005|-416
47007|-122
47009|-1424
47011|-1796
47013|-821
47015|-322
47017|-935
47019|-901
47021|-518
47023|-259
47025|-372
47027|-173
47029|-605
47031|-1074
47033|-267
47035|-912
47037|-9908
47039|-411
47041|-247
47043|-487
47045|-1267
47047|-608
47049|-562
47051|-272
47053|-1851
47055|-1000
47057|-382
47059|-1133
47061|-198
47063|-740
47065|-2943
47067|-254
47069|-471
47071|-528
47073|-669
47075|-712
47077|-582
47079|-740
47081|-931
47083|-218
47085|-506
47087|-469
47089|-1059
47091|-180
47093|-3823
47095|-86
47097|-973
47099|-901
47101|-468
47103|-431
47105|-509
47107|-1558
47109|-475
47111|-661
47113|-3008
47115|-395
47117|-526
47119|-1399
47121|-426
47123|-1074
47125|-2361
47127|-47
47129|-454
47131|-180
47133|-358
47135|-89
47137|-73
47139|-556
47141|-351
47143|-635
47145|-692
47147|-443
47149|-2951
47151|-721
47153|-212
47155|-1189
47157|-17837
47159|-393
47161|-231
47163|-616
47165|-2622
47167|-1517
47169|-159
47171|-234
47173|-579
47175|-166
47177|-649
47179|-1002
47181|-345
47183|-1000
47185|-663
47187|-294
47189|-989
48001|-384
48003|-154
48005|-1620
48007|-99
48009|30
48011|-6
48013|-323
48015|-144
48017|-218
48019|40
48021|-880
48023|-13
48025|155
48027|-3913
48029|-10522
48031|-41
48033|10
48035|-364
48037|-624
48039|-1637
48041|-1032
48043|-2
48045|23
48047|286
48049|-435
48051|-289
48053|-319
48055|-611
48057|-387
48059|90
48061|-3164
48063|-242
48065|-19
48067|-92
48069|-99
48071|-175
48073|-858
48075|-63
48077|18
48079|29
48081|55
48083|-66
48085|-1520
48087|17
48089|-173
48091|-512
48093|-107
48095|-42
48097|-35
48099|-539
48101|-1
48103|-27
48105|60
48107|-191
48109|31
48111|-86
48113|-18091
48115|-117
48117|-140
48119|-134
48121|-1801
48123|-241
48125|-91
48127|195
48129|-24
48131|-127
48133|-283
48135|-798
48137|94
48139|-552
48141|-6533
48143|-187
48145|-260
48147|-337
48149|-118
48151|-56
48153|-245
48155|59
48157|-2442
48159|-56
48161|-217
48163|-112
48165|-176
48167|-768
48169|-83
48171|2
48173|4
48175|55
48177|-285
48179|322
48181|-878
48183|-1164
48185|-272
48187|-1218
48189|-345
48191|-60
48193|-136
48195|6
48197|-1
48199|-574
48201|-21383
48203|-623
48205|-9
48207|1
48209|-214
48211|-31
48213|-1632
48215|-7745
48217|-993
48219|-216
48221|-582
48223|-527
48225|-254
48227|-260
48229|37
48231|-931
48233|-156
48235|1
48237|7
48239|-117
48241|-697
48243|-63
48245|-1692
48247|141
48249|43
48251|-1499
48253|26
48255|-124
48257|-313
48259|-110
48261|-10
48263|-5
48265|-122
48267|-21
48269|0
48271|-211
48273|-306
48275|-74
48277|-803
48279|-514
48281|-300
48283|154
48285|-231
48287|-65
48289|-95
48291|-411
48293|29
48295|-60
48297|-113
48299|-187
48301|0
48303|-3353
48305|-34
48307|-206
48309|-3454
48311|21
48313|-327
48315|-163
48317|-79
48319|19
48321|-867
48323|108
48325|-72
48327|-85
48329|-537
48331|-383
48333|-61
48335|-84
48337|-71
48339|-810
48341|89
48343|-125
48345|-23
48347|-574
48349|-71
48351|-41
48353|67
48355|-6270
48357|-108
48359|5
48361|-317
48363|-606
48365|-140
48367|-967
48369|28
48371|-116
48373|-755
48375|-3576
48377|34
48379|-257
48381|-241
48383|-170
48385|1
48387|-331
48389|73
48391|-76
48393|-6
48395|-199
48397|-268
48399|-36
48401|-385
48403|-146
48405|-161
48407|-402
48409|-961
48411|-74
48413|30
48415|-174
48417|50
48419|-227
48421|9
48423|-2745
48425|-81
48427|1774
48429|-281
48431|3
48433|26
48435|15
48437|-164
48439|-10367
48441|-929
48443|-21
48445|43
48447|-32
48449|-259
48451|-377
48453|-10477
48455|-251
48457|-286
48459|-438
48461|31
48463|-678
48465|453
48467|-620
48469|-845
48471|-298
48473|10
48475|-132
48477|26
48479|-1065
48481|-161
48483|20
48485|-193
48487|-183
48489|2
48491|-3071
48493|-39
48495|-83
48497|-461
48499|-405
48501|-31
48503|-125
48505|29
48507|97
49003|3649
49007|1344
49011|6143
49035|1157
49037|1173
50000|-133
51001|-2373
51003|-101
51007|-65
51009|-311
51011|-137
51013|2960
51017|66
51019|-238
51021|-9
51023|-23
51025|-162
51027|173
51029|-166
51031|-420
51033|147
51035|-337
"5103|-14
51037|-121
51041|-636
51043|-10
51045|24
51047|-62
51049|17
51051|254
51053|-86
51057|-175
51059|11460
51061|174
51063|-71
51065|-26
51067|-696
51069|-175
51071|-81
51073|57
51075|102
51077|-196
51079|-41
51081|62
51083|-543
51085|-250
51087|-5
51089|-2776
51091|3
51093|-180
51095|-185
51097|-3
51099|32
51101|-86
51103|-20
51105|256
51107|-239
51109|-104
51111|-51
51113|40
51115|75
51117|-61
51119|46
51121|-144
51125|-78
51127|1
51131|277
51133|25
51135|73
51137|15
51139|95
51141|-179
51143|-558
51145|-34
51147|-19
51149|-13
51153|20
51155|-512
51157|14
51159|-4
51161|-363
51163|-107
51165|-2034
51167|-148
51169|211
51171|5
51173|-474
51175|-157
51177|-170
51179|-79
51181|74
51183|142
51185|176
51187|1280
51191|0
51193|-65
51195|452
51197|-242
51199|12
51510|690
51520|-246
51540|61
51550|398
51560|612
51580|-440
51590|-414
51620|57
51630|-70
51640|-99
51650|-5
51660|2008
51670|-1
51680|-905
51683|-134
51685|40
51690|1795
51700|-598
51710|19
51720|65
51730|266
51740|1303
51750|-61
51760|-88
51770|-527
51790|-428
51800|445
51810|347
51820|-225
51830|-50
51840|-35
52001|2234
52005|1603
53001|-267
53003|113
53005|-1115
53007|-492
53009|-84
53011|-4895
53013|92
53015|-1690
53017|-195
53019|-339
53021|-987
53023|40
53025|-1391
53027|-468
53029|-352
53031|-119
53033|-7552
53035|-238
53037|-91
53039|-197
53041|-955
53043|-143
53045|-307
53047|-265
53049|-207
53051|90
53053|-3465
53055|-102
53057|-2368
53059|-233
53061|-6011
53063|-2666
53065|-400
53067|-14683
53071|-579
53073|-2010
53075|-245
53077|-4426
54000|-5553
55001|-316
55003|-398
55005|-482
55007|-62
55009|-2498
55011|-117
55013|-332
55015|-278
55017|-602
55019|-145
55021|-423
55023|-139
55025|-4086
55027|-880
55029|-223
55031|-378
55033|-359
55035|-1033
55037|-34
55039|-1043
55041|-86
55043|-301
55045|-337
55047|-238
55049|-15
55051|-57
55053|-210
55055|-572
55057|-265
55059|-2713
55061|-65
55063|-696
55065|-60
55067|-276
55069|-277
55071|-788
55073|-1080
55075|-569
55077|-244
55078|-266
55079|-24903
55081|-499
55083|-320
55085|-258
55087|-1086
55089|-178
55091|-62
55093|-68
55095|-375
55097|-520
55099|-159
55101|-3248
55103|-203
55105|-8848
55107|-285
55109|-131
55111|-485
55113|-155
55115|-428
55117|-1273
55119|-56
55121|-240
55123|-87
55125|-169
55127|-813
55129|-205
55131|-764
55133|-812
55135|-494
55137|-165
55139|-1237
55141|-931
55143|-188
55145|5
55147|21
55149|-69
55151|-166
55153|-39
56000|-23617
U.S.|-2028719
|0
b|0
