COUNTY|DELTA
01001|-681
01003|-1161
01005|-349
01007|-260
01009|-728
01011|-21
01013|48
01015|-1700
01017|-1092
01019|-400
01021|-543
01023|-325
01025|-14
01027|-2
01029|-292
01031|127
01033|-918
01035|-4
01037|-179
01039|-434
01041|-152
01043|-777
01045|-421
01047|-1006
01049|-1120
01051|-1215
01053|-782
01055|-350
01057|-279
01059|-767
01061|-152
01063|-164
01065|-163
01067|-119
01069|-818
01071|-882
01073|-8033
01075|-135
01077|-1667
01079|-252
01081|-1360
01083|-388
01085|-44
01087|61
01089|-2019
01091|-29
01093|-520
01095|-1522
01097|-7161
01099|633
01101|-4186
01103|-1604
01105|19
01107|53
01109|-388
01111|-547
01113|-1929
01115|-718
01117|-1063
01119|98
01121|-720
01123|-631
01125|-1579
01127|-1182
01129|-313
01131|-66
01133|-310
02110|14
04001|-2343
04003|-3337
04005|-3544
04007|-1793
04009|-1267
04011|-391
04013|-97776
04015|-6492
04017|-4076
04019|-25577
04021|-8160
04023|-1558
04025|-4440
04027|-6318
04029|-746
05001|-362
05003|-680
05005|-597
05007|-1679
05009|-326
05011|-315
05013|-44
05015|-277
05017|-190
05019|-216
05021|-268
05023|-382
05025|-268
05027|-566
05029|-365
05031|-1304
05033|-1084
05035|-1440
05037|5
05039|-133
05041|-212
05043|-502
05045|-2766
05047|-304
05049|-87
05051|-1021
05053|-237
05055|-785
05057|-536
05059|-426
05061|-228
05063|-362
05065|-219
05067|-409
05069|-1528
05071|-543
05073|46
05075|-373
05077|131
05079|-357
05081|-302
05083|-592
05085|-1175
05087|-321
05089|-371
05091|-630
05093|-1200
05095|25
05097|-140
05099|-126
05101|-133
05103|-395
05105|-318
05107|-305
05109|-231
05111|-685
05113|-619
05115|-824
05117|-152
05119|-6712
05121|-352
05123|-766
05125|-867
05127|-221
05129|-78
05131|-1722
05133|-497
05135|-404
05137|-340
05139|-732
05141|-244
05143|-936
05145|-1399
05147|69
05149|-284
06001|122
06003|-41
06005|-78
06007|1331
06009|109
06011|-50
06013|22063
06015|233
06017|-245
06019|-14957
06021|256
06023|388
06025|1209
06027|258
06029|-4893
06031|-986
06033|1370
06035|73
06037|46996
06039|-978
06041|-187
06043|21
06045|-8
06047|-2177
06049|153
06051|-12
06053|-2073
06055|-156
06057|-129
06059|-5562
06061|-330
06063|185
06065|3592
06067|5838
06069|-390
06071|5548
06073|4583
06075|-3112
06077|1512
06079|-118
06081|-1823
06083|-1532
06085|30005
06087|6213
06089|2950
06091|-10
06093|-184
06095|12766
06097|7322
06099|1269
06101|160
06103|59
06105|97
06107|-1931
06109|212
06111|-1173
06113|-107
06115|190
08003|-233
08007|-114
08009|-56
08011|-23
08013|-1562
08015|-152
08017|-34
08021|12
08023|35
08025|-28
08027|9
08031|8067
08033|33
08037|-25
08039|-102
08041|-6964
08043|-144
08055|-56
08059|-4403
08061|22
08063|-164
08065|-179
08067|-439
08069|-2557
08071|-161
08073|-246
08075|-343
08081|-46
08083|-433
08087|-249
08089|-215
08093|-200
08095|-15
08099|-263
08101|-3989
08105|-217
08107|-119
08109|-134
08111|0
08115|-44
08117|-72
08119|-379
08121|-86
08123|-1806
08125|-98
08127|-5644
08129|-6732
09000|-20512
10001|-3212
10002|-8187
10003|-1763
11001|-7577
12001|-2715
12003|-451
12005|330
12007|-469
12009|-3554
12011|-16058
12013|96
12015|-1144
12017|-501
12019|-812
12021|-1423
12023|-790
12025|-17909
12027|-837
12029|-162
12031|-12880
12033|-2632
12035|-444
12037|-52
12039|431
12041|-287
12045|-41
12047|12
12049|-678
12051|-488
12053|-1173
12055|-471
12057|-20305
12059|256
12061|-383
12063|471
12065|15
12067|-154
12069|-2066
12071|-2787
12073|-848
12075|-502
12077|-48
12079|99
12081|-3440
12083|-1974
12085|94
12087|-301
12089|-617
12091|-1888
12093|-393
12095|-20847
12097|-6743
12099|-7291
12101|-5150
12103|-10773
12105|-7397
12107|-1068
12109|-935
12111|-985
12113|-1672
12115|-1236
12117|-186
12119|-392
12121|-384
12123|4
12125|-144
12127|-4085
12129|50
12131|-787
12133|-85
13001|-436
13003|-433
13005|-260
13007|-84
13009|-1156
13011|-293
13013|-1418
13015|-3255
13017|-748
13019|-351
13021|-4362
13023|-218
13025|-340
13027|-223
13029|-284
13031|-1119
13033|-942
13035|-619
13037|-106
13039|-923
13043|-244
13045|-3462
13047|-1084
13049|-274
13051|-5479
13053|-196
13055|-889
13057|-1987
13059|-1995
13061|-13
13063|-8153
13065|-210
13067|-10129
13069|-897
13071|-1462
13073|-957
13075|-162
13077|-2099
13079|-439
13081|-800
13083|-254
13085|-279
13087|-682
13089|-14561
13091|-730
13093|-139
13095|-3257
13097|-2686
13099|-545
13100|15
13103|-856
13105|-435
13107|-511
13109|-171
13111|-278
13113|-1109
13115|-2582
13117|-601
13119|-637
13121|-18604
13123|-499
13125|-14
13127|-1513
13129|-1415
13131|-852
13133|-686
13135|-8781
13137|-824
13139|-2954
13141|-64
13143|-791
13145|-259
13147|-491
13149|-532
13151|-3090
13153|-2627
13155|-290
13157|-1104
13159|-427
13161|-331
13163|-764
13165|-395
13167|-228
13169|-638
13171|-418
13173|-237
13175|-1664
13177|-47
13179|-911
13181|-168
13183|-317
13185|-2098
13187|-541
13189|-701
13191|-364
13193|-147
13195|-408
13197|-354
13199|-1006
13201|-210
13205|-669
13207|-403
13209|-238
13211|-298
13213|-1683
13215|-4437
13217|-2585
13219|-205
13221|-251
13223|-1286
13225|-704
13227|-632
13229|-446
13231|-400
13233|-682
13235|-294
13237|-498
13239|-45
13241|-183
13243|-143
13245|-5698
13247|-2555
13249|-146
13251|-365
13253|-80
13255|-3115
13257|-910
13259|-84
13261|-659
13263|-171
13265|-6
13267|-545
13269|-140
13271|-187
13273|-271
13275|-959
13277|-763
13279|-1172
13281|-112
13283|-166
13285|-2592
13287|-357
13289|-238
13291|-236
13293|-1227
13295|-1544
13297|-1563
13299|-924
13301|-189
13303|-188
13305|-979
13307|-67
13309|-110
13311|-656
13313|-2006
13315|-295
13317|-232
13319|-81
13321|-652
14000|-1833
15001|2666
15003|7279
15007|432
15009|-49
16000|-20424
17001|-725
17003|-178
17005|-194
17007|-560
17009|-19
17011|-448
17013|-9
17015|-208
17017|-50
17019|-1584
17021|-511
17023|-203
17025|-99
17027|-145
17029|-720
17031|1137
17033|-206
17035|-50
17037|-807
17039|-236
17041|-320
17043|-4139
17045|-408
17047|24
17049|-348
17051|-255
17053|-215
17055|-404
17057|-654
17059|17
17061|-83
17063|-103
17065|-158
17067|-147
17069|16
17071|-111
17073|-454
17075|-474
17077|-590
17079|-45
17081|-426
17083|-111
17085|-104
17087|-23
17089|-4200
17091|-786
17093|-514
17095|-1187
17097|-2949
17099|-1905
17101|-48
17103|-265
17105|-511
17107|-492
17109|-356
17111|-1115
17113|-1582
17115|-1147
17117|-303
17119|-2537
17121|-922
17123|-150
17125|-202
17127|-235
17129|-81
17131|-108
17133|69
17135|67
17137|-494
17139|-113
17141|-329
17143|-2459
17145|-451
17147|-152
17149|-63
17151|-92
17153|-178
17155|-27
17157|-535
17159|-163
17161|-2273
17163|-1947
17165|-246
17167|-2842
17169|-70
17171|-54
17173|-294
17175|-135
17177|-675
17179|-1577
17181|-15
17183|-1496
17185|-31
17187|-305
17189|-74
17191|-169
17193|-172
17195|-684
17197|-3497
17199|-812
17201|-6036
17203|-306
18001|-384
18003|-24923
18005|-1216
18007|-201
18009|-281
18011|-571
18013|-169
18015|-334
18017|-791
18019|-1400
18021|-726
18023|-476
18025|-209
18027|-646
18029|-529
18031|-560
18033|-524
18035|-2465
18037|-388
18039|-3165
18041|-727
18043|-1529
18045|-523
18047|-552
18049|-519
18051|-444
18053|-1276
18055|-725
18057|-1203
18059|-660
18061|-690
18063|-677
18065|-1124
18067|-2075
18069|-595
18071|-900
18073|-488
18075|-303
18077|-377
18079|-785
18081|-2058
18083|-376
18085|-1196
18087|-255
18089|-10452
18091|-2589
18093|-918
18095|-3523
18097|-26253
18099|-689
18101|-203
18103|-932
18105|-1320
18107|-833
18109|-1551
18111|-239
18113|-689
18115|-81
18117|-659
18119|-585
18121|-301
18123|-285
18125|-182
18127|-2618
18129|-167
18131|-292
18133|-575
18135|-511
18137|-461
18139|-342
18141|-4816
18143|-569
18145|-769
18147|-280
18149|-695
18151|-621
18153|-138
18155|-320
18157|-2726
18159|-180
18161|-97
18163|-2556
18165|-285
18167|-1864
18169|-680
18171|-116
18173|-420
18175|-635
18177|-1655
18179|-367
18181|-515
18183|-508
19001|270
19003|220
19005|337
19007|-106
19009|222
19011|-575
19013|-1104
19015|-576
19017|-92
19019|-43
19021|-43
19023|66
19025|542
19027|-1637
19029|-165
19031|432
19033|-214
19035|-306
19037|387
19039|-557
19041|-238
19043|411
19045|-314
19047|-641
19049|-34
19051|312
19053|-792
19055|-194
19057|-1168
19059|-50
19061|-559
19063|-228
19065|-792
19067|-566
19069|-55
19071|563
19073|480
19075|-57
19077|429
19079|-18
19081|263
19083|-143
19085|-634
19087|-220
19089|263
19091|318
19093|231
19095|260
19097|-330
19099|-246
19101|-620
19103|-832
19105|-116
19107|-38
19109|-117
19111|-546
19113|-659
19115|587
19117|606
19119|241
19121|7
19123|-381
19125|-437
19127|-215
19129|-649
19131|-93
19133|495
19135|-104
19137|-189
19139|-1206
19141|-229
19143|74
19145|-309
19147|337
19149|-95
19151|326
19153|-2880
19155|-1517
19157|-155
19159|300
19161|400
19163|-1174
19165|412
19167|-338
19169|-638
19171|-90
19173|356
19175|-750
19177|447
19179|-824
19181|-171
19183|-136
19185|457
19187|-1440
19189|-407
19191|-764
19193|-1361
19195|-34
19197|-133
20001|-193
20003|-103
20005|-149
20007|-62
20009|-201
20011|349
20013|-1122
20015|-911
20017|79
20019|-88
20021|1674
20023|-2460
20025|-3367
20027|332
20029|372
20031|-64
20033|-3693
20035|2333
20037|2540
20039|-21
20041|-3100
20043|-233
20045|2433
20047|-39
20049|-21
20051|-158
20053|-55
20055|-638
20057|-265
20059|-379
20061|-648
20063|-56
20065|88
20067|284
20069|-266
20071|-594
20073|328
20075|56
20077|207
20079|1009
20081|-69
20083|-1447
20085|-81
20087|-126
20089|-6093
20091|4221
20093|10
20095|-75
20097|-58
20099|-199
20101|-89
20103|2619
20105|7
20107|-71
20109|-3178
20111|-492
20113|632
20115|190
20117|-2837
20119|-1047
20121|613
20123|-897
20125|2428
20127|-238
20129|-25
20131|10
20133|-250
20135|-35
20137|-44
20139|572
20141|-718
20143|-16
20145|-46
20147|-53
20149|76
20151|-375
20153|-23
20155|3253
20157|96
20159|-1096
20161|-3489
20163|-20
20165|-72
20167|-10
20169|-315
20171|-28
20173|30839
20175|748
20177|-31336
20179|-332
20181|263
20183|-10464
20185|214
20187|-1462
20189|-106
20191|-537
20193|-61
20195|25
20197|52
20199|-121
20201|128
20203|-944
20205|504
20207|-21
20209|-5226
21001|-189
21003|-410
21005|-236
21007|-134
21009|-929
21011|-174
21013|-776
21015|-1001
21017|-363
21019|-880
21021|-463
21023|-216
21025|-262
21027|-309
21029|-1306
21031|-221
21033|-200
21035|-549
21037|-1448
21039|-54
21041|23
21043|-749
21045|-486
21047|-2168
21049|-609
21051|-562
21053|-97
21055|18
21057|-11
21059|-1429
21061|-95
21063|-111
21065|-348
21067|-2768
21069|-278
21071|-565
21073|-982
21075|-260
21077|-91
21079|-224
21081|-1013
21083|-583
21085|-643
21087|-129
21089|-639
21091|-52
21093|-2086
21095|-283
21097|-324
21099|-343
21101|-162
21103|-216
21105|-19
21107|-495
21109|-277
21111|-12588
21113|-1394
21115|-52
21117|-2420
21119|-13
21121|-233
21123|-204
21125|-1322
21127|-84
21129|22
21131|-338
21133|-42
21135|-331
21137|-469
21139|-192
21141|-816
21143|-107
21145|-961
21147|-403
21149|-216
21151|-1406
21153|-252
21155|-199
21157|-442
21159|91
21161|-301
21163|-618
21165|-217
21167|-455
21169|-241
21171|-157
21173|-476
21175|-208
21177|-754
21179|-778
21181|-95
21183|-370
21185|-379
21187|-96
21189|-132
21191|-296
21193|-192
21195|-1001
21197|-111
21199|-1312
21201|-91
21203|-311
21205|-423
21207|-166
21209|-704
21211|-720
21213|-604
21215|-321
21217|-534
21219|-261
21221|-173
21223|-392
21225|-118
21227|-1420
21229|-219
21231|-394
21233|-131
21235|-649
21237|-110
21239|-511
22001|-1757
22003|-996
22005|-2285
22007|-561
22009|-1868
22011|-807
22013|-519
22015|-2944
22017|-9344
22019|-5966
22021|-564
22023|-227
22025|-201
22027|-342
22029|-861
22031|-638
22033|-13516
22035|-98
22037|-342
22039|-993
22041|-839
22043|-737
22045|-2489
22047|-1254
22049|-321
22051|-9618
22053|-994
22055|-5754
22057|-2013
22059|-579
22061|-1290
22063|-3296
22065|-509
22067|-1295
22069|-1612
22071|-9470
22073|-5320
22075|-431
22077|-624
22079|-3851
22081|-186
22083|-587
22085|-699
22087|-1792
22089|-1042
22091|-206
22093|-484
22095|-1726
22097|-2715
22099|-2084
22101|-1660
22103|-4434
22105|-3326
22107|-94
22109|-2701
22111|-759
22113|-1659
22115|-1322
22117|-1848
22119|-1639
22121|-689
22123|-383
22125|-246
22127|-621
23000|-26628
24001|-1167
24003|-3259
24005|-5323
24009|-628
24011|-613
24013|-940
24015|-1234
24017|-1297
24019|-851
24021|-1717
24023|-162
24025|-2444
24027|-1188
24029|-404
24031|-4073
24033|-7998
24035|-75
24037|-1403
24039|-514
24041|-134
24043|-2006
24045|-1250
24047|-365
24510|-4269
25000|-284417
26001|-841
26003|-185
26005|-6158
26007|-2826
26009|-885
26011|-1583
26013|-551
26015|-3317
26017|-7466
26019|-451
26021|-17174
26023|-3341
26025|-14150
26027|-4756
26029|-1083
26031|-2126
26033|-2050
26035|-3535
26037|-1237
26039|-1316
26041|-2647
26043|-1167
26045|-5289
26049|-25771
26051|-2154
26053|-1264
26055|-3262
26057|-2727
26059|-3283
26061|-1966
26063|-2282
26065|0
26067|-2918
26069|-2636
26071|-1127
26073|-3372
26075|-12214
26077|-19349
26079|-1747
26081|-43886
26085|-1061
26087|-3578
26091|-5767
26093|-2685
26095|-868
26097|-588
26099|-17547
26101|-1813
26103|-3091
26105|-2820
26107|-3377
26109|-1983
26111|-4045
26113|-4239
26115|-6380
26119|-703
26121|-18696
26123|-4201
26125|-17727
26127|-2638
26129|-1585
26131|-412
26133|-2183
26135|-1133
26137|-1716
26139|-7065
26141|-752
26143|-3386
26145|-12698
26147|-6374
26149|-5674
26151|-3493
26155|-5288
26157|-3599
26159|-8548
26161|-6040
26163|-111064
27001|-1
27003|-9
27005|0
27007|-1
27009|1
27011|-40
27013|0
27015|0
27017|1
27019|-9
27021|2
27023|0
27025|957
27027|-3262
27029|-40
27031|85
27033|-82
27035|-536
27037|-3
27039|-193
27041|951
27043|1
27045|591
27047|1217
27049|-268
27051|-35
27053|-6054
27055|-135
27057|-204
27059|1
27061|-280
27063|-24
27065|-181
27067|-457
27069|-1
27071|-133
27073|-30
27075|-166
27077|-20
27079|541
27081|-23
27083|-248
27085|-1017
27087|-132
27089|-39
27091|-1139
27093|-196
27095|-1
27097|-1121
27099|1
27101|-24
27103|-73
27105|-56
27107|-61
27109|3656
27111|1846
27113|-119
27115|1264
27117|-99
27119|-2174
27121|-59
27123|-24
27125|12
27127|398
27129|579
27131|1
27133|-66
27135|-30
27137|2
27139|-1
27141|0
27143|-90
27145|0
27147|-1360
27149|34
27151|-26
27153|-160
27155|-190
27157|-488
27159|0
27161|-321
27163|-4
27165|40
27167|-72
27169|-405
27171|-2200
27173|-74
27175|-49
28001|179
28003|-461
28005|-34
28007|-58
28009|-143
28011|126
28013|-144
28015|22
28017|-365
28019|-50
28021|-283
28023|-383
28025|-544
28027|-560
28029|-30
28031|-433
28033|-1203
28035|-1656
28037|-1
28039|-493
28041|19
28043|51
28045|-356
28047|-3785
28049|-5125
28051|60
28053|-438
28055|76
28057|-272
28059|-2310
28061|-392
28063|-143
28065|72
28067|-1046
28069|-84
28071|-106
28073|-543
28075|-336
28077|19
28079|-97
28081|-1464
28083|-138
28085|-652
28087|-529
28089|-212
28091|-77
28093|-638
28095|-480
28097|-122
28099|-48
28101|-96
28103|91
28105|-389
28107|-389
28109|-445
28111|18
28113|-611
28115|-328
28117|-226
28119|-46
28121|-1036
28123|-121
28125|26
28127|-562
28129|-71
28131|-238
28133|-271
28135|-161
28137|-421
28139|-246
28141|42
28143|-371
28145|-311
28147|-143
28149|-278
28151|-1259
28153|-116
28155|-261
28157|52
28159|54
28161|-206
28163|-204
29000|64
29001|-636
29003|-279
29005|-171
29007|-729
29009|1639
29011|-462
29013|-342
29015|-479
29017|-562
29019|-2274
29021|-1832
29023|-1434
29025|-282
29027|-774
29029|-1105
29031|-1759
29033|-197
29035|-273
29037|-1351
29039|-323
29041|-133
29043|-1616
29045|-117
29047|-2956
29049|-130
29051|-1496
29053|-350
29055|-833
29057|-153
29059|-308
29061|-303
29063|-203
29065|-408
29067|-659
29069|-1083
29071|-1440
29073|-373
29075|-101
29077|-5395
29079|-67
29081|-163
29083|-610
29085|-80
29087|-199
29089|-157
29091|-1547
29093|-549
29095|-18235
29097|-3829
29099|-3320
29101|-602
29103|-61
29105|-1548
29107|-779
29109|-614
29111|-112
29113|-886
29115|-377
29117|-325
29119|-783
29121|-272
29123|-281
29125|-93
29127|-443
29129|-41
29131|-820
29133|-235
29135|-313
29137|-149
29139|-152
29141|-800
29143|-1271
29145|-1178
29147|-183
29149|-359
29151|-260
29153|-433
29155|-1470
29157|-484
29159|-1520
29161|-1104
29163|-431
29165|-789
29167|-1005
29169|-771
29171|-24
29173|-174
29175|-804
29177|-585
29179|-260
29181|-689
29183|-2541
29185|-258
29187|-1478
29189|-10049
29193|-234
29195|-780
29197|-70
29199|15
29201|-1089
29203|-324
29205|-96
29207|-1114
29209|-572
29211|-211
29213|-1003
29215|-816
29217|-757
29219|-419
29221|-540
29223|-291
29225|-770
29227|2
29229|-886
29510|-3415
30001|509
30003|2079
30005|1078
30007|302
30009|306
30011|37
30013|5388
30015|145
30017|908
30019|72
30021|326
30023|882
30025|82
30027|456
30029|4412
30031|1654
30033|30
30035|3371
30037|50
30039|200
30041|2036
30043|423
30045|103
30047|2470
30049|3339
30051|37
30053|1938
30055|42
30057|189
30059|102
30061|528
30063|6376
30065|300
30067|781
30069|15
30071|279
30073|682
30075|29
30077|430
30079|38
30081|1855
30083|486
30085|2649
30087|1094
30089|695
30091|130
30093|3268
30095|260
30097|87
30099|247
30101|240
30103|14
30105|687
30107|178
30109|38
30111|7653
31000|-16571
32001|-450
32003|-27895
32005|-95
32007|-654
32009|-14
32011|-1
32013|-323
32015|-35
32017|-71
32019|-435
32021|-56
32023|-1040
32027|-124
32029|-3
32031|-4583
32033|-86
32510|-600
33000|-9446
34001|-2721
34003|-1083
34005|-1119
34007|419
34009|-53
34011|-2037
34013|5650
34015|-1269
34017|505
34019|-55
34021|-1838
34023|-1180
34025|-674
34027|-365
34029|-358
34031|-2331
34033|-499
34035|-221
34037|-495
34039|-840
34041|-696
35001|-9667
35003|26
35005|-922
35006|2444
35007|-313
35009|172
35011|-58
35013|22325
35015|-689
35017|-763
35019|-52
35021|12
35023|-23
35025|-563
35027|-273
35028|3
35029|-314
35031|-1915
35033|-66
35035|61
35037|55
35039|-702
35041|-133
35043|-836
35045|7860
35047|-195
35049|-874
35051|-164
35053|3502
35055|3117
35057|-959
35059|-18
35061|7586
36000|-1198451
36062|4960
37001|-1561
37003|-724
37005|-179
37007|-661
37009|-272
37011|-132
37013|-210
37015|-338
37017|-392
37019|-1300
37021|-2383
37023|-2106
37025|-2514
37027|-1891
37029|-43
37031|-471
37033|-572
37035|-4368
37037|-786
37039|-420
37041|-189
37043|-204
37045|-2945
37047|-802
37049|-308
37051|-5361
37053|-163
37055|-127
37057|-2495
37059|-318
37061|-787
37063|-4349
37065|-1548
37067|-4857
37069|-899
37071|-3791
37073|-12
37075|-46
37077|-723
37079|-499
37081|-7206
37083|-1135
37085|-2116
37087|-737
37089|-256
37091|-438
37093|-744
37095|-56
37097|-2150
37099|-511
37101|-2770
37103|-69
37105|-702
37107|-1050
37109|-888
37111|-639
37113|-550
37115|-321
37117|-124
37119|-17952
37121|-257
37123|-381
37125|-1168
37127|-1952
37129|-1666
37131|-425
37133|-2470
37135|-1109
37137|-219
37139|-489
37141|-878
37143|-226
37145|-929
37147|-2257
37149|-125
37151|-2480
37153|-1162
37155|-3844
37157|-601
37159|-1622
37161|-1303
37163|-1290
37165|-884
37167|-1083
37169|-747
37171|-1297
37173|-34
37175|-672
37177|-17
37179|-1734
37181|-1557
37183|-10337
37185|-610
37187|-164
37189|-249
37191|-1879
37193|-1437
37195|-1321
37197|-463
37199|-353
38000|43
38001|-36
38003|-15
38005|-136
38009|35
38011|12
38013|-18
38015|-94
38017|-164
38019|51
38021|-92
38023|6
38025|-22
38027|10
38029|-27
38031|-14
38033|2
38035|-207
38037|-24
38039|56
38041|31
38043|9
38045|-18
38047|-5
38049|-8
38051|-50
38053|0
38055|-44
38057|-25
38059|-88
38061|-8
38063|-14
38065|11
38067|16
38069|2
38071|-20
38073|-25
38075|-12
38077|11
38079|-317
38081|19
38083|-7
38085|-98
38089|99
38091|30
38093|5
38095|37
38097|124
38099|131
38101|188
38103|-38
38105|8
39001|-1079
39003|-1949
39005|-855
39007|-2781
39009|-944
39011|-644
39013|-893
39015|-948
39017|-6164
39019|-612
39021|-592
39023|-3404
39025|-2181
39027|-1030
39029|-3048
39031|-1019
39033|-1171
39035|-1434
39037|-544
39039|-824
39041|-1258
39043|-1689
39045|-2476
39047|-700
39049|-30476
39051|-448
39053|-378
39055|-358
39057|-1872
39059|-1106
39061|-8712
39063|-826
39065|-464
39067|-411
39069|-420
39071|-1003
39073|-661
39075|-289
39077|-1494
39079|-928
39081|-981
39083|-822
39085|-3208
39087|-644
39089|-2088
39091|-882
39093|-7141
39095|-11387
39097|-539
39099|-5746
39101|-1432
39103|-1263
39105|-371
39107|-363
39109|-1105
39111|-184
39113|-11273
39115|-221
39117|-737
39119|-2657
39121|-161
39123|-609
39125|-460
39127|-1047
39129|-1102
39131|-944
39133|-2056
39135|-617
39137|-313
39139|-2589
39141|-2028
39143|-975
39145|-1599
39147|-905
39149|-514
39151|-6013
39153|-9702
39155|-3601
39157|-1391
39159|-729
39161|-188
39163|-361
39165|-1100
39167|-853
39169|-1560
39171|-758
39173|-1127
39175|-165
40001|1194
40003|-82
40005|-205
40007|-158
40009|-672
40011|-273
40013|-711
40015|-1146
40017|-2315
40019|-485
40021|-848
40023|2093
40025|-19
40027|-4038
40029|494
40031|-2027
40033|-48
40035|-698
40037|-2624
40039|-1289
40041|-1077
40043|-59
40045|-47
40047|-2104
40049|4075
40051|-1486
40053|-108
40055|-195
40057|-17
40059|-137
40061|5385
40063|3917
40065|-615
40067|239
40069|479
40071|-2486
40073|-311
40075|-330
40077|2540
40079|17827
40081|-568
40083|-1333
40085|-197
40087|-322
40089|16231
40091|4999
40093|-59
40095|-190
40097|-1757
40099|3268
40101|2518
40103|-389
40105|-423
40107|1379
40109|-24453
40111|2683
40113|-1642
40115|-1129
40117|-600
40119|-1992
40121|11202
40123|7821
40125|-1724
40127|281
40129|-6
40131|-2468
40133|3627
40135|9607
40137|-280
40139|-425
40141|-223
40143|-22069
40145|-979
40147|-1388
40149|-521
40151|-255
40153|-747
41000|934
42001|-503
42003|-1489
42005|145
42007|-1223
42009|-664
42011|-3810
42013|-793
42015|-162
42017|-928
42019|-564
42021|230
42023|-36
42025|-369
42027|-751
42029|-751
42031|13
42033|-558
42035|-388
42037|-267
42039|-1137
42041|-529
42043|-1663
42045|-2490
42047|-320
42049|-3251
42051|-204
42053|38
42055|-788
42057|-167
42059|-67
42061|-528
42063|458
42065|-102
42067|-97
42069|-33
42071|-4783
42073|-490
42075|-910
42077|-3579
42079|-1801
42081|-613
42083|-479
42085|-850
42087|-382
42089|-2020
42091|-1753
42093|21
42095|-1306
42097|495
42099|-416
42101|6898
42103|-248
42105|-38
42107|-245
42109|-173
42111|330
42113|-27
42115|-294
42117|-134
42119|-77
42121|-412
42123|-463
42125|-272
42127|-161
42129|-789
42131|-206
42133|-2562
44935|-580
45001|-986
45003|-4893
45005|-737
45007|-8174
45009|-640
45011|-1005
45013|-2242
45015|-4043
45017|-385
45019|-7477
45021|-2858
45023|-2078
45025|-2038
45027|-1276
45029|-1581
45031|-2442
45033|-1164
45035|-2063
45037|-708
45039|-1106
45041|-4191
45043|-1641
45045|-10601
45047|-2594
45049|-1198
45051|-7225
45053|-1096
45055|-1774
45057|-2799
45059|-2669
45061|-983
45063|-5230
45065|-426
45067|-1148
45069|-1323
45071|-1278
45073|-2152
45075|-3958
45077|-2361
45079|-9711
45081|-597
45083|-7374
45085|-4629
45087|-1205
45089|-1119
45091|-5682
46000|42
46003|2
46005|-154
46007|-80
46009|-15
46011|-165
46013|-8
46015|20
46019|-133
46021|6
46023|-113
46025|-34
46027|-151
46029|-270
46031|143
46033|-31
46035|-206
46037|-21
46039|-1
46041|-172
46043|-24
46045|16
46047|68
46049|-13
46051|-131
46053|-12
46055|-12
46057|-34
46059|19
46061|-14
46063|-5
46065|5
46067|-79
46069|-18
46071|-44
46073|9
46075|-2
46077|-28
46079|-5
46081|-98
46083|11
46085|19
46087|-32
46089|-13
46091|4
46093|-90
46095|21
46097|16
46099|-1978
46101|29
46103|-636
46105|46
46107|7
46109|-19
46111|-46
46113|-204
46115|25
46117|12
46119|11
46121|-141
46123|-66
46125|-59
46127|-83
46129|-17
46135|-220
46137|-53
47001|-2008
47003|-1746
47005|-1015
47007|-481
47009|-3239
47011|-3102
47013|-2038
47015|-541
47017|-1532
47019|-2293
47021|-1064
47023|-613
47025|-1023
47027|-395
47029|-1592
47031|-2130
47033|-638
47035|-2126
47037|-21165
47039|-567
47041|-798
47043|-1124
47045|-2157
47047|-1191
47049|-957
47051|-899
47053|-2253
47055|-1397
47057|-1002
47059|-1625
47061|-557
47063|-1832
47065|-8564
47067|-328
47069|-945
47071|-1522
47073|-2108
47075|-926
47077|-976
47079|-1659
47081|-1314
47083|-411
47085|-726
47087|-692
47089|-2074
47091|-619
47093|-7744
47095|-316
47097|-2065
47099|-1585
47101|-641
47103|-1243
47105|-1359
47107|-2071
47109|-1465
47111|-936
47113|-4890
47115|-1361
47117|-820
47119|-2481
47121|-485
47123|-1834
47125|-4763
47127|-170
47129|-754
47131|-1309
47133|-695
47135|-158
47137|-345
47139|-928
47141|-2361
47143|-1009
47145|-1832
47147|-1432
47149|-5127
47151|-1280
47153|-592
47155|-2545
47157|-34944
47159|-396
47161|-500
47163|-3917
47165|-4371
47167|-2158
47169|-323
47171|-670
47173|-1152
47175|-335
47177|-1551
47179|-2804
47181|-365
47183|-1427
47185|-911
47187|-1232
47189|-2250
48001|-1263
48003|-411
48005|-2350
48007|-607
48009|-61
48011|-27
48013|-1004
48015|-368
48017|-198
48019|-364
48021|-1631
48023|-106
48025|-140
48027|-5733
48029|-32123
48031|-45
48035|-483
48037|-1274
48039|-3965
48041|-1862
48043|-217
48045|-46
48047|-152
48049|-902
48051|-320
48053|-591
48055|-1331
48057|-530
48059|-147
48061|-14808
48063|-355
48065|-21
48067|-296
48069|-95
48071|-366
48073|-1160
48075|-4
48077|-103
48079|-137
48081|-154
48083|-113
48085|-4520
48087|-57
48089|-275
48091|-1671
48093|-367
48095|-40
48097|-735
48099|-869
48101|-29
48103|-9
48105|-33
48107|141
48109|10
48111|-66
48113|-47907
48115|38
48117|36
48119|87
48121|-5011
48123|-360
48125|2
48127|-217
48129|-20
48131|-427
48133|-543
48135|-4135
48137|-44
48139|-1487
48141|-18929
48143|-527
48145|-330
48147|-701
48149|-419
48151|-24
48153|-121
48155|-35
48157|-4268
48159|-269
48161|-584
48163|-402
48165|-294
48167|-4174
48169|-134
48171|-222
48173|5
48175|-100
48177|-452
48179|-8
48181|-2840
48183|-2870
48185|-633
48187|-1924
48189|-236
48191|-6
48193|-216
48195|-127
48197|-57
48199|-1033
48201|-55069
48203|-1120
48205|-10
48207|-16
48209|-1417
48211|-18
48213|-1923
48215|-29848
48217|-965
48219|-411
48221|-1037
48223|-388
48225|-526
48227|-827
48229|-73
48231|-2109
48233|-410
48235|-30
48237|-61
48239|-352
48241|-879
48243|-22
48245|-4397
48247|-14
48249|-436
48251|-2839
48253|-237
48255|-466
48257|-1610
48259|-219
48261|-2
48263|-17
48265|-803
48267|-58
48271|127
48273|-561
48275|-53
48277|-954
48279|-385
48281|-223
48283|-116
48285|-269
48287|-278
48289|-166
48291|-1644
48293|-234
48295|-36
48297|-231
48299|-300
48303|-3205
48305|-85
48307|-260
48309|-5388
48311|-19
48313|-207
48315|-437
48317|-140
48319|5
48321|-1300
48323|-2702
48325|-1045
48327|33
48329|-3046
48331|-856
48333|-32
48335|-8
48337|-234
48339|-2926
48341|-117
48343|-408
48345|-19
48347|-1268
48349|-759
48351|-464
48353|-328
48355|-8596
48357|-120
48359|-25
48361|-1416
48363|-759
48365|-377
48367|-1747
48369|-40
48371|-382
48373|-1338
48375|-3847
48377|-351
48379|-251
48381|-235
48383|-55
48385|-45
48387|-346
48389|-402
48391|-11
48393|4
48395|-178
48397|-736
48399|-21
48401|-714
48403|-221
48405|-296
48407|-574
48409|-1240
48411|-94
48413|-4
48415|-213
48417|-25
48419|-497
48421|-33
48423|-4705
48425|-2
48427|-1297
48429|-421
48431|-1
48433|-26
48435|-7
48437|-163
48439|-26255
48441|-2136
48443|-23
48445|-115
48447|-13
48449|-550
48451|-1971
48453|-22650
48455|-211
48457|-355
48459|-1472
48461|-46
48463|-1118
48465|-635
48467|-854
48469|-2278
48471|-746
48473|-636
48475|-147
48477|-289
48479|-8369
48481|-700
48483|24
48485|-2183
48487|-359
48489|-555
48491|-4914
48493|-722
48495|-57
48497|-817
48499|-617
48501|-49
48503|-244
48505|-402
48507|-155
49003|-835
49007|-321
49011|-1507
49035|-410
49037|-378
50000|-64
51001|-465
51003|-333
51007|-94
51009|-421
51011|-176
51013|-2841
51017|32
51019|-488
51021|-15
51023|-107
51025|-235
51027|46
51029|-148
51031|-543
51033|-302
51035|-665
"5103|-143
51037|-156
51041|-2736
51043|-47
51045|-86
51047|-177
51049|-186
51051|153
51053|-396
51057|-212
51059|-2523
51061|-84
51063|-89
51065|-120
51067|-544
51069|-311
51071|-211
51073|-95
51075|-86
51077|-247
51079|-231
51081|-138
51083|-491
51085|-703
51087|-1823
51089|-1723
51091|-21
51093|-251
51095|-167
51097|-130
51099|16
51101|-125
51103|-51
51105|-31
51107|-730
51109|-291
51111|-17
51113|-46
51115|-118
51117|-536
51119|-68
51121|-534
51125|-110
51127|-33
51131|-101
51133|-124
51135|-109
51137|-129
51139|-295
51141|-155
51143|-1060
51145|-139
51147|-197
51149|-309
51153|-963
51155|-462
51157|37
51159|-41
51161|-837
51163|-244
51165|-275
51167|68
51169|-52
51171|-200
51173|-481
51175|-231
51177|-718
51179|-687
51181|6
51183|-20
51185|-267
51187|-359
51191|-504
51193|-203
51195|90
51197|-396
51199|64
51510|-520
51520|-300
51540|-299
51550|-1128
51560|609
51580|-722
51590|-943
51620|-206
51630|-257
51640|-100
51650|-1761
51660|0
51670|-508
51680|-1563
51683|-213
51685|-90
51690|0
51700|-2292
51710|-2540
51720|-16
51730|-622
51740|-318
51750|24
51760|-4103
51770|-1695
51790|-769
51800|-542
51810|-1643
51820|-284
51830|-38
51840|-295
52001|287
52005|744
53001|-404
53003|-337
53005|-485
53007|-1473
53009|-185
53011|-5480
53013|67
53015|-1519
53017|-228
53019|-691
53021|-1195
53023|50
53025|-2378
53027|-722
53029|-712
53031|-289
53033|-11076
53035|-989
53037|-243
53039|-116
53041|-1282
53043|-13
53045|-65
53047|-290
53049|-536
53051|-25
53053|-7380
53055|-82
53057|-2414
53059|-156
53061|-8082
53063|-6207
53065|-613
53067|-24617
53069|-1
53071|-836
53073|-2997
53075|-444
53077|-4057
54000|-418
55001|-271
55003|-417
55005|-635
55007|-68
55009|-3725
55011|-95
55013|-291
55015|-370
55017|-984
55019|-195
55021|-570
55023|-286
55025|-4529
55027|-931
55029|-293
55031|-561
55033|-517
55035|-1152
55037|-3
55039|-1228
55041|-179
55043|-328
55045|-316
55047|-116
55049|-139
55051|-71
55053|-232
55055|-627
55057|-378
55059|-3174
55061|-145
55063|-903
55065|-192
55067|-313
55069|-182
55071|-931
55073|-1332
55075|-633
55077|-317
55078|-214
55079|-30372
55081|-548
55083|-467
55085|-499
55087|-1201
55089|-318
55091|-83
55093|-172
55095|-288
55097|-697
55099|-55
55101|-3591
55103|-274
55105|-3156
55107|-219
55109|-404
55111|-645
55113|-267
55115|-395
55117|-1320
55119|-32
55121|-265
55123|-173
55125|-124
55127|-1005
55129|-212
55131|-780
55133|-1450
55135|-630
55137|-317
55139|-1968
55141|-1123
55143|-232
55145|-19
55147|-66
55149|-82
55151|-62
55153|-85
56000|23422
U.S.|-3666212
|0
b|0
