COUNTY|DELTA
01001|-871
01003|-2184
01005|-349
01007|-469
01009|-928
01011|-134
01013|-238
01015|-1458
01017|-401
01019|-574
01021|-418
01023|-319
01025|-473
01027|-97
01029|-160
01031|-531
01033|-664
01035|-159
01037|-172
01039|-564
01041|-392
01043|-1558
01045|-798
01047|-673
01049|-1603
01051|-663
01053|-128
01055|-1051
01057|-260
01059|-361
01061|-431
01063|-38
01065|-112
01067|-258
01069|-1341
01071|-1121
01073|-10698
01075|-146
01077|-1494
01079|-427
01081|-2526
01083|-996
01085|-276
01087|-387
01089|-1952
01091|-472
01093|-453
01095|-956
01097|-6562
01099|-146
01101|-4358
01103|-1614
01105|-151
01107|-328
01109|-301
01111|-743
01113|-1545
01115|-687
01117|-839
01119|-101
01121|-1324
01123|-799
01125|-2327
01127|-782
01129|-336
01131|-12
01133|-252
02110|6
04001|-1257
04003|-2016
04005|-2605
04007|-569
04009|-687
04011|-131
04013|-62924
04015|-2496
04017|-2898
04019|-15623
04021|-3343
04023|-1611
04025|-3001
04027|-3857
04029|-416
05001|-279
05003|-588
05005|-1112
05007|-3643
05009|-527
05011|-261
05013|-132
05015|-461
05017|-256
05019|-691
05021|-237
05023|-343
05025|-241
05027|-582
05029|-539
05031|-2969
05033|-1399
05035|-2034
05037|-375
05039|-186
05041|-173
05043|-605
05045|-1101
05047|-358
05049|-192
05051|-2793
05053|-238
05055|-696
05057|-626
05059|-775
05061|-188
05063|-1018
05065|-389
05067|-546
05069|-1672
05071|-548
05073|-173
05075|-157
05077|-351
05079|-136
05081|-149
05083|-640
05085|-1160
05087|-322
05089|-451
05091|-1242
05093|-1032
05095|-43
05097|-230
05099|-324
05101|-223
05103|-366
05105|-173
05107|-657
05109|-76
05111|-903
05113|-330
05115|-1203
05117|-149
05119|-9693
05121|-499
05123|203
05125|-2137
05127|-359
05129|-171
05131|-4147
05133|-766
05135|-462
05137|-365
05139|-1483
05141|-575
05143|-4190
05145|-865
05147|-10
05149|-265
06001|-13856
06003|40
06005|-277
06007|-1549
06009|-220
06011|-211
06013|-29125
06015|-944
06017|-688
06019|-26786
06021|-374
06023|-2098
06025|-2076
06027|-288
06029|-23354
06031|-2619
06033|-1086
06035|-462
06037|-67810
06039|-1536
06041|-1534
06043|-97
06045|-1912
06047|-2432
06049|-76
06051|-48
06053|-2200
06055|-765
06057|-571
06059|-12188
06061|-1631
06063|-188
06065|-21758
06067|-9869
06069|-1015
06071|-17294
06073|-9343
06075|-7197
06077|-6745
06079|-587
06081|-2331
06083|-2918
06085|-55609
06087|-10331
06089|-3023
06091|-39
06093|-812
06095|-16152
06097|-12470
06099|-4330
06101|-1198
06103|-847
06105|-158
06107|-12076
06109|-643
06111|-4167
06113|-1153
06115|-998
08003|-198
08007|66
08009|-14
08011|-5
08013|-2469
08015|-68
08017|-10
08019|-56
08021|359
08023|173
08025|79
08027|-6
08029|413
08031|-10221
08033|9
08035|-974
08037|-94
08039|-121
08041|-6816
08043|-353
08045|-106
08047|24
08049|-15
08051|52
08053|25
08055|-148
08057|43
08059|-4260
08061|-31
08063|41
08065|4
08067|-103
08069|-2511
08071|89
08073|54
08075|-66
08077|-1410
08079|-3
08081|-72
08083|410
08085|-126
08087|-58
08089|375
08091|0
08093|-240
08095|32
08097|-14
08099|46
08101|-4338
08103|9
08105|-103
08107|97
08109|196
08111|8
08113|12
08115|27
08117|-26
08119|48
08121|23
08123|-1425
08125|-27
08127|-7405
08129|-9179
08131|-59
09000|-25048
10001|-4683
10002|-7965
10003|-3299
11001|-5691
12001|-2095
12003|-818
12005|-1522
12007|-608
12009|-5026
12011|-30149
12013|-715
12015|-678
12017|-2158
12019|-2339
12021|-4045
12023|-684
12025|-49267
12027|-338
12029|-183
12031|-18419
12033|-1241
12035|-1239
12037|-214
12039|-690
12041|-54
12045|-75
12047|-182
12049|-1457
12051|-836
12053|-3071
12055|-1273
12057|-23424
12059|-264
12061|-1100
12063|-898
12065|347
12067|-34
12069|-3900
12071|-6368
12073|-4517
12075|-722
12077|615
12079|-681
12081|-3333
12083|-4165
12085|-758
12087|-384
12089|-862
12091|-270
12093|-760
12095|-25017
12097|-9242
12099|-12990
12101|-7878
12103|-12085
12105|-14353
12107|-1216
12109|-1470
12111|-4473
12113|-758
12115|-4337
12117|-3939
12119|-787
12121|-527
12123|-295
12125|-377
12127|-9479
12129|-220
12131|-112
12133|-305
13001|-430
13003|107
13005|-52
13007|55
13009|-213
13011|-238
13013|-860
13015|-2437
13017|-128
13019|-402
13021|-2243
13023|-197
13025|-340
13027|-18
13029|-67
13031|-1102
13033|-285
13035|-252
13037|-160
13039|-827
13043|-90
13045|-1853
13047|-783
13049|-139
13051|-2606
13053|-50
13055|-767
13057|-1170
13059|-1787
13061|11
13063|-8522
13065|-66
13067|-10584
13069|-908
13071|-454
13073|-1030
13075|-188
13077|-1715
13079|-222
13081|-426
13083|-278
13085|-191
13087|-689
13089|-25753
13091|-729
13093|-195
13095|-2840
13097|-3544
13099|36
13100|-128
13103|-602
13105|-266
13107|-51
13109|-265
13111|-251
13113|-688
13115|-1427
13117|-329
13119|-598
13121|-14433
13123|-426
13125|-26
13127|-913
13129|-804
13131|-75
13133|-258
13135|-12161
13137|-359
13139|-2303
13141|-42
13143|-334
13145|-248
13147|-299
13149|-333
13151|-3707
13153|-1987
13155|-41
13157|-871
13159|-122
13161|-177
13163|-191
13165|-185
13167|8
13169|-246
13171|-314
13173|-96
13175|-1202
13177|-369
13179|137
13181|-57
13183|-163
13185|-762
13187|-480
13189|-350
13191|-67
13193|-15
13195|-242
13197|-100
13199|-350
13201|0
13205|172
13207|-270
13209|-89
13211|-265
13213|-709
13215|-2530
13217|-2810
13219|-82
13221|-105
13223|-1214
13225|-470
13227|-345
13229|-420
13231|-169
13233|-876
13235|-10
13237|-373
13239|25
13241|-133
13243|43
13245|-1946
13247|-2840
13249|38
13251|-357
13253|-23
13255|-2168
13257|-359
13259|-139
13261|-741
13263|-116
13265|0
13267|-69
13269|-166
13271|-44
13273|-117
13275|-973
13277|-227
13279|-347
13281|-67
13283|-165
13285|-1433
13287|-183
13289|-189
13291|-256
13293|-502
13295|-1299
13297|-1467
13299|-522
13301|-25
13303|-91
13305|-619
13307|-165
13309|-43
13311|-503
13313|-1603
13315|-73
13317|-177
13319|-241
13321|464
14000|-2419
15001|-121
15003|2700
15007|462
15009|233
16000|-14531
17001|-1050
17003|-147
17005|-386
17007|-739
17009|-88
17011|-693
17013|-106
17015|-297
17017|-272
17019|-2563
17021|-845
17023|-427
17025|-470
17027|-518
17029|-1155
17031|0
17033|-387
17035|-183
17037|-1157
17039|-257
17041|-277
17043|-7965
17045|-390
17047|-90
17049|-570
17051|-587
17053|-133
17055|-944
17057|-768
17059|-131
17061|-421
17063|-574
17065|-153
17067|-180
17069|-159
17071|-129
17073|-592
17075|-642
17077|-1236
17079|-180
17081|-719
17083|-195
17085|-267
17087|-322
17089|-8151
17091|-2488
17093|-685
17095|-1311
17097|-6907
17099|-1799
17101|-272
17103|-561
17105|-641
17107|-626
17109|-390
17111|-1559
17113|-2390
17115|-2342
17117|-823
17119|-5559
17121|-870
17123|-86
17125|-312
17127|-507
17129|-34
17131|-146
17133|-96
17135|-495
17137|-1033
17139|-148
17141|-1385
17143|-3308
17145|-454
17147|-79
17149|-175
17151|-121
17153|-25
17155|-15
17157|-576
17159|-345
17161|-2624
17163|-4788
17165|-760
17167|-4238
17169|-192
17171|-131
17173|-260
17175|-20
17177|-1111
17179|-2270
17181|-402
17183|-2389
17185|-277
17187|-307
17189|-269
17191|-408
17193|-299
17195|-1246
17197|-8003
17199|-1694
17201|-8273
17203|-416
18001|-291
18003|-6122
18005|-818
18007|-122
18009|-312
18011|-357
18013|-154
18015|-22
18017|-377
18019|-1159
18021|-513
18023|-679
18025|-191
18027|-337
18029|-546
18031|-522
18033|-1119
18035|-2789
18037|-253
18039|-2537
18041|-559
18043|-1047
18045|-158
18047|-295
18049|-385
18051|-109
18053|-1486
18055|-691
18057|-1180
18059|-680
18061|-448
18063|-872
18065|-817
18067|-2122
18069|-538
18071|-266
18073|-321
18075|-366
18077|-497
18079|-412
18081|-1933
18083|-799
18085|-524
18087|-123
18089|-10487
18091|-2087
18093|-623
18095|-2614
18097|-21623
18099|-409
18101|-156
18103|-808
18105|-849
18107|-558
18109|-1065
18111|3
18113|-380
18115|-70
18117|-275
18119|-248
18121|-299
18123|-179
18125|-39
18127|-1665
18129|-185
18131|9
18133|-74
18135|-248
18137|-357
18139|-227
18141|-4691
18143|-537
18145|-661
18147|-102
18149|-309
18151|-607
18153|-269
18155|-94
18157|-2335
18159|-28
18161|-173
18163|-3086
18165|-149
18167|-1702
18169|-314
18171|-52
18173|-321
18175|-391
18177|-1122
18179|-418
18181|-91
18183|-386
19001|-454
19007|-308
19011|-61
19013|-2628
19015|-36
19017|-116
19019|-389
19021|-359
19023|-327
19025|-567
19027|1210
19029|-280
19033|-872
19035|86
19039|329
19041|-185
19045|-1453
19047|135
19049|-772
19053|514
19055|-157
19057|-713
19059|-196
19061|-1785
19063|88
19065|124
19067|177
19069|-260
19073|-577
19075|-161
19077|-569
19079|-266
19083|-270
19085|134
19087|-273
19097|-230
19099|-498
19101|0
19103|-1665
19105|-166
19107|-159
19109|-188
19111|-582
19113|-9350
19117|-948
19121|-240
19123|-319
19125|-151
19127|-1469
19129|266
19131|-102
19135|-125
19137|-228
19139|-135
19141|-46
19145|142
19149|-285
19153|-7660
19155|-1966
19157|-286
19163|-4259
19167|144
19169|-643
19171|-232
19175|236
19179|-580
19181|-704
19183|-244
19185|-570
19187|374
19189|127
19191|522
19193|-3132
19195|-80
19197|-239
20001|-128
20003|-124
20005|-55
20007|-10
20009|-409
20011|-757
20013|989
20015|-193
20017|-95
20019|97
20021|-2193
20023|2436
20025|3332
20027|-329
20029|-511
20031|-17
20033|3671
20035|-3506
20037|-4118
20039|11
20041|2832
20043|199
20045|-3424
20047|44
20049|-41
20051|-191
20053|-15
20055|-491
20057|-357
20059|-136
20061|164
20063|36
20065|-84
20067|-397
20069|190
20071|625
20073|-434
20075|-28
20077|-231
20079|-1282
20081|-59
20083|1424
20085|-218
20087|-119
20089|6087
20091|-8307
20093|-49
20095|19
20097|6
20099|-335
20101|94
20103|-3471
20105|-64
20107|-48
20109|3182
20111|-393
20113|-219
20115|-309
20117|1984
20119|951
20121|-979
20123|818
20125|-3365
20127|64
20129|-25
20131|-16
20133|-146
20135|-11
20137|0
20139|-884
20141|706
20143|-14
20145|-56
20147|11
20149|-311
20151|186
20153|-4
20155|-5029
20157|-88
20159|913
20161|3026
20163|-7
20165|76
20167|-75
20169|-730
20171|-32
20173|-44664
20175|-1225
20177|26515
20179|310
20181|-355
20183|10442
20185|-277
20187|1431
20189|-32
20191|51
20193|7
20195|-19
20197|-142
20199|115
20201|-105
20203|930
20205|-656
20207|-137
20209|-2015
21001|-360
21003|-642
21005|-463
21007|-46
21009|-1112
21011|-264
21013|-1022
21015|-1328
21017|-335
21019|-787
21021|-792
21023|-293
21025|-188
21027|-530
21029|-1076
21031|-296
21033|-389
21035|-332
21037|-935
21039|-73
21041|-351
21043|-970
21045|-724
21047|-891
21049|-921
21051|-512
21053|-348
21055|-119
21057|-153
21059|-1509
21061|-355
21063|-353
21065|-408
21067|-4652
21069|-311
21071|-414
21073|-1014
21075|-71
21077|-32
21079|-402
21081|-448
21083|-1167
21085|-797
21087|-198
21089|-935
21091|-233
21093|-1842
21095|-151
21097|-488
21099|-452
21101|-1077
21103|-285
21105|-88
21107|-1013
21109|-475
21111|-16155
21113|-782
21115|-365
21117|-2159
21119|-204
21121|-806
21123|-250
21125|-1347
21127|-356
21129|-52
21131|-207
21133|-479
21135|-262
21137|-768
21139|-155
21141|-219
21143|-54
21145|-952
21147|-397
21149|-205
21151|-1689
21153|-212
21155|-440
21157|-637
21159|-426
21161|-256
21163|-692
21165|-201
21167|-590
21169|-212
21171|-195
21173|-661
21175|-379
21177|-807
21179|-704
21181|-93
21183|-719
21185|-352
21187|-380
21189|-58
21191|-270
21193|-466
21195|-86
21197|-583
21199|-1540
21201|-15
21203|-462
21205|-605
21207|-533
21209|-1049
21211|-813
21213|-363
21215|-227
21217|-476
21219|-227
21221|-303
21223|-237
21225|-341
21227|-1393
21229|-238
21231|-446
21233|-289
21235|-841
21237|-324
21239|-214
22001|-1586
22003|-653
22005|-2114
22007|-539
22009|-921
22011|-673
22013|-261
22015|-2086
22017|-4261
22019|-4158
22021|-314
22023|-261
22025|-247
22027|-43
22029|-308
22031|-57
22033|-9658
22035|-30
22037|-382
22039|-901
22041|-271
22043|-420
22045|-2816
22047|-848
22049|-269
22051|-8183
22053|-573
22055|-3275
22057|-2640
22059|-109
22061|-1060
22063|-3533
22065|-622
22067|-901
22069|-816
22071|-8117
22073|-4024
22075|-943
22077|-376
22079|-2750
22081|-300
22083|-394
22085|-313
22087|-1224
22089|-1173
22091|-250
22093|-346
22095|-1145
22097|-1396
22099|-951
22101|-1340
22103|-3716
22105|-2198
22107|-65
22109|-2938
22111|-435
22113|-1584
22115|5
22117|-1426
22119|-606
22121|-472
22123|-247
22125|-86
22127|-122
23000|-18416
24001|-728
24003|-3020
24005|-8015
24009|-356
24011|-385
24013|-642
24015|-1513
24017|-347
24019|-745
24021|-1225
24023|-242
24025|-895
24027|-831
24029|-126
24031|-4949
24033|-3186
24035|-256
24037|-482
24039|-507
24041|-273
24043|-1768
24045|-1651
24047|-448
24510|-3084
25000|-72911
26001|-45
26003|-12
26005|-2030
26007|-538
26009|-444
26011|-222
26013|-236
26015|-1269
26017|-2795
26019|-440
26021|-2741
26023|-735
26025|-4705
26027|-873
26029|-128
26031|-501
26033|-606
26035|-1014
26037|-894
26039|-243
26041|-338
26043|-211
26045|-1943
26047|-857
26049|-12982
26051|-547
26053|-320
26055|-2133
26057|-1062
26059|-1125
26061|-310
26063|-410
26065|0
26067|-1515
26069|-750
26071|-136
26073|-1146
26075|-4140
26077|-5262
26079|-363
26081|-13443
26083|-22
26085|-212
26087|-1152
26089|172
26091|-1418
26093|-1264
26095|104
26097|-296
26099|-14947
26101|-574
26103|-988
26105|-613
26107|-1250
26109|-277
26111|-1708
26113|3459
26115|-2290
26117|-1410
26119|-104
26121|-5378
26123|-1242
26125|-11500
26127|-543
26129|-652
26131|-108
26133|-651
26135|-205
26137|-288
26139|-3832
26141|-143
26143|-487
26145|-5280
26147|-3208
26149|-965
26151|-1113
26153|-132
26155|-1866
26157|-1225
26159|-1807
26161|-4472
26163|-63790
27001|-10
27003|-105
27005|-19
27007|-43
27009|-61
27011|256
27013|-37
27015|-12
27017|-36
27019|-5
27021|-48
27023|-7
27025|-1
27027|3261
27029|714
27031|-3
27033|528
27035|2532
27037|-4
27039|488
27041|-44
27043|-15
27045|-22
27047|-19
27049|1019
27051|221
27053|-274
27055|550
27057|1094
27059|-39
27061|2054
27063|264
27065|779
27067|2397
27069|135
27071|837
27073|212
27075|389
27077|114
27079|-8
27081|167
27083|1116
27085|999
27087|692
27089|347
27091|1121
27093|792
27095|-41
27097|1077
27099|-25
27101|246
27103|892
27105|920
27107|415
27109|-192
27111|-85
27113|626
27115|-20
27117|403
27119|2151
27121|349
27123|6
27125|186
27127|-8
27129|-17
27131|-41
27133|237
27135|230
27137|-218
27139|-2
27141|-1
27143|429
27145|-5
27147|1340
27149|229
27151|434
27153|1184
27155|189
27157|447
27159|-29
27161|1051
27163|2
27165|406
27167|300
27169|1716
27171|2198
27173|308
27175|39
28001|-1028
28003|-930
28005|-259
28007|-87
28009|-299
28011|-1152
28013|-203
28015|38
28017|-433
28019|-164
28021|-281
28023|-308
28025|-671
28027|-935
28029|-1033
28031|-259
28033|-2232
28035|-1269
28037|-157
28039|-473
28041|-322
28043|-464
28045|-1129
28047|-3823
28049|-4426
28051|-80
28053|-387
28055|-26
28057|-169
28059|-1259
28061|-265
28063|-282
28065|-139
28067|-895
28069|-118
28071|-488
28073|-753
28075|-2089
28077|-154
28079|-313
28081|-1202
28083|-1059
28085|-457
28087|-1519
28089|-121
28091|-507
28093|-987
28095|-522
28097|-82
28099|-824
28101|-432
28103|-566
28105|-871
28107|-594
28109|-1579
28111|-240
28113|-812
28115|-568
28117|-494
28119|-511
28121|-970
28123|-416
28125|-164
28127|-537
28129|-154
28131|-333
28133|-1251
28135|-493
28137|-778
28139|-378
28141|-379
28143|-634
28145|-220
28147|-256
28149|-1275
28151|-1927
28153|-440
28155|-346
28157|-441
28159|-444
28161|-228
28163|-491
29000|4
29001|-315
29003|-129
29005|-69
29007|-636
29009|-3571
29011|-263
29013|-182
29015|-427
29017|-30
29019|-2356
29021|-2667
29023|-1354
29025|-53
29027|-747
29029|-335
29031|-1923
29033|-241
29035|-192
29037|-1606
29039|-381
29041|-158
29043|-1005
29045|-212
29047|-3911
29049|-374
29051|-607
29053|-370
29055|-439
29057|-372
29059|-515
29061|-31
29063|-58
29065|23
29067|-219
29069|-473
29071|-1591
29073|-199
29075|-90
29077|-5880
29079|-346
29081|-91
29083|-350
29085|-83
29087|44
29089|-218
29091|-1137
29093|-243
29095|-15806
29097|-3228
29099|-3312
29101|-899
29103|-54
29105|-449
29107|-778
29109|-972
29111|-102
29113|-1003
29115|-108
29117|-336
29119|-757
29121|-206
29123|-249
29125|-227
29127|-592
29129|-60
29131|-337
29133|-239
29135|-462
29137|-134
29139|-273
29141|-240
29143|46
29145|-1438
29147|-326
29149|-295
29151|-161
29153|-13
29155|-28
29157|-307
29159|-541
29161|-50
29163|-177
29165|-1043
29167|-814
29169|-501
29171|-101
29173|-113
29175|-500
29177|-345
29179|-27
29181|-233
29183|-3034
29185|-32
29187|-1085
29189|-18447
29193|-297
29195|-416
29197|-102
29199|-37
29201|-828
29203|-32
29205|-49
29207|-400
29209|-958
29211|-119
29213|-1265
29215|-345
29217|-457
29219|-827
29221|-818
29223|-442
29225|-851
29227|-59
29229|-179
29510|-12922
30201|-80666
31000|-20406
32001|-141
32003|-13443
32005|-190
32007|-79
32009|21
32011|6
32013|-99
32015|-4
32017|43
32019|-178
32021|-26
32023|-817
32027|29
32029|-11
32031|-1076
32033|17
32510|-363
33000|-7594
34001|-2887
34003|-3081
34005|-1832
34007|-4267
34009|-15
34011|-1490
34013|-6483
34015|-2248
34017|-7418
34019|-55
34021|-2020
34023|-3858
34025|-570
34027|-1542
34029|-2429
34031|-9861
34033|-813
34035|-784
34037|-224
34039|-2758
34041|-267
35001|-17636
35003|-85
35005|-1438
35006|-4290
35007|-127
35009|-1177
35011|-49
35013|-32231
35015|-1400
35017|-280
35019|-81
35021|-9
35023|-72
35025|-1743
35027|-347
35028|-95
35029|-1058
35031|-2614
35033|-18
35035|-1037
35037|-167
35039|-1609
35041|-257
35043|-2032
35045|-10506
35047|-817
35049|-1945
35051|-356
35053|-3485
35055|-3583
35057|-1026
35059|-73
35061|-11365
36000|-373216
37001|4522
37003|-797
37005|-275
37007|-902
37009|-459
37011|-148
37013|-453
37015|-371
37017|-473
37019|-826
37021|-3785
37023|-1903
37025|-4022
37027|-2449
37029|-79
37031|-415
37033|-767
37035|-3077
37037|-458
37039|-269
37041|-110
37043|-186
37045|-2744
37047|-1377
37049|-1007
37051|-5105
37053|-214
37055|-49
37057|-3784
37059|-382
37061|-639
37063|-3215
37065|-2313
37067|-7151
37069|-805
37071|-4432
37073|-294
37075|-173
37077|-1030
37079|-607
37081|-11843
37083|-615
37085|-1299
37087|-1069
37089|-980
37091|-570
37093|-955
37095|-48
37097|-2976
37099|-279
37101|-1855
37103|-173
37105|-713
37107|-1052
37109|-1765
37111|-527
37113|-413
37115|-48
37117|-378
37119|-21641
37121|-473
37123|-748
37125|-1470
37127|-1063
37129|-1918
37131|-266
37133|-1319
37135|-1748
37137|-20
37139|-427
37141|-715
37143|-198
37145|-966
37147|-3262
37149|-263
37151|-3452
37153|-1206
37155|-4004
37157|-1823
37159|-2747
37161|-1652
37163|-1235
37165|-1518
37167|-1031
37169|-914
37171|-1893
37173|-381
37175|-432
37177|-60
37179|-2526
37181|-1618
37183|-9873
37185|-392
37187|-66
37189|-79
37191|-2348
37193|-1142
37195|-1739
37197|-541
37199|-394
38001|-16
38003|-24
38005|-41
38009|-96
38011|21
38013|22
38015|-700
38017|-985
38019|-29
38021|-15
38023|-17
38025|-24
38027|-41
38029|-10
38031|8
38033|2
38035|-265
38037|-31
38039|-16
38041|-49
38043|-3
38045|4
38047|28
38049|-33
38051|-22
38053|-22
38055|7
38057|-8
38059|-349
38061|-42
38063|1
38065|3
38067|-74
38069|-14
38071|-125
38073|-61
38075|11
38077|-224
38079|-260
38081|10
38083|1
38085|-306
38089|-278
38091|-11
38093|-223
38095|-23
38097|-56
38099|-45
38101|-184
38103|1
38105|-75
39001|-665
39003|-1464
39005|-796
39007|-1849
39009|-465
39011|-346
39013|-127
39015|-630
39017|-5771
39019|-134
39021|-398
39023|-2394
39025|-2422
39027|-615
39029|-1515
39031|-643
39033|-673
39035|-1028
39037|-362
39039|-521
39041|-849
39043|-741
39045|-2079
39047|-308
39049|-22308
39051|-657
39053|-618
39055|-340
39057|-1088
39059|-1003
39061|-11381
39063|-1108
39065|-260
39067|-285
39069|-34
39071|-1008
39073|-631
39075|-219
39077|-457
39079|-749
39081|-1083
39083|-676
39085|-1540
39087|-724
39089|-3345
39091|-738
39093|-4585
39095|-10828
39097|-638
39099|-3220
39101|-1382
39103|-990
39105|-442
39107|2
39109|-834
39111|38
39113|-8933
39115|-170
39117|-730
39119|-2055
39121|-65
39123|-386
39125|-212
39127|-811
39129|-931
39131|-300
39133|-1281
39135|-608
39137|-287
39139|-1484
39141|-1808
39143|-800
39145|-1070
39147|-709
39149|-719
39151|-3779
39153|-5623
39155|-1934
39157|-960
39159|-649
39161|-330
39163|-461
39165|-837
39167|-949
39169|-1027
39171|-200
39173|-1145
39175|-232
40001|-421
40003|-7
40005|-284
40007|-20
40009|12
40011|-49
40013|-340
40015|-98
40017|-1221
40019|-350
40021|-429
40023|-350
40025|-44
40027|-2961
40029|-172
40031|-1073
40033|4
40035|-536
40037|-1262
40039|-376
40041|-810
40043|-43
40045|0
40047|-369
40049|-8
40051|-575
40053|-73
40055|-81
40057|54
40059|84
40061|-104
40063|-234
40065|-380
40067|-224
40069|-168
40071|-1127
40073|-172
40075|-170
40077|-18
40079|-594
40081|-474
40083|-830
40085|-164
40087|-320
40089|-284
40091|-340
40093|-1
40095|-216
40097|-820
40099|-161
40101|-891
40103|-196
40105|-292
40107|-281
40109|-10629
40111|-1247
40113|-257
40115|-736
40117|-326
40119|-828
40121|-126
40123|-682
40125|-1067
40127|-171
40129|52
40131|-688
40133|-485
40135|-934
40137|144
40139|-173
40141|-291
40143|-7681
40145|-932
40147|-925
40149|167
40151|32
40153|95
41000|-88
42001|-740
42003|-22212
42005|-1872
42007|-3815
42009|-653
42011|-10085
42013|-2847
42015|-1555
42017|-3982
42019|-2025
42021|-2105
42023|-137
42025|-923
42027|-1783
42029|-3212
42031|-684
42033|-2254
42035|-863
42037|-1218
42039|-2508
42041|-2285
42043|-6311
42045|-9271
42047|-576
42049|-7825
42051|-4563
42053|-156
42055|-1390
42057|-40
42059|-893
42061|-819
42063|-1323
42065|-888
42067|-287
42069|-3676
42071|-10649
42073|-2330
42075|-2738
42077|-8122
42079|-7440
42081|-2511
42083|-967
42085|-2876
42087|-1018
42089|-3196
42091|-6170
42093|-357
42095|-4961
42097|-1246
42099|-596
42101|-51567
42103|-623
42105|-465
42107|-2875
42109|-404
42111|-1315
42113|-91
42115|-472
42117|-790
42119|-411
42121|-1276
42123|-742
42125|-3203
42127|-854
42129|-5679
42131|-550
42133|-8015
44935|-4182
45001|-493
45003|-2430
45005|75
45007|-5040
45009|-269
45011|-412
45013|-890
45015|-1815
45017|-188
45019|-3901
45021|-1501
45023|-913
45025|-1228
45027|-478
45029|-1213
45031|-1439
45033|-98
45035|-1735
45037|-492
45039|-553
45041|-3971
45043|-821
45045|-8516
45047|-1471
45049|-478
45051|-3834
45053|-376
45055|-1126
45057|-1750
45059|-880
45061|-558
45063|-2676
45065|-155
45067|-439
45069|-771
45071|-526
45073|-1170
45075|-2479
45077|-2675
45079|-5271
45081|-326
45083|-4126
45085|-2359
45087|-790
45089|-1183
45091|-4240
46000|1
46003|12
46005|-97
46007|-106
46009|-23
46011|-227
46013|-189
46015|-60
46019|5
46021|8
46023|-187
46025|1
46027|-38
46029|22
46031|-300
46033|65
46035|-178
46037|-18
46039|-9
46041|-5
46043|1
46045|3
46047|-111
46049|20
46051|28
46053|26
46055|-8
46057|14
46059|-9
46061|-1
46063|9
46065|-143
46067|32
46069|15
46071|-65
46073|-34
46075|-19
46077|51
46079|-61
46081|-256
46083|-147
46085|54
46087|-19
46089|-19
46091|-12
46093|-130
46095|-57
46097|28
46099|-1936
46101|-99
46103|-1319
46105|-8
46107|3
46109|-24
46111|-16
46113|-7
46115|-37
46117|20
46119|-2
46121|-308
46123|56
46125|-122
46127|-117
46129|3
46135|-173
46137|-116
47001|-547
47003|-1413
47005|-730
47007|-431
47009|-1453
47011|-2498
47013|-810
47015|-318
47017|-554
47019|-893
47021|-684
47023|-346
47025|-441
47027|-81
47029|-738
47031|-1173
47033|-486
47035|-919
47037|-15980
47039|-301
47041|-450
47043|-1400
47045|-1221
47047|-731
47049|-411
47051|-445
47053|-1232
47055|-739
47057|-372
47059|-922
47061|-327
47063|-1734
47065|-4746
47067|-186
47069|-439
47071|-585
47073|-793
47075|-671
47077|-939
47079|-668
47081|-947
47083|-267
47085|-361
47087|-385
47089|-964
47091|-383
47093|-8824
47095|-290
47097|-1108
47099|-843
47101|-428
47103|-536
47105|-379
47107|-1251
47109|-842
47111|-528
47113|-1362
47115|-716
47117|-710
47119|-1654
47121|-428
47123|-470
47125|-2428
47127|-61
47129|-488
47131|-647
47133|-344
47135|-221
47137|-138
47139|-234
47141|-1551
47143|-919
47145|-285
47147|-1424
47149|-4152
47151|-405
47153|-326
47155|-1441
47157|-28243
47159|-252
47161|-168
47163|-1947
47165|-2134
47167|-1711
47169|-142
47171|-265
47173|-223
47175|48
47177|-799
47179|-1948
47181|-95
47183|-687
47185|-698
47187|-963
47189|-1623
48001|-1344
48003|-220
48005|-3389
48007|-552
48009|-76
48011|-4
48013|-1666
48015|-606
48017|-198
48019|-390
48021|-1060
48023|-127
48025|-816
48027|-5490
48029|-47687
48031|133
48033|0
48035|-335
48037|-2434
48039|-6528
48041|-3600
48043|37
48045|-6
48047|-268
48049|-862
48051|-411
48053|-830
48055|-464
48057|-364
48059|-225
48061|-17826
48063|-232
48065|-17
48067|-877
48069|-200
48071|-550
48073|-1176
48075|-170
48077|-117
48079|-77
48081|130
48083|-222
48085|-8180
48087|22
48089|-252
48091|-1704
48093|-285
48095|-54
48097|-892
48099|-1008
48101|30
48103|75
48105|-265
48107|-236
48109|-51
48111|-213
48113|-75509
48115|-166
48117|-793
48119|-121
48121|-7387
48123|-275
48125|-40
48127|-410
48129|-138
48131|-141
48133|-556
48135|-5205
48137|1
48139|-3689
48141|-30159
48143|-979
48145|-138
48147|-681
48149|-471
48151|-63
48153|66
48155|-62
48157|-9130
48159|-170
48161|-73
48163|-464
48165|-277
48167|-8805
48169|-92
48171|-253
48173|2
48175|-135
48177|-379
48179|-507
48181|-3156
48183|-2900
48185|-586
48187|-2223
48189|-1727
48191|-116
48193|-118
48195|-54
48197|-87
48199|-1955
48201|-126973
48203|-1212
48205|-15
48207|-194
48209|-2316
48211|32
48213|-2394
48215|-31446
48217|-821
48219|-599
48221|-1757
48223|-1111
48225|-295
48227|-659
48229|88
48231|-2285
48233|-462
48235|64
48237|265
48239|-309
48241|-1500
48243|83
48245|-6683
48247|-92
48249|-326
48251|-4863
48253|-435
48255|-321
48257|-2686
48259|-308
48261|-1
48263|5
48265|-1282
48267|-81
48271|-212
48273|-841
48275|-21
48277|-1749
48279|-687
48281|-431
48283|-207
48285|-144
48287|-119
48289|-281
48291|-3061
48293|-410
48295|-45
48297|-159
48299|-339
48301|1
48303|-6042
48305|-223
48307|-244
48309|-11527
48311|33
48313|-403
48315|-256
48317|-141
48319|-45
48321|-1948
48323|-2072
48325|-1008
48327|-8
48329|-2800
48331|-489
48333|-98
48335|-194
48337|93
48339|-9714
48341|-525
48343|-242
48345|7
48347|-1845
48349|-1624
48351|-467
48353|-379
48355|-7281
48357|-263
48359|5
48361|-2520
48363|-841
48365|-385
48367|-1678
48369|-68
48371|-229
48373|-1342
48375|-5862
48377|-442
48379|-205
48381|266
48383|-38
48385|-143
48387|-217
48389|-188
48391|516
48393|-16
48395|-700
48397|-623
48399|-511
48401|-1099
48403|-353
48405|-127
48407|-1086
48409|-2894
48411|-157
48413|137
48415|-199
48417|24
48419|-706
48421|-26
48423|-5735
48425|-93
48427|-2294
48429|-225
48431|4
48433|-6
48435|-77
48437|-178
48439|-42442
48441|-3165
48443|14
48445|-262
48447|-25
48449|-732
48451|-2957
48453|-21245
48455|-451
48457|-515
48459|-994
48461|17
48463|-913
48465|-1882
48467|-1335
48469|-2596
48471|-1299
48473|-2597
48475|-292
48477|-750
48479|-7991
48481|-1736
48483|134
48485|-2692
48487|-458
48489|-228
48491|-4539
48493|-527
48495|-183
48497|-1155
48499|-621
48501|-22
48503|-998
48505|-94
48507|227
49003|159
49007|12
49011|35
49035|8
49037|-1
50000|-413
51001|-559
51003|-761
51007|-277
51009|-735
51011|-269
51013|2041
51017|-57
51019|-70
51021|-81
51023|-182
51025|-504
51027|-466
51029|-234
51031|-1080
51033|-637
51035|-699
"5103|-72
51037|-307
51041|-3505
51043|-18
51045|-67
51047|-468
51049|-281
51051|-428
51053|-656
51057|-265
51059|-5312
51061|-428
51063|-217
51065|-202
51067|-986
51069|-562
51071|-336
51073|-404
51075|-68
51077|-327
51079|-302
51081|437
51083|-1221
51085|-553
51087|-5025
51089|450
51091|-18
51093|-351
51095|-510
51097|-81
51099|-342
51101|-248
51103|-225
51105|-390
51107|-1082
51109|-468
51111|-513
51113|-165
51115|-10
51117|-852
51119|-188
51121|-1248
51125|-75
51127|-176
51131|-339
51133|-334
51135|-375
51137|-361
51139|-517
51141|-814
51143|-1811
51145|-78
51147|-574
51149|-273
51153|-2384
51155|-792
51157|-26
51159|-199
51161|-1189
51163|408
51165|1082
51167|-681
51169|-512
51171|-587
51173|-676
51175|-344
51177|-1093
51179|-845
51181|-90
51183|-206
51185|-589
51187|-369
51191|-1106
51193|-421
51195|-851
51197|-207
51199|-295
51510|-596
51520|-671
51540|-794
51550|-2319
51580|1122
51590|-2005
51620|-261
51630|-421
51640|-196
51650|-2901
51660|-2716
51670|-609
51680|-1345
51683|-381
51685|-42
51700|-3526
51710|-4070
51720|-41
51730|-1430
51740|-3215
51750|-378
51760|-6033
51770|-2804
51790|1606
51800|-1574
51810|-3379
51820|-438
51830|-52
51840|-315
52001|-582
52005|-512
53001|1678
53003|2447
53005|8308
53007|5332
53009|4455
53011|26855
53013|71
53015|10126
53017|1523
53019|1537
53021|6285
53023|51
53025|8384
53027|6638
53029|2437
53031|1445
53033|70650
53035|10492
53037|1664
53039|1967
53041|7066
53043|649
53045|3522
53047|4404
53049|2203
53051|1363
53053|45659
53055|323
53057|8227
53059|795
53061|27969
53063|36742
53065|4001
53067|33512
53069|1
53071|4294
53073|12045
53075|1788
53077|29267
54000|-39514
55001|-451
55003|-281
55005|-707
55007|-117
55009|-3440
55011|-129
55013|-148
55015|-282
55017|-1061
55019|-373
55021|-588
55023|-229
55025|-3035
55027|-844
55029|-210
55031|-625
55033|-631
55035|-1081
55037|-104
55039|-1001
55041|-72
55043|-369
55045|-156
55047|-154
55049|-230
55051|-57
55053|-314
55055|-993
55057|-422
55059|-3210
55061|-262
55063|-1175
55065|-202
55067|-395
55069|-494
55071|-961
55073|-1586
55075|-577
55077|-281
55078|-48
55079|-4584
55081|-268
55083|-388
55085|-447
55087|-1538
55089|-492
55091|-106
55093|-191
55095|-149
55097|-888
55099|-179
55101|-2150
55103|-159
55105|-2126
55107|-129
55109|-417
55111|-482
55113|-300
55115|-311
55117|-1432
55119|-308
55121|-202
55123|-269
55125|-258
55127|-1540
55129|-278
55131|-1132
55133|-1237
55135|-474
55137|-207
55139|-1817
55141|-1189
55143|-232
55145|32
55147|14
55149|-26
55151|-67
55153|31
55155|-5
56000|3
U.S.|-4401685
|0
b|0
