COUNTY|DELTA
01001|-1024
01003|-2202
01005|-166
01007|-193
01009|-623
01011|-46
01013|-191
01015|-1531
01017|-789
01019|-648
01021|-627
01023|-293
01025|-345
01027|5
01029|-104
01031|-455
01033|-803
01035|-158
01037|-78
01039|-514
01041|-71
01043|-1461
01045|-857
01047|-553
01049|-1228
01051|-738
01053|-519
01055|-844
01057|104
01059|-308
01061|-701
01063|13
01065|-82
01067|-159
01069|-647
01071|-626
01073|-7663
01075|68
01077|-992
01079|-56
01081|-2264
01083|-1069
01085|-136
01087|-317
01089|-2599
01091|-135
01093|-55
01095|-629
01097|-2346
01099|-324
01101|-2616
01103|-822
01105|115
01107|15
01109|-151
01111|-450
01113|-1260
01115|-463
01117|-872
01119|-15
01121|-845
01123|-169
01125|-923
01127|-426
01129|-13
01131|32
01133|65
02110|-6789
04001|1782
04003|-237
04005|480
04007|287
04009|203
04011|188
04013|-9197
04015|43
04017|331
04019|-5877
04021|-598
04023|-395
04025|-511
04027|-1371
04029|-352
05001|-384
05003|-287
05005|-747
05007|-2444
05009|-566
05011|-358
05013|-86
05015|-403
05017|-120
05019|-362
05021|-182
05023|-67
05025|-193
05027|-540
05029|-291
05031|-2381
05033|-850
05035|-578
05037|96
05039|35
05041|32
05043|-434
05045|-993
05047|-337
05049|-28
05051|-1718
05053|-207
05055|-604
05057|-343
05059|-422
05061|-297
05063|-577
05065|-22
05067|-384
05069|-1334
05071|-141
05073|-88
05075|-182
05077|53
05079|-61
05081|-415
05083|-395
05085|-1183
05087|66
05089|-132
05091|-366
05093|-120
05095|-64
05097|-107
05099|-176
05101|8
05103|-309
05105|-74
05107|-344
05109|-83
05111|-769
05113|-246
05115|-378
05117|-26
05119|-5900
05121|-208
05123|-76
05125|-2330
05127|-467
05129|-126
05131|-2115
05133|-420
05135|-128
05137|-322
05139|-297
05141|-221
05143|-3521
05145|-886
05147|0
05149|-260
06001|-7807
06003|-14
06005|-238
06007|-1220
06009|-234
06011|-237
06013|-5230
06015|-518
06017|-503
06019|-20950
06021|-322
06023|-1697
06025|-1170
06027|-34
06029|-9331
06031|-2114
06033|-524
06035|-352
06037|-25946
06039|-1029
06041|-724
06043|-105
06045|-1306
06047|-4494
06049|-128
06051|-22
06053|-825
06055|-625
06057|-340
06059|-5430
06061|-1315
06063|-72
06065|-20680
06067|-17855
06069|-526
06071|-14155
06073|-7671
06075|-1150
06077|-6165
06079|-609
06081|-2267
06083|-2397
06085|-10733
06087|-2046
06089|-2933
06091|-68
06093|-451
06095|-4974
06097|-2700
06099|-5073
06101|-864
06103|-483
06105|-192
06107|-9481
06109|-657
06111|-3291
06113|-917
06115|-685
08003|-163
08007|170
08009|-25
08011|-87
08013|-874
08015|76
08017|40
08019|60
08021|-87
08023|-11
08025|-40
08027|7
08029|-16
08031|-2802
08033|-13
08035|-1746
08037|-46
08039|-108
08041|-551
08043|-697
08045|176
08047|-4
08049|81
08051|116
08053|27
08055|-130
08057|21
08059|374
08061|-33
08063|33
08065|130
08067|-217
08069|-2531
08071|59
08073|60
08075|7
08077|-629
08079|1
08081|66
08083|356
08085|-73
08087|-126
08089|41
08091|10
08093|-47
08095|64
08097|18
08099|-283
08101|-3395
08103|-49
08105|-14
08107|64
08109|-141
08111|-3
08113|40
08115|28
08117|-69
08119|40
08121|5
08123|-1565
08125|-72
08127|-1203
08129|-2194
08131|-210
09000|-15888
10001|-2707
10002|-5768
10003|-1348
11001|52
12001|-2595
12003|53
12005|-746
12007|-1179
12009|-2600
12011|-19422
12013|234
12015|443
12017|-314
12019|-1195
12021|-905
12023|-961
12025|-3136
12027|-136
12029|-356
12031|-10446
12033|-801
12035|-1412
12037|-141
12039|-442
12041|122
12045|-18
12047|-44
12049|1570
12051|-45
12053|-606
12055|-467
12057|-1956
12059|-613
12061|-4
12063|-360
12065|550
12067|159
12069|-869
12071|-3195
12073|-1611
12075|17
12077|124
12079|-492
12081|668
12083|-2072
12085|82
12087|695
12089|-572
12091|-92
12093|212
12095|6372
12097|-5911
12099|-5387
12101|-1318
12103|-685
12105|-4279
12107|-1149
12109|56
12111|-2893
12113|2402
12115|-668
12117|-5505
12119|-701
12121|-844
12123|122
12125|1021
12127|-2631
12129|264
12131|1186
12133|963
13001|-19
13003|292
13005|49
13007|-117
13009|-291
13011|-117
13013|-573
13015|-1348
13017|-45
13019|-291
13021|-1241
13023|2
13025|-106
13027|228
13029|-201
13031|-650
13033|-101
13035|-134
13037|-74
13039|-445
13043|-49
13045|-923
13047|-562
13049|54
13051|-511
13053|-17
13055|-433
13057|-478
13059|-1297
13061|95
13063|-6033
13065|-44
13067|-6677
13069|-430
13071|301
13073|-456
13075|-41
13077|-1326
13079|3
13081|-225
13083|-38
13085|-139
13087|-290
13089|-12870
13091|-618
13093|-17
13095|-636
13097|-3501
13099|120
13100|35
13103|-280
13105|-177
13107|164
13109|23
13111|-164
13113|-587
13115|-547
13117|-250
13119|-226
13121|-7558
13123|-98
13125|-49
13127|106
13129|-444
13131|156
13133|163
13135|-4258
13137|-343
13139|-1019
13141|157
13143|-14
13145|-125
13147|-486
13149|-65
13151|-3969
13153|-1100
13155|111
13157|-202
13159|-204
13161|-241
13163|33
13165|-7
13167|32
13169|-533
13171|-148
13173|-42
13175|-542
13177|-252
13179|-166
13181|42
13183|-87
13185|-503
13187|-357
13189|-59
13191|-90
13193|176
13195|-266
13197|-12
13199|-116
13201|-92
13205|30
13207|-129
13209|47
13211|-127
13213|-639
13215|-1662
13217|-2533
13219|-23
13221|-289
13223|-1466
13225|-357
13227|-195
13229|-130
13231|-67
13233|-786
13235|-99
13237|-152
13239|64
13241|4
13243|197
13245|-1481
13247|-2117
13249|-24
13251|21
13253|74
13255|-1187
13257|-86
13259|-79
13261|-503
13263|-33
13265|86
13267|64
13269|-123
13271|102
13273|-3
13275|-262
13277|-44
13279|-194
13281|-9
13283|32
13285|-1383
13287|-112
13289|-152
13291|1
13293|-249
13295|-1501
13297|-620
13299|-294
13301|15
13303|7
13305|-316
13307|10
13309|2
13311|-29
13313|-1418
13315|-9
13317|-79
13319|-168
13321|438
14000|-2475
15001|2358
15003|6784
15007|839
15009|1130
16000|-2019
17001|-767
17003|16
17005|-306
17007|-541
17009|0
17011|-462
17013|-33
17015|-139
17017|-176
17019|-2696
17021|-355
17023|-111
17025|-133
17027|-314
17029|-740
17031|0
17033|-243
17035|-30
17037|-885
17039|-167
17041|-263
17043|-6298
17045|-427
17047|-78
17049|-201
17051|-407
17053|-131
17055|-795
17057|-316
17059|-74
17061|-332
17063|-204
17065|-133
17067|-276
17069|-57
17071|188
17073|-442
17075|-450
17077|-870
17079|-116
17081|-584
17083|-343
17085|-160
17087|-75
17089|-6394
17091|-1795
17093|-731
17095|-770
17097|-5269
17099|-1929
17101|-244
17103|325
17105|-543
17107|-327
17109|-218
17111|-1618
17113|-2697
17115|-1357
17117|-574
17119|-3533
17121|-511
17123|-40
17125|-55
17127|-385
17129|24
17131|-106
17133|-205
17135|-343
17137|-571
17139|-77
17141|-1237
17143|-1706
17145|-206
17147|-209
17149|-140
17151|-123
17153|149
17155|15
17157|-278
17159|-290
17161|-1351
17163|-3842
17165|-548
17167|-4335
17169|-133
17171|-70
17173|-175
17175|-74
17177|-729
17179|-1316
17181|-258
17183|-1671
17185|-149
17187|-157
17189|-248
17191|-36
17193|-218
17195|-862
17197|-6842
17199|-1319
17201|-5202
17203|-233
18001|-172
18003|-2500
18005|-484
18007|-97
18009|-143
18011|-310
18013|-103
18015|1
18017|-55
18019|-748
18021|-328
18023|-403
18025|18
18027|-286
18029|-387
18031|-344
18033|-511
18035|-1886
18037|-263
18039|-484
18041|-176
18043|-687
18045|-107
18047|-513
18049|68
18051|-370
18053|-735
18055|-463
18057|-821
18059|-623
18061|-108
18063|-840
18065|-344
18067|-1361
18069|-272
18071|-227
18073|-161
18075|-262
18077|-451
18079|-617
18081|-1716
18083|-479
18085|-17
18087|-90
18089|-4148
18091|-1221
18093|-645
18095|-2545
18097|-11484
18099|512
18101|-80
18103|-480
18105|-759
18107|-250
18109|-464
18111|6
18113|3
18115|-25
18117|49
18119|-431
18121|-215
18123|-117
18125|-24
18127|-845
18129|-206
18131|-168
18133|61
18135|-291
18137|-43
18139|-228
18141|-2273
18143|-450
18145|-457
18147|-264
18149|-288
18151|-343
18153|-52
18155|-212
18157|-1185
18159|-104
18161|-56
18163|-1407
18165|-131
18167|-1209
18169|-184
18171|28
18173|-122
18175|-389
18177|-238
18179|-185
18181|-56
18183|-80
19001|-63
19003|-57
19005|-263
19007|-359
19009|-164
19011|-395
19013|-2359
19015|-378
19017|-245
19019|-152
19021|-283
19023|-126
19025|-106
19027|-113
19029|-260
19031|-112
19033|-992
19035|-103
19037|-61
19039|-295
19041|-139
19043|-210
19045|-1400
19047|-396
19049|-576
19051|-56
19053|-152
19055|-175
19057|-1226
19059|-218
19061|-1573
19063|-75
19065|-292
19067|-398
19069|-311
19071|-164
19073|-85
19075|-125
19077|-137
19079|-182
19081|-156
19083|-198
19085|-204
19087|-490
19089|-125
19091|-270
19093|-70
19095|-196
19097|-488
19099|-779
19101|-356
19103|-1630
19105|-158
19107|-195
19109|-214
19111|-720
19113|-4755
19115|-212
19117|-151
19119|-17
19121|-169
19123|-456
19125|-393
19127|-1228
19129|-213
19131|-35
19133|-115
19135|-144
19137|-166
19139|-805
19141|-139
19143|-35
19145|-309
19147|-94
19149|-187
19151|37
19153|-8047
19155|-2012
19157|-270
19159|-77
19161|-86
19163|-4383
19165|-215
19167|-59
19169|-716
19171|-306
19173|-97
19175|-308
19177|-75
19179|-1058
19181|-543
19183|-284
19185|-111
19187|-859
19189|-225
19191|-205
19193|-2618
19195|-81
19197|-238
20001|-128
20003|-32
20005|-2
20007|-4
20009|-342
20011|-666
20013|963
20015|91
20017|-48
20019|241
20021|-2203
20023|2541
20025|3586
20027|-376
20029|-530
20031|-36
20033|4125
20035|-3569
20037|-4083
20039|-38
20041|2824
20043|357
20045|-3932
20047|53
20049|-13
20051|18
20053|-41
20055|-255
20057|-99
20059|-124
20061|-96
20063|50
20065|-92
20067|-360
20069|185
20071|733
20073|-353
20075|-39
20077|-311
20079|-1504
20081|-21
20083|1628
20085|-178
20087|60
20089|7132
20091|-9718
20093|-32
20095|126
20097|4
20099|33
20101|61
20103|-3886
20105|-76
20107|-29
20109|3267
20111|-163
20113|-1103
20115|-286
20117|2913
20119|1116
20121|-1030
20123|800
20125|-3113
20127|85
20129|-40
20131|-60
20133|-21
20135|-19
20137|38
20139|-897
20141|817
20143|-61
20145|44
20147|19
20149|-192
20151|264
20153|0
20155|-5110
20157|-46
20159|1166
20161|3531
20163|25
20165|65
20167|41
20169|-400
20171|-31
20173|-47191
20175|-1425
20177|28173
20179|361
20181|-308
20183|11508
20185|-265
20187|1546
20189|109
20191|-51
20193|38
20195|1
20197|-152
20199|142
20201|-127
20203|935
20205|-596
20207|-63
20209|-1876
21001|-347
21003|-340
21005|-323
21007|0
21009|-949
21011|-125
21013|-344
21015|-1484
21017|-330
21019|-1104
21021|-462
21023|-169
21025|114
21027|-182
21029|-1059
21031|-190
21033|-217
21035|-293
21037|-950
21039|-35
21041|-304
21043|-697
21045|-353
21047|-823
21049|-504
21051|-333
21053|-299
21055|-19
21057|-53
21059|-1075
21061|-151
21063|43
21065|-587
21067|-2373
21069|-150
21071|107
21073|-836
21075|5
21077|-134
21079|-313
21081|-715
21083|-607
21085|-443
21087|-35
21089|-593
21091|-87
21093|-1504
21095|237
21097|-257
21099|-337
21101|-320
21103|-219
21105|23
21107|-664
21109|-465
21111|-8058
21113|-889
21115|-225
21117|-1841
21119|303
21121|-265
21123|-217
21125|-1222
21127|98
21129|-47
21131|245
21133|119
21135|-208
21137|-668
21139|-60
21141|-275
21143|-57
21145|-861
21147|27
21149|-2
21151|-1692
21153|79
21155|-160
21157|-325
21159|90
21161|-358
21163|-527
21165|191
21167|-596
21169|-224
21171|-102
21173|-636
21175|59
21177|-692
21179|-622
21181|-118
21183|-440
21185|-558
21187|-339
21189|-68
21191|-264
21193|112
21195|-294
21197|-493
21199|-934
21201|-47
21203|-433
21205|-578
21207|-464
21209|-621
21211|-951
21213|-319
21215|-137
21217|-170
21219|-463
21221|-303
21223|-277
21225|-188
21227|-1210
21229|-174
21231|-277
21233|-279
21235|-317
21237|-85
21239|43
22001|-915
22003|-357
22005|-1777
22007|-498
22009|-1074
22011|-310
22013|-76
22015|-2124
22017|-4294
22019|999
22021|-233
22023|153
22025|-361
22027|42
22029|-512
22031|-63
22033|-8757
22035|-50
22037|-402
22039|-534
22041|-509
22043|-164
22045|-1733
22047|-1245
22049|-293
22051|10050
22053|-9
22055|-3230
22057|-1115
22059|-60
22061|-710
22063|-2807
22065|-385
22067|-618
22069|-1368
22071|61594
22073|-5413
22075|416
22077|-599
22079|-1163
22081|-253
22083|-501
22085|-409
22087|2652
22089|-395
22091|-388
22093|-213
22095|-1062
22097|-1022
22099|-982
22101|-516
22103|127
22105|-1026
22107|-201
22109|-669
22111|-577
22113|-518
22115|-452
22117|-60
22119|-476
22121|-506
22123|-193
22125|-181
22127|-303
23000|-18178
24001|-724
24003|-1784
24005|-5160
24009|-555
24011|-474
24013|-615
24015|-907
24017|-204
24019|-418
24021|-843
24023|24
24025|-786
24027|-555
24029|-107
24031|-3087
24033|-8283
24035|-116
24037|-516
24039|-268
24041|-275
24043|-1168
24045|-1447
24047|-276
24510|-9216
25000|-101055
26001|-52
26003|-32
26005|-1983
26007|-563
26009|-623
26011|-377
26013|-180
26015|-1358
26017|-2206
26019|-204
26021|-2716
26023|-788
26025|-4326
26027|-826
26029|-1746
26031|-351
26033|-438
26035|-928
26037|-851
26039|-166
26041|-307
26043|-234
26045|-1544
26047|827
26049|-13994
26051|-650
26053|-302
26055|-1044
26057|-964
26059|-1097
26061|-394
26063|-379
26065|0
26067|-1101
26069|-414
26071|-209
26073|-1168
26075|-3402
26077|-6023
26079|-482
26081|-13124
26083|-20
26085|-268
26087|-1033
26089|-787
26091|-1457
26093|-1699
26095|112
26097|-232
26099|-13683
26101|-638
26103|-1008
26105|-565
26107|-1344
26109|-327
26111|-1816
26113|3641
26115|-2468
26117|-1604
26119|-174
26121|-5732
26123|-924
26125|-10325
26127|-623
26129|-811
26131|-69
26133|-252
26135|-59
26137|-472
26139|-2680
26141|-204
26143|-460
26145|-5637
26147|-2781
26149|-1006
26151|-808
26153|-216
26155|-1757
26157|-1147
26159|-1625
26161|-5324
26163|-62672
27001|-9
27003|-107
27005|-32
27007|-38
27009|-58
27011|263
27013|-34
27015|-12
27017|-44
27019|-14
27021|-47
27023|-5
27025|-18
27027|-58
27029|760
27031|-2
27033|547
27035|2796
27037|-133
27039|480
27041|-49
27043|-15
27045|-27
27047|-19
27049|1109
27051|334
27053|2820
27055|592
27057|1159
27059|-33
27061|-61
27063|345
27065|894
27067|2526
27069|159
27071|948
27073|-8
27075|-10
27077|109
27079|-11
27081|184
27083|1125
27085|-17
27087|769
27089|351
27091|1210
27093|823
27095|-34
27097|1148
27099|-22
27101|288
27103|1136
27105|1020
27107|443
27109|-179
27111|-83
27113|732
27115|-18
27117|412
27119|2185
27121|414
27123|-231
27125|269
27127|-11
27129|-15
27131|-37
27133|287
27135|278
27137|-210
27139|-7
27141|-30
27143|424
27145|-173
27147|-26
27149|232
27151|482
27153|1452
27155|259
27157|-37
27159|-32
27161|1043
27163|-42
27165|471
27167|275
27169|1714
27171|-70
27173|342
27175|83
28001|-1005
28003|-684
28005|-192
28007|-254
28009|-120
28011|-918
28013|-148
28015|-19
28017|-372
28019|-60
28021|-551
28023|-373
28025|-716
28027|-930
28029|-1282
28031|-339
28033|-2764
28035|-538
28037|-210
28039|-38
28041|-135
28043|-446
28045|-67
28047|-2101
28049|-9851
28051|-167
28053|-429
28055|-28
28057|-536
28059|634
28061|-265
28063|-265
28065|-65
28067|-520
28069|-132
28071|-615
28073|-616
28075|-2366
28077|-146
28079|-391
28081|-2446
28083|-577
28085|-1372
28087|-1479
28089|-493
28091|-186
28093|-764
28095|-856
28097|-2
28099|-995
28101|-465
28103|-410
28105|-914
28107|-475
28109|-769
28111|-45
28113|-890
28115|-799
28117|-546
28119|-254
28121|-1991
28123|-341
28125|-70
28127|-590
28129|-315
28131|-10
28133|-1295
28135|-208
28137|-547
28139|-171
28141|12
28143|-451
28145|-189
28147|-172
28149|-1605
28151|-2362
28153|-136
28155|-217
28157|-206
28159|-509
28161|-234
28163|-769
29001|94
29003|31
29005|27
29007|-72
29009|-355
29011|-102
29013|92
29015|-275
29017|-10
29019|-382
29021|-1076
29023|-57
29025|72
29027|-214
29029|-382
29031|-753
29033|57
29035|-90
29037|-639
29039|-62
29041|-88
29043|-396
29045|122
29047|-2155
29049|5
29051|-791
29053|-215
29055|50
29057|-154
29059|-112
29061|163
29063|35
29065|-47
29067|-57
29069|87
29071|-263
29073|-48
29075|46
29077|-1815
29079|107
29081|-53
29083|-50
29085|6
29087|-48
29089|-30
29091|-411
29093|7
29095|-7337
29097|-990
29099|-641
29101|-465
29103|-5
29105|-65
29107|-243
29109|-32
29111|42
29113|19
29115|87
29117|3
29119|102
29121|-72
29123|-127
29125|-110
29127|-223
29129|16
29131|-189
29133|-30
29135|-311
29137|106
29139|49
29141|-159
29143|436
29145|-563
29147|-64
29149|-61
29151|7
29153|-120
29155|367
29157|145
29159|-346
29161|274
29163|79
29165|-523
29167|-347
29169|-11
29171|-130
29173|-32
29175|-62
29177|-28
29179|55
29181|-85
29183|-360
29185|9
29187|-382
29189|-6157
29193|66
29195|-85
29197|29
29199|-14
29201|94
29203|151
29205|-7
29207|-133
29209|126
29211|128
29213|-271
29215|142
29217|-35
29219|-230
29221|-328
29223|96
29225|-112
29227|31
29229|-208
29510|1033
30201|-5173
31000|-119785
32001|85
32003|863
32005|-89
32007|298
32009|-1
32011|17
32013|85
32015|48
32017|67
32019|104
32021|70
32023|-384
32027|-3
32029|6
32031|25
32033|115
32510|199
33000|-9040
34001|-2663
34003|-2406
34005|-998
34007|-4170
34009|-47
34011|-2195
34013|-1647
34015|-2436
34017|-6347
34019|-176
34021|-2084
34023|-2281
34025|-317
34027|-1385
34029|-1867
34031|-8558
34033|-588
34035|-572
34037|-274
34039|-1740
34041|-205
35001|-10622
35003|-61
35005|-1231
35006|-830
35007|-165
35009|-803
35011|-37
35013|-4622
35015|-1001
35017|-1
35019|-25
35021|-2
35023|-30
35025|-855
35027|-361
35028|-67
35029|-271
35031|16110
35033|21
35035|-714
35037|-125
35039|-1537
35041|-385
35043|-831
35045|-827
35047|-707
35049|-1690
35051|-185
35053|602
35055|-73
35057|-319
35059|-92
35061|-681
36000|-222621
37001|-2458
37003|-843
37005|-262
37007|-588
37009|-343
37011|-117
37013|-598
37015|-371
37017|-193
37019|-251
37021|-2333
37023|-1388
37025|-2584
37027|-2039
37029|-83
37031|-262
37033|-513
37035|-1949
37037|-313
37039|14
37041|-220
37043|-122
37045|-1851
37047|-1369
37049|-708
37051|-4745
37053|-218
37055|-194
37057|-2936
37059|-785
37061|-696
37063|-2596
37065|-1771
37067|-6072
37069|-1145
37071|-3585
37073|-171
37075|-150
37077|-682
37079|-660
37081|-8885
37083|-616
37085|-1153
37087|-573
37089|-635
37091|-753
37093|-1182
37095|-61
37097|-1760
37099|-223
37101|-2409
37103|-98
37105|-857
37107|-1146
37109|-1641
37111|-552
37113|-325
37115|-182
37117|-164
37119|-8055
37121|-364
37123|-824
37125|-1004
37127|-1033
37129|369
37131|-387
37133|-1156
37135|-1215
37137|-75
37139|-477
37141|-137
37143|-298
37145|-820
37147|-2717
37149|-351
37151|-3441
37153|-977
37155|-2723
37157|-1335
37159|-1569
37161|-1038
37163|-880
37165|-1229
37167|-930
37169|-751
37171|-2212
37173|-239
37175|-224
37177|-155
37179|-1359
37181|-1185
37183|-6616
37185|-192
37187|-177
37189|-269
37191|-2489
37193|-1620
37195|-1503
37197|-474
37199|-377
38001|22
38003|-18
38005|-107
38009|-36
38011|37
38013|-11
38015|-388
38017|-866
38019|-45
38021|3
38023|2
38025|14
38027|0
38029|-12
38031|-47
38033|-45
38035|-215
38037|49
38039|28
38041|-15
38043|2
38045|7
38047|3
38049|-10
38051|2
38053|-31
38055|7
38057|23
38059|-180
38061|36
38063|5
38065|-20
38067|-5
38069|51
38071|-29
38073|-15
38075|-6
38077|-33
38079|-111
38081|41
38083|-4
38085|-215
38089|33
38091|14
38093|-19
38095|-15
38097|13
38099|-64
38101|-174
38103|-2
38105|75
39001|-671
39003|-1066
39005|-483
39007|-1655
39009|-682
39011|-331
39013|-418
39015|-488
39017|-3788
39019|-215
39021|-454
39023|-1592
39025|-2025
39027|-662
39029|-1292
39031|-603
39033|-288
39035|-463
39037|-279
39039|-449
39041|-641
39043|-749
39045|-2285
39047|-329
39049|-17702
39051|-309
39053|-585
39055|-228
39057|-532
39059|-570
39061|-9869
39063|-747
39065|-143
39067|-374
39069|-120
39071|-526
39073|-593
39075|-16
39077|-421
39079|-418
39081|-552
39083|-860
39085|-1618
39087|-814
39089|-2277
39091|-551
39093|-2631
39095|-6963
39097|-611
39099|-1587
39101|-1046
39103|-941
39105|-396
39107|-282
39109|-545
39111|-53
39113|-3901
39115|-149
39117|-440
39119|-1814
39121|-92
39123|-366
39125|-198
39127|-838
39129|-623
39131|-548
39133|-889
39135|-513
39137|-127
39139|-1045
39141|-1437
39143|-950
39145|-1221
39147|-664
39149|-487
39151|-1739
39153|-3608
39155|-720
39157|-1028
39159|-519
39161|-284
39163|-404
39165|-275
39167|-766
39169|-817
39171|-426
39173|-988
39175|-208
40001|-728
40003|42
40005|-268
40007|52
40009|-22
40011|22
40013|-103
40015|106
40017|-516
40019|-143
40021|-363
40023|-298
40025|-24
40027|-2946
40029|11
40031|-995
40033|36
40035|-136
40037|-567
40039|-425
40041|-535
40043|-42
40045|22
40047|-207
40049|63
40051|-482
40053|-26
40055|-33
40057|42
40059|-25
40061|-28
40063|-249
40065|-252
40067|-105
40069|-219
40071|-520
40073|25
40075|-118
40077|-95
40079|61
40081|-225
40083|-660
40085|-2
40087|-121
40089|-405
40091|-273
40093|-48
40095|-224
40097|-306
40099|-109
40101|-1138
40103|-2
40105|-33
40107|-134
40109|-8281
40111|-888
40113|31
40115|-503
40117|-67
40119|178
40121|-368
40123|-621
40125|-1124
40127|-192
40129|42
40131|-607
40133|88
40135|-623
40137|215
40139|-50
40141|-120
40143|-3778
40145|-503
40147|-509
40149|175
40151|3
40153|4
41000|-72
42001|-182
42003|-16399
42005|-515
42007|-2107
42009|-453
42011|-7302
42013|-1333
42015|-1034
42017|-2804
42019|-1282
42021|-1056
42023|-54
42025|-520
42027|-1121
42029|-2709
42031|-178
42033|-507
42035|-608
42037|-736
42039|-715
42041|-1784
42043|-4748
42045|-5834
42047|-237
42049|-3233
42051|-1521
42053|-36
42055|-785
42057|-6
42059|-345
42061|-257
42063|-328
42065|-371
42067|-179
42069|-2904
42071|-7644
42073|-823
42075|-1939
42077|-6269
42079|-5161
42081|-1478
42083|-169
42085|-1476
42087|-486
42089|-1703
42091|-4539
42093|-90
42095|-4443
42097|-1469
42099|-392
42101|-29023
42103|-564
42105|-297
42107|-1801
42109|-300
42111|-249
42113|-96
42115|-76
42117|-182
42119|-98
42121|-492
42123|-94
42125|-1899
42127|-337
42129|-3071
42131|-257
42133|-7319
44935|5200
45001|-267
45003|-1392
45005|400
45007|-3303
45009|-120
45011|-241
45013|-1006
45015|-43
45017|-102
45019|-764
45021|-1099
45023|-180
45025|-246
45027|-223
45029|-531
45031|-1147
45033|33
45035|-822
45037|-495
45039|-357
45041|-2965
45043|-116
45045|-5303
45047|-973
45049|-212
45051|-1843
45053|-400
45055|-1024
45057|-1608
45059|-660
45061|-301
45063|-2357
45065|13
45067|-8
45069|206
45071|-356
45073|-1061
45075|-1213
45077|-2284
45079|-3112
45081|-181
45083|53
45085|-794
45087|-224
45089|-202
45091|-2756
46000|0
46003|12
46005|75
46007|-135
46009|-16
46011|-135
46013|47
46015|-124
46019|-87
46021|11
46023|-106
46025|50
46027|-61
46029|80
46031|-214
46033|-2
46035|-196
46037|-15
46039|6
46041|-40
46043|-7
46045|-2
46047|-85
46049|-23
46051|10
46053|-35
46055|11
46057|-4
46059|37
46061|9
46063|22
46065|24
46067|34
46069|-6
46071|-75
46073|-33
46075|-18
46077|2
46079|-37
46081|60
46083|-38
46085|-78
46087|-11
46089|11
46091|-12
46093|37
46095|-13
46097|-3
46099|-1496
46101|14
46103|-1280
46105|12
46107|-9
46109|-80
46111|-5
46113|-361
46115|25
46117|-14
46119|-22
46121|-459
46123|-57
46125|-104
46127|-77
46129|-7
46135|-105
46137|-170
47001|-92
47003|-1029
47005|-84
47007|-336
47009|-903
47011|-1621
47013|-2
47015|-245
47017|-184
47019|13
47021|-590
47023|-283
47025|-87
47027|-233
47029|-291
47031|-782
47033|-117
47035|-529
47037|-10325
47039|-189
47041|-280
47043|-594
47045|-751
47047|-939
47049|-71
47051|-479
47053|-301
47055|-136
47057|-106
47059|-96
47061|-316
47063|-1036
47065|-2422
47067|-15
47069|-358
47071|-338
47073|-833
47075|-108
47077|-686
47079|-528
47081|-209
47083|-129
47085|-349
47087|-208
47089|-347
47091|-176
47093|-4070
47095|-127
47097|-482
47099|-56
47101|-175
47103|-437
47105|-292
47107|-593
47109|-424
47111|-504
47113|-1744
47115|-490
47117|-230
47119|-1229
47121|-171
47123|-271
47125|-1787
47127|-116
47129|66
47131|-569
47133|-69
47135|-129
47137|-40
47139|-111
47141|-1508
47143|-681
47145|-243
47147|-966
47149|-2715
47151|-56
47153|-501
47155|-887
47157|-17179
47159|-216
47161|-24
47163|-544
47165|-779
47167|-715
47169|-83
47171|-60
47173|-323
47175|-47
47177|-1155
47179|-641
47181|7
47183|-283
47185|-194
47187|-668
47189|-1407
48001|-982
48003|-76
48005|-2143
48007|-619
48009|202
48011|14
48013|-1069
48015|-499
48017|4758
48019|-257
48021|-144
48023|-19
48025|-616
48027|-3964
48029|-36148
48031|5
48033|5
48035|-312
48037|-2197
48039|-4380
48041|-2303
48043|34
48045|41
48047|-200
48049|-513
48051|-104
48053|-265
48055|61
48057|-174
48059|-120
48061|-14647
48063|-246
48065|-12
48067|-496
48069|-73
48071|-92
48073|-1204
48075|-125
48077|156
48079|72
48081|165
48083|-115
48085|-6141
48087|9
48089|-386
48091|-1437
48093|-300
48095|-21
48097|-649
48099|-680
48101|87
48103|56
48105|52569
48107|34
48109|248
48111|-82
48113|-62939
48115|-251
48117|-627
48119|-89
48121|-5573
48123|118
48125|-59
48127|-23
48129|27
48131|-69
48133|-313
48135|-2259
48137|31
48139|-2658
48141|-20889
48143|-474
48145|-110
48147|-799
48149|-176
48151|-38
48153|149
48155|0
48157|-7287
48159|-281
48161|-111
48163|-310
48165|-117
48167|-6895
48169|130
48171|-153
48173|105
48175|-90
48177|-345
48179|-298
48181|-1698
48183|-2539
48185|-11
48187|-1272
48189|-691
48191|-8
48193|-35
48195|-134
48197|-17
48199|-694
48201|-95220
48203|-1510
48205|-55
48207|-117
48209|-2097
48211|-4
48213|-1897
48215|-26872
48217|-519
48219|-404
48221|-1240
48223|-1033
48225|-574
48227|-569
48229|58
48231|-1267
48233|-100
48235|17
48237|36
48239|-132
48241|-895
48243|34
48245|-1681
48247|-83
48249|-472
48251|-2827
48253|-196
48255|-275
48257|-1813
48259|-449
48261|6
48263|-9
48265|-862
48267|-16
48269|0
48271|118
48273|-933
48275|105
48277|-1100
48279|-646
48281|-175
48283|-119
48285|-189
48287|63
48289|-146
48291|-1873
48293|-459
48295|-69
48297|-213
48299|-175
48301|0
48303|-4677
48305|39
48307|-222
48309|-8354
48311|-11
48313|-178
48315|-248
48317|-3
48319|-48
48321|-860
48323|-1589
48325|-548
48327|71
48329|-82810
48331|-251
48333|23
48335|-253
48337|-167
48339|-7684
48341|-235
48343|-172
48345|49
48347|-1415
48349|-1184
48351|-140
48353|-464
48355|-8411
48357|-64
48359|0
48361|-548
48363|-321
48365|-331
48367|-1028
48369|-139
48371|-129
48373|-1152
48375|-4805
48377|130
48379|-245
48381|213
48383|269
48385|-100
48387|-69
48389|-91
48391|46
48393|-23
48395|-75
48397|-852
48399|-302
48401|-757
48403|-218
48405|-96
48407|-405
48409|-1938
48411|-157
48413|36
48415|83
48417|57
48419|-597
48421|-31
48423|-4781
48425|-92
48427|-1983
48429|-129
48431|-29
48433|-23
48435|-104
48437|149
48439|-40600
48441|-2093
48443|-2
48445|-67
48447|-24
48449|-334
48451|-2153
48453|-24298
48455|155
48457|-274
48459|-724
48461|-7
48463|-1020
48465|-1661
48467|-1215
48469|-2236
48471|-710
48473|-3034
48475|-228
48477|-467
48479|-10164
48481|-1228
48483|18
48485|-1988
48487|-137
48489|-433
48491|-2004
48493|-99
48495|16
48497|-670
48499|-703
48501|-143
48503|-558
48505|-77
48507|268
49003|100
49007|25
49011|28
49035|19
49037|26
50000|-394
51001|-286
51003|-619
51007|-281
51009|-400
51011|-145
51013|2324
51017|-19
51019|125
51021|-56
51023|-80
51025|-346
51027|65
51029|-185
51031|-431
51033|-238
51035|-312
"5103|-96
51037|-308
51041|-1645
51043|-45
51045|-73
51047|-363
51049|-220
51051|-88
51053|-513
51057|-157
51059|-2400
51061|-292
51063|-167
51065|-129
51067|-622
51069|-447
51071|-234
51073|-365
51075|27
51077|-188
51079|-145
51081|556
51083|-754
51085|-312
51087|-3674
51089|1362
51091|-33
51093|-175
51095|-380
51097|-97
51099|-107
51101|-187
51103|-146
51105|-94
51107|-565
51109|-534
51111|-365
51113|-65
51115|-105
51117|-423
51119|-117
51121|-738
51125|-146
51127|-88
51131|-232
51133|-137
51135|-271
51137|-137
51139|-484
51141|-391
51143|-1691
51145|-127
51147|-435
51149|-206
51153|-1577
51155|-612
51157|-85
51159|-216
51161|-979
51163|588
51165|-647
51167|-299
51169|-320
51171|-406
51173|-676
51175|-258
51177|-625
51179|-707
51181|-22
51183|-324
51185|-479
51187|143
51191|-624
51193|-240
51195|-154
51197|-308
51199|93
51510|-57
51520|-607
51540|-133
51550|-1691
51580|1401
51590|-1302
51620|-310
51630|-119
51640|-160
51650|-1719
51660|-427
51670|-307
51680|-1012
51683|-41
51685|-175
51700|-1795
51710|-3093
51720|-113
51730|-590
51740|-2258
51750|-304
51760|-4099
51770|-2116
51790|2524
51800|-964
51810|-1750
51820|-314
51830|-88
51840|34
52001|3943
52005|-4525
53000|-93489
54000|-14521
55001|-523
55003|-431
55005|-885
55007|-192
55009|-2720
55011|-120
55013|-282
55015|-271
55017|-788
55019|-487
55021|-508
55023|-205
55025|-3008
55027|-563
55029|-257
55031|-384
55033|-680
55035|-1154
55037|-76
55039|-694
55041|-118
55043|-315
55045|-290
55047|-94
55049|-277
55051|-82
55053|-359
55055|-993
55057|-247
55059|-2108
55061|-266
55063|-1290
55065|-181
55067|-362
55069|-362
55071|-644
55073|-1838
55075|-664
55077|-313
55078|-204
55079|1865
55081|-179
55083|-441
55085|-441
55087|-1447
55089|-474
55091|-66
55093|-110
55095|-371
55097|-742
55099|-246
55101|-2017
55103|-277
55105|-1641
55107|-229
55109|-367
55111|-692
55113|-478
55115|-309
55117|-1402
55119|-312
55121|-114
55123|-238
55125|-210
55127|-1284
55129|-176
55131|-565
55133|-1273
55135|-369
55137|-185
55139|-1499
55141|-1248
55143|-275
55145|-18
55147|-11
55149|-91
55151|-184
55153|-18
55155|-2
56000|-25348
U.S.|-2943037
|0
b|0
