02110|176.7|-2753
01051|210.8|-181
01001|172.1|588
01021|132.5|420
01101|764.0|1070
01047|100.5|1003
01003|501.5|-118
01035|225.7|-33
01097|1235.95|5722
01113|148.8|-2792
01005|117.0|-139
01105|93.4|123
01045|359.70000000000005|-207
01007|160.0|-193
01073|1576.1000000000001|-4605
01009|343.1|-318
01055|194.9|757
01087|299.4|-111
01109|320.8|15
01013|109.1|366
01099|78.7|-25
01131|112.30000000000001|-144
01041|25.0|265
01015|289.59999999999997|3481
01121|465.5|-176
01029|190.8|-104
01017|284.4|-132
01027|72.10000000000001|-387
01081|203.89999999999998|-1063
01019|228.89999999999998|-143
01049|277.0|-1228
01023|92.10000000000001|-293
01091|167.8|417
01119|140.8|-50
01129|122.30000000000001|-419
01025|185.5|-23
01111|137.1|-1596
01037|152.3|-50
01031|148.60000000000002|-174
01061|229.50000000000003|-379
01033|241.8|-2288
01059|139.05|300
01079|157.4|190
01077|485.79999999999995|-3095
01053|176.8|-782
01039|143.4|-514
01123|110.0|-1979
01085|189.10000000000002|10
01133|151.0|89
01043|439.70000000000005|-1585
01103|352.0|-822
01095|285.8|-644
01071|177.60000000000002|411
01067|170.2|-130
01069|257.6|730
01115|314.99999999999994|-463
01125|617.0|-7940
01057|183.7|229
01093|72.10000000000001|-361
01063|112.1|-83
01107|144.20000000000002|-56
01065|160.8|-163
01117|536.0999999999999|-810
01127|226.4|1665
01075|343.5|-135
01083|239.0|5159
01089|832.8|-1650
01011|3.4|222
05117|151.3|221
05001|68.7|-86
05095|113.7|284
05069|323.2|1525
05003|148.7|-779
05017|72.10000000000001|239
05043|43.4|495
05005|93.6|338
05065|212.90000000000003|-285
05087|319.70000000000005|-74
05007|615.4|2827
05143|442.90000000000003|-3521
05089|174.7|416
05131|641.0|-879
05009|25.0|-10
05015|160.0|-536
05097|68.7|180
05011|157.4|-102
05013|280.8|73
05101|83.4|134
05029|180.8|-291
05027|88.7|875
05019|189.20000000000002|-44
05059|286.1|-422
05021|148.7|-202
05055|220.8|-785
05071|183.4|145
05023|278.2|-47
05063|160.8|-584
05141|25.0|-506
05137|140.8|-139
05145|252.10000000000002|-886
05119|1467.05|-10870
05039|152.10000000000002|-268
05073|136.6|-181
05099|121.6|-71
05115|182.6|-133
05031|525.9|1012
05067|68.7|254
05111|151.0|503
05033|294.05|714
05047|187.4|-337
05035|229.4|-336
05123|82.10000000000001|775
05077|150.8|489
05147|186.8|69
05037|25.0|-318
05053|152.20000000000002|-88
05041|86.8|-332
05079|167.6|-106
05045|232.5|-1233
05049|72.10000000000001|237
05121|160.8|237
05051|212.1|-1718
05125|220.8|-867
05075|95.5|-227
05057|147.6|177
05103|88.7|-309
05061|65.0|204
05109|68.7|71
05135|80.0|-41
05081|92.1|184
05083|83.4|-726
05085|228.4|-1183
05091|128.7|-1649
48067|307.0|-54
05093|193.9|20
05139|220.7|401
05149|137.4|-284
05105|50.0|-392
05107|151.0|-155
05127|180.3|-42
05113|45.0|50
05129|35.65|53
05133|128.4|-416
04001|154.5|4699
04011|80.0|-254
04017|188.89999999999998|-2161
04003|270.6|-3337
04009|156.8|-1962
04013|6627.500000000001|-162805
04005|315.5|-3544
04025|612.0|-9787
04007|354.8|-1300
04021|468.8|-14036
04027|378.09999999999997|-1371
04019|1776.6|-47523
04015|469.1|-9983
04023|243.4|-1558
06001|2470.8|-27202
06013|2287.1|-19771
06085|3439.0|-26081
06075|1762.3000000000002|1388
06101|299.1|1222
06041|499.84999999999997|-1151
06055|288.4|-545
06081|1382.15|-9298
06003|3.4|9
06005|148.7|-78
06017|298.4|-4190
06007|607.7|4109
06115|266.0|-685
06103|235.05|570
06089|879.5|-2280
06107|891.4|-5226
06009|145.85|333
06099|877.4|1269
06047|810.5|-6654
06011|125.2|-165
06021|125.0|-134
06095|882.8|-9090
06023|315.5|136
06015|158.7|867
06019|2470.3|-40041
06037|18048.9|-261906
06031|428.0|-1289
06039|419.3|-2625
06029|1467.4|-31230
06077|1564.5|-24830
06105|124.05|-218
06025|535.2|-3561
06065|4092.2000000000003|-87476
06051|148.7|-5
06027|122.9|176
06083|705.6|-2196
06111|1389.1000000000001|-18775
32031|1005.8|-22932
06071|3194.1|-108165
06033|268.29999999999995|-596
06035|155.5|-387
06059|5639.3|-6384
06079|921.1|-2717
06073|6406.1|43188
06097|1000.0500000000001|-9572
06043|26.8|-365
06109|237.6|-488
06045|251.0|-931
06049|93.7|-315
06053|1146.9|-825
06061|642.9|-5308
06091|52.9|2
06057|149.25|790
06067|2705.45|-42261
06113|325.1|-2991
06063|78.7|39
06069|148.7|-101
06087|664.1|-4918
06093|220.95|696
08123|709.5|-1806
08039|228.7|-31
08059|611.25|-2442
08031|986.0|-10502
08041|844.1|-18106
08021|120.0|12
08003|65.0|-782
08035|355.5|-2546
08007|68.7|-76
08009|62.9|-50
08099|50.0|-36
08011|80.0|54
08013|406.7|265
08069|369.1|-6017
08015|80.0|220
08037|180.0|101
08017|10.0|-15
08105|137.4|-217
08023|28.4|35
08025|20.0|-95
08101|308.7|978
08027|72.25|22
08029|120.0|413
08051|68.7|53
08085|175.8|1749
08083|83.4|-561
08103|148.7|9
08043|80.0|840
08045|111.8|1492
08077|288.6|-5836
08047|10.0|-75
08049|100.0|48
08109|102.9|-320
08055|78.7|-13
08057|42.9|22
08093|68.7|-47
08061|25.0|-20
08063|93.7|-111
08111|168.7|4
08067|80.0|137
08065|46.8|-339
08071|80.0|666
08089|84.9|-620
08073|67.9|21
08121|98.7|-11
08075|105.0|-343
08079|42.9|-15
08107|160.0|-119
08081|3.4|-155
08033|10.0|6
08091|3.4|-6
08087|152.10000000000002|-356
08119|80.0|-79
08095|68.7|13
08115|42.9|-31
08117|86.8|318
08125|75.5|-51
11001|1234.9|-25697
24033|1290.8|-9260
42041|538.8|-1961
51685|234.25|25
10001|386.5|-8010
10003|1617.3000000000002|-10098
12001|546.7|-2595
12075|212.1|-2575
12083|926.8|-24879
12009|975.1|-2600
12005|467.7|5978
12031|1985.9|-36808
12061|248.0|5117
12003|132.5|27
12131|253.7|1186
12105|1417.6|-18506
12013|126.8|-224
12091|445.79999999999995|-92
12007|140.0|-1179
12019|253.7|-2256
12125|68.4|1021
12011|3187.4|-74980
12021|717.6999999999999|-19355
12095|2576.6000000000004|-50248
12121|171.15|1284
12063|162.1|-360
12015|449.5|-1144
12115|1004.4000000000001|2884
12071|1813.0|-39520
12101|958.3000000000001|-5150
12017|328.4|-501
12053|474.70000000000005|-11585
12107|322.3|-6705
12051|309.0|-2072
12023|147.6|-1237
13113|286.1|-1109
12027|68.7|-680
12055|385.20000000000005|1091
12029|123.4|-1078
12123|218.9|122
12109|448.0|-5939
12033|712.8|-801
12113|352.1|2402
12035|205.95|-5325
12037|118.4|11
12077|167.6|63
12039|100.4|2391
12041|125.2|462
12045|25.0|108
12047|108.7|-44
12049|111.8|108
12057|3893.5|-8817
12103|2355.4|-47074
12059|80.0|-221
12133|46.3|-305
12073|707.5|-1611
12065|93.7|-1702
12067|72.10000000000001|240
12087|248.7|-301
12069|696.0|-20986
12127|996.3|-4085
12119|159.3|2
12079|92.10000000000001|-155
12081|906.3000000000001|668
12099|2243.8|-77187
12085|331.4|-4210
12111|801.4|-7068
12089|160.0|-617
12097|933.9000000000001|-22263
12117|722.4|-14369
12129|62.9|301
13001|136.8|-43
13069|198.6|-372
13299|272.6|-773
13065|273.4|-41
13003|46.3|185
13229|175.5|132
13007|80.10000000000001|-31
13319|414.8|-36
13015|391.7|-6172
13137|210.3|-2248
13289|139.05|27
13011|98.9|-238
13157|210.8|3399
13313|222.90000000000003|2013
13195|137.4|797
13219|465.65|530
13013|182.1|-4173
13121|1982.8000000000002|-18604
13031|440.6|-1143
13067|1425.2|-10129
13115|361.8|-547
13057|615.6999999999999|-7473
13223|296.1|-6866
13075|155.5|-250
13017|123.6|-207
13019|349.85|-220
13277|229.3|-633
13185|212.2|-2489
13099|180.4|-189
13091|279.5|-126
13169|173.6|-533
13021|424.1|-4362
13207|123.4|-129
13177|206.8|494
13135|2260.5499999999997|-40653
13293|219.70000000000002|327
13023|10.0|532
13049|108.7|-1504
13127|445.6|-650
13039|160.0|-923
13025|23.4|143
13275|315.7|-412
13027|228.9|31
13029|137.4|-1185
13109|137.0|98
13051|687.25|-12859
13163|140.8|3465
13033|216.10000000000002|820
13251|102.10000000000001|163
13245|575.2|-11015
13217|290.7|-2556
13151|574.25|-3962
13273|42.9|-91
13061|103.4|-166
13243|50.9|-252
13071|211.55|-2608
13095|491.8|1602
13043|113.7|362
13267|23.4|-769
13045|342.0|7309
13149|106.8|-65
13143|180.8|-14
13145|72.10000000000001|-259
13047|236.10000000000002|-1158
13079|76.7|1132
13103|220.8|623
13179|171.4|-392
13097|312.0|-6930
13259|88.1|-84
13053|10.2|-13
13295|248.4|1583
13055|42.9|-720
13083|103.4|311
13227|152.1|-632
13187|178.9|131
13059|173.8|-3391
13173|100.0|351
13063|765.2|-26636
13255|108.9|-5583
13087|152.10000000000002|-682
13089|1262.1000000000001|-39486
13155|93.6|-69
13321|170.2|-361
13139|794.3|-11569
13073|222.29999999999998|-3182
13189|83.4|235
13215|800.6|-2530
13077|406.4|-5490
13225|187.6|-1781
13153|387.45|-4061
13315|174.20000000000002|-14
13081|86.8|789
13253|10.2|-52
13271|108.9|-26
13093|100.5|177
13193|123.7|-147
13147|160.10000000000002|-155
13107|285.0|120
13167|40.0|150
13283|279.70000000000005|-364
13111|152.10000000000002|26
13291|126.8|-1079
13233|153.1|-549
13117|278.9|-698
13119|80.0|-767
13123|204.7|-1229
13129|363.5|-4583
13301|152.1|297
13213|160.0|3097
13131|20.0|-1442
13205|186.8|-369
13265|88.7|-29
13211|232.90000000000003|-393
13133|85.5|-543
13221|180.5|-289
13141|98.9|149
13285|348.40000000000003|1563
13263|147.4|-1001
13199|102.3|-1523
13159|219.1|-908
13237|97.10000000000001|-13
13005|140.8|-141
13125|3.4|-29
13165|92.10000000000001|-119
13303|108.7|358
13009|28.4|1177
13171|125.7|-271
13261|165.8|124
13175|120.5|-487
13183|42.9|-107
13317|72.10000000000001|-36
13311|128.9|-24
13249|105.5|71
13269|88.7|430
13197|20.0|678
13191|92.1|-2351
13035|140.8|502
13209|119.4|-83
13297|158.35000000000002|5428
13085|112.0|-21
13305|128.9|4346
13231|25.0|44
13241|88.7|-72
13037|187.60000000000002|66
13287|90.0|-204
13201|20.0|240
13307|75.5|-45
13279|75.5|2561
13281|75.5|440
15001|716.4|-12902
15003|2568.6|5369
15009|483.2|-6656
15007|535.65|1021
19077|40.0|2
19001|158.9|0
19173|42.9|162
19005|93.7|104
19043|167.4|102
19007|80.0|-308
19135|72.10000000000001|151
19013|244.20000000000002|1004
19009|68.7|30
19011|172.10000000000002|37
19113|295.1|-2631
19095|92.1|68
19023|152.10000000000002|-327
19075|68.7|17
19015|68.7|-320
19079|110.5|199
19169|200.25|-410
19017|80.0|-13
19065|144.20000000000002|57
19019|104.7|169
19021|50.0|48
19041|88.7|-238
19067|105.0|-211
19069|139.05|-45
19187|164.20000000000002|-103
19025|50.0|44
19027|80.0|78
19073|90.0|201
19047|89.2|-140
19029|148.7|59
19155|309.15|-762
19137|123.4|-394
19031|80.0|432
19105|80.0|113
19139|158.7|-655
19045|307.4|-541
19033|158.7|263
19081|154.0|-121
19195|103.55|-202
19035|80.0|4
19141|54.9|-19
19093|148.7|50
19037|105.0|387
19131|25.0|-2
19089|46.3|-255
19181|161.3|-539
19039|20.0|414
19059|110.8|96
19147|180.8|-45
19055|148.7|-157
19097|57.0|-31
19163|414.5|-4259
19165|85.8|142
19049|200.5|352
19121|23.4|-192
19153|1113.6000000000001|1869
19051|32.25|-226
19179|25.0|-644
19053|20.0|-248
19159|72.10000000000001|64
19185|28.4|110
19057|162.4|-143
19115|56.3|-430
19063|25.0|-266
19061|267.9|-863
19109|83.4|57
19191|100.95|113
19129|80.0|140
19071|86.8|-75
19127|28.4|-1134
19171|218.1|-12
19197|145.0|-398
19091|71.3|122
19189|50.0|69
19083|83.4|-304
19085|83.4|67
19133|93.7|-75
19183|185.0|-244
19101|180.3|149
19111|148.7|-582
19087|20.0|-289
19193|354.8|-299
19103|308.7|-340
19157|96.75|-86
19099|90.2|-257
19125|108.4|457
19123|205.20000000000002|214
19107|72.10000000000001|-38
19117|55.65|-286
19119|177.10000000000002|4
19167|175.4|-338
19143|10.0|74
19145|120.0|-309
19149|245.8|-227
19151|25.0|-147
19175|3.4|-53
19177|25.0|-190
16049|115.2|1165
16009|80.0|179
16023|68.7|18
16041|80.0|-201
16061|25.0|288
17001|160.3|-767
17003|93.7|169
17181|90.2|-1
17005|56.3|314
17119|576.4|-2093
17027|82.9|-231
17007|225.0|-541
17201|831.1|-5465
17009|72.10000000000001|-19
17011|93.4|-607
17073|44.4|551
17103|148.4|415
17195|270.2|-1163
17013|25.0|65
17085|115.2|1605
17141|173.7|-76
17015|53.6|0
17017|80.0|-146
17129|83.4|1083
17137|68.7|-494
17125|131.6|272
17019|471.04999999999995|-3803
17183|290.2|948
17147|148.7|-79
17041|72.10000000000001|4571
17135|172.29999999999998|-937
17021|211.6|-511
17173|148.7|-840
17115|319.1|-3183
17023|80.0|-926
17045|122.9|-250
17029|446.1|-720
17033|80.0|84
17025|185.0|-99
17191|108.4|-139
17121|357.1|822
17163|650.0999999999999|5894
17031|11379.199999999999|0
17043|2038.4|-23325
17089|854.0999999999999|-17672
17097|1663.4|-16324
17197|1208.7|-9417
17093|555.4999999999999|-1420
17091|358.2|1161
17099|286.1|-1724
17177|185.0|-675
17037|167.0|-1358
17101|83.4|-112
17035|46.3|-34
17111|353.4|-2513
17039|90.0|134
17139|50.0|-476
17047|42.9|74
17193|42.9|18
17049|120.0|-639
17051|90.0|-323
17113|394.1|-399
17105|111.6|199
17075|152.1|0
17199|262.90000000000003|599
17055|192.10000000000002|-663
17081|193.4|788
17187|233.7|-461
17057|228.7|-768
17143|375.9|-3308
17169|142.9|-144
17109|113.7|-368
17165|123.4|-548
17059|86.8|-134
17171|166.8|-141
17061|60.0|-332
17117|190.3|-592
17063|148.7|-124
17065|111.6|11
17067|83.4|-192
17151|20.0|0
17071|48.4|12
17175|108.7|-74
17161|341.2|-1351
17095|68.7|-321
17077|198.4|319
17157|209.50000000000003|466
17083|88.7|-301
17127|78.7|-235
17155|83.4|-10
17159|90.0|-359
17107|83.4|-789
17167|570.3000000000001|-2842
17179|322.29999999999995|-1316
17123|75.5|-40
17153|45.0|-112
17203|85.8|1711
17131|117.10000000000001|-106
17133|83.4|-98
17189|68.7|652
17145|26.8|-206
17149|28.4|-101
17185|83.4|-127
18001|310.79999999999995|856
18179|139.55|459
18003|1651.0|6919
18183|170.2|-671
18033|220.8|-27
18113|216.10000000000002|555
18071|552.1|92
18005|106.8|1624
18031|68.7|-441
18007|72.10000000000001|-85
18171|23.4|163
18009|68.7|113
18011|212.1|-571
18057|603.1999999999999|-1203
18013|52.25|116
18015|162.10000000000002|68
18157|237.4|-2432
18023|320.0|-816
18067|92.1|-2075
18181|323.4|-541
18017|253.6|-1542
18103|128.4|604
18049|68.7|-226
18019|380.5|-1073
18043|163.4|-235
18143|25.0|138
18021|68.7|221
18119|185.0|-269
18133|136.8|10
18121|68.7|39
18055|268.7|-463
18107|162.4|-662
18123|168.7|-117
18025|152.10000000000002|-16
18175|328.7|-3
18027|160.0|-200
18151|157.4|-483
18029|172.10000000000002|-1082
18155|31.8|166
18137|320.0|-171
18145|172.10000000000002|1469
18037|248.7|436
18035|458.40000000000003|-2465
18065|240.8|2764
18135|133.4|-2311
18095|328.7|7397
18147|200.8|-189
18125|100.0|-284
18039|491.0|-3898
18087|152.10000000000002|-532
18099|80.0|325
18141|592.5|-8674
18041|172.10000000000002|1707
18061|46.3|416
18045|80.0|603
18047|297.4|-295
18161|206.10000000000002|-73
18085|232.10000000000002|-40
18051|243.4|-500
18163|463.9|-3684
18053|203.0|5338
18097|1741.1000000000001|-40499
18059|226.8|-660
18159|146.8|-150
18063|263.4|1108
18109|289.5|1453
18177|80.0|126
18069|163.4|32
18169|173.4|-793
18111|157.1|6
18073|100.5|529
18131|20.0|-383
18075|86.8|-1352
18079|185.0|-66
18077|88.7|-524
18081|248.7|-2058
18083|160.0|-591
18153|83.4|-147
18091|333.3|-945
18127|131.3|-707
18089|1313.6|-10313
18105|258.7|-1180
18117|228.7|-48
18093|23.4|-230
18149|225.0|1368
18101|80.0|-134
18115|42.9|58
18129|332.4|-182
18139|80.0|-1179
18173|171.4|-1182
39151|744.7|-21210
18167|236.60000000000002|-2489
18165|187.10000000000002|128
20207|93.4|-27
20001|100.5|440
20003|68.7|-62
20031|83.4|79
20103|368.5|589
20005|45.0|135
20013|80.0|989
20007|67.9|-122
20095|45.0|-273
20009|67.9|-35
20185|100.0|56
20159|83.4|-1096
20037|137.4|285
20107|152.1|56
20011|20.0|268
20043|45.0|-105
20015|287.6|279
20035|187.3|897
20017|25.0|-34
20115|110.0|94
20019|28.4|-10
20173|1074.4|-405
20049|42.9|50
20021|232.1|-114
20023|68.7|2541
20025|28.4|1
20143|110.8|-9
20201|25.0|-6
20027|68.7|4
20157|80.0|96
20029|25.0|-59
20139|68.7|279
20033|42.9|15
20133|111.6|318
20039|20.0|-38
20041|105.0|211
20045|126.30000000000001|166
20059|152.10000000000002|846
20091|908.1999999999999|1854
20177|629.7|-1978
20047|42.9|-69
20051|88.7|18
20195|3.4|-18
20053|108.4|52
20069|103.4|41
20055|12.0|-1238
20083|112.1|1628
20057|3.4|813
20161|83.4|12
20061|100.5|145
20063|25.0|-66
20065|111.6|-41
20067|141.6|-397
20119|108.7|-95
20071|10.0|34
20073|53.4|79
20187|42.9|50
20077|68.7|-138
20113|90.0|-851
20079|117.9|-1282
20081|46.3|105
20085|83.4|-155
20131|42.9|40
20087|75.5|194
20089|80.0|37
20183|68.7|13
20209|450.70000000000005|-1638
20121|100.5|-281
20093|25.0|-49
20155|177.4|47
20151|108.7|264
20097|3.4|34
20099|209.50000000000003|-166
20101|42.9|-13
20123|25.0|-751
20105|42.9|-17
20193|148.8|-52
20111|206.10000000000002|-1175
20117|136.6|0
20149|68.7|-123
20169|163.4|-112
20141|42.9|-25
20125|171.60000000000002|-3113
20205|46.3|153
20127|100.0|85
20129|42.9|-18
20189|10.0|-31
20135|42.9|-22
20137|68.7|30
20163|20.0|25
20147|93.7|-27
20153|20.0|2
20165|25.0|35
20167|68.7|-98
20109|49.699999999999996|-11
20191|93.4|51
20175|152.10000000000002|297
20197|93.7|52
20179|3.4|25
20181|80.0|81
20145|10.0|-8
20199|10.0|-1
21101|166.8|148
21001|158.9|-290
21087|216.3|4
21169|135.65|148
21155|125.0|-362
21217|96.8|144
21003|223.4|-340
21171|48.4|70
21211|247.8|1082
21129|127.30000000000001|314
21215|42.9|-227
21007|68.7|-240
21009|80.2|-931
21099|203.85|-623
21011|158.9|197
21173|92.10000000000001|-636
21165|110.5|42
21181|28.4|-332
21049|96.8|-484
21013|281.0|1006
21095|200.8|178
21121|293.70000000000005|593
21199|331.90000000000003|-1569
21117|566.9|-4810
21015|311.0|-3261
21077|88.7|252
21097|102.10000000000001|-290
21017|106.8|572
21209|125.0|-1180
21019|287.1|-403
21037|420.5|1353
21043|236.50000000000003|-542
21021|89.25|-982
21045|156.5|-7
21161|98.9|-48
21201|42.9|-15
21023|10.0|170
21237|95.5|14
21119|338.6|324
21025|23.6|-188
21193|139.1|89
21153|191.0|98
21027|88.9|452
21163|172.3|221
21061|140.8|260
21183|30.2|571
21029|214.10000000000002|-1059
21111|2172.8500000000004|-8058
21031|622.9000000000001|-190
21055|92.10000000000001|128
21107|283.4|-1391
21047|240.8|-823
21035|106.8|284
21083|222.3|-876
21105|121.80000000000001|94
21039|46.3|64
21041|148.7|23
21187|35.0|-176
21103|88.9|-329
21127|106.75|334
21089|174.20000000000002|582
21205|171.0|-301
21137|78.9|-605
21207|83.4|-332
47125|479.3|3129
21221|92.10000000000001|-354
21219|72.10000000000001|-261
21067|622.0|-2768
21051|98.9|473
21131|147.3|-496
21057|113.4|-151
21059|381.9|-3302
21085|136.60000000000002|138
21175|68.7|468
21063|10.0|-10
21197|220.8|541
21239|183.70000000000002|116
21113|163.4|634
21167|158.7|-511
21069|32.25|37
21135|152.10000000000002|-267
21195|403.40000000000003|1273
21071|519.55|1008
21115|180.8|146
21075|25.0|162
21079|157.6|-61
21081|93.4|95
21191|97.0|345
21145|229.1|-961
21093|227.0|-2428
21091|93.7|-36
21233|68.7|-289
21223|20.0|-232
21189|318.2|180
21109|32.25|-92
21125|176.0|-1446
21185|140.0|-768
21133|305.0|1094
21179|109.1|-468
21123|95.5|-207
21203|106.8|178
21159|137.4|395
21139|68.7|319
21141|72.10000000000001|-983
21213|46.3|-363
21147|175.5|-331
21143|20.0|-190
21065|68.7|-439
21151|373.9|1512
21229|325.9|129
21157|88.7|-325
21235|226.10000000000002|-1244
21149|86.8|216
21177|98.7|692
21005|3.4|241
21053|105.0|-97
21073|20.0|511
21225|80.0|146
21227|188.7|-1210
22001|160.8|1441
22055|757.6999999999999|-3230
22039|438.3|72
22053|174.20000000000002|162
22003|49.699999999999996|-265
22115|93.6|-452
22011|123.8|575
22033|987.4|-3550
22009|299.1|-1074
22005|253.6|-168
22007|181.4|-423
22063|407.3|-2445
22095|198.39999999999998|-19
22047|227.6|1026
22121|131.8|421
22109|445.2|3799
22101|360.2|-313
22097|196.8|-3187
22079|304.0|-3326
22099|100.0|-2084
22019|510.7|999
22013|236.3|-559
22069|226.3|-371
22049|128.6|259
22045|190.8|-1733
22113|397.6|-642
22015|439.0|-2416
22031|95.7|202
22017|524.0999999999999|-8561
22023|93.7|130
22073|452.05|1812
22059|98.9|-306
22021|23.4|-233
22071|1912.2|37412
22025|127.3|296
22041|204.2|494
22027|120.2|-196
22119|82.3|-151
22029|183.70000000000002|503
22081|105.0|-181
22085|246.10000000000002|-223
22037|152.10000000000002|249
22077|122.9|329
22103|697.0|127
22035|96.3|37
22123|176.8|-442
22065|8.0|222
22043|103.4|-319
22083|209.50000000000003|280
22127|147.4|49
22051|1081.7|12443
22057|270.2|-1115
22089|139.3|-339
22087|267.1|750
22075|108.7|345
22061|80.0|-1516
22105|480.69999999999993|-1026
22091|108.4|1155
22125|95.5|-299
22067|103.5|-618
22117|122.9|-60
22093|137.4|14
22107|121.6|128
22111|28.4|-247
24001|250.8|-1155
24035|180.5|-75
24005|1530.5|-38118
24011|209.50000000000003|647
24045|357.4|-5317
24510|3037.05|53115
24003|801.4|-13471
24009|229.50000000000003|2355
24027|676.9|-5762
24025|408.75|-4171
24013|355.0|-764
24019|107.75|-7212
24021|609.5|-1506
42097|271.75|886
24015|172.5|-654
24017|484.09999999999997|-4632
24047|206.05|-1627
24031|1178.6000000000001|-21583
24043|398.7|2400
24023|223.10000000000002|-375
24029|93.7|-370
24039|110.5|2827
24037|240.0|-881
24041|228.7|300
26001|83.4|-2
26007|25.0|-2543
26069|126.8|-431
26135|243.4|560
26003|90.0|448
26041|160.0|-2330
26103|245.65|-3858
26153|80.0|-78
26077|611.1|-8284
26005|541.4|2053
26159|564.7|2405
26081|1280.1000000000001|-6507
26141|238.3|203
26009|160.0|168
26029|122.9|1193
26079|170.0|697
26137|148.7|-1314
26011|102.10000000000001|-145
26017|353.7|-6215
26129|106.8|-811
26013|72.10000000000001|-88
26015|472.45|-845
26023|240.0|-2682
26045|431.4|-5289
26067|206.8|-824
26111|291.8|2739
26145|628.1|926
26055|185.0|-407
26019|100.0|-630
26089|175.0|145
26027|280.7|-665
26021|294.2|-9323
26025|388.7|-5049
26075|341.0|-3213
26149|152.10000000000002|-909
26047|122.9|-1309
26031|268.4|687
26033|166.4|133
26097|148.7|335
26035|198.3|-760
26133|132.1|345
26143|297.4|1467
26065|714.15|-557
26057|148.7|-964
26155|228.7|-3872
26037|80.0|-1089
26039|80.0|384
26109|135.0|331
26043|357.4|56
26049|1237.9|-13994
26125|2806.7000000000003|-15773
26087|297.45|-4689
26157|337.2|-2984
26093|643.8|-6127
26051|3.4|741
26053|206.10000000000002|244
26131|93.7|-96
26113|92.10000000000001|3641
26073|311.7|-6207
26059|142.0|-800
26061|100.0|-394
26083|32.25|22
26063|166.4|-509
26151|233.1|-889
26071|68.7|-894
26107|134.55|947
26161|631.5|-5418
26139|698.9000000000001|-1827
26117|304.0|-5390
26085|217.4|251
26105|353.0|-86
26147|581.6|-4688
26091|195.8|-5096
26163|4804.249999999999|-21445
26115|317.9|1364
26095|10.0|36
26099|2280.0|-51915
26101|67.9|-925
26165|98.55|385
26123|154.4|1708
26119|68.7|51
26121|469.9|-24178
26127|68.7|-2638
27035|200.5|12
27001|43.4|0
27095|80.0|42
27061|235.95|0
27021|162.10000000000002|1
27003|558.6|0
27053|2606.0499999999997|-2143
27141|329.3|333
27059|80.0|0
27025|238.7|18
27123|919.1|0
27087|35.0|3
27005|163.4|0
27111|249.70000000000002|0
27029|83.4|5
27007|140.9|104
27009|255.5|0
27097|165.8|1148
27145|447.0|0
27155|42.9|-30
27149|112.25|-14
27011|42.9|-49
27073|42.9|-20
27103|263.7|-832
27043|50.0|0
27013|206.10000000000002|0
27091|186.8|-4
27161|93.7|-13
27127|133.2|0
27033|80.0|1
27165|67.9|446
27017|137.4|-260
27115|148.7|-1306
27137|607.4000000000001|214
27019|148.7|-5
27143|148.7|-432
27085|80.0|96
27171|235.5|-70
27057|75.5|1094
27023|42.9|0
27173|138.39999999999998|311
27129|240.0|579
27151|20.0|-7
27027|80.0|-3130
27167|202.25|-573
27119|126.8|9
27031|25.0|0
27101|68.7|246
27037|937.6|0
27049|163.4|1
27131|183.70000000000002|566
27039|68.7|7
27109|294.8|-984
27147|148.7|-26
27121|165.5|-1
27041|40.0|0
27045|115.0|0
27169|152.10000000000002|-1393
27055|118.7|-163
27047|260.15|147
27157|80.0|0
27051|133.4|-191
27139|315.5|-2
27063|68.7|1
27065|96.0|180
27067|115.0|-353
27069|92.10000000000001|-27
27071|115.5|10
27075|72.10000000000001|0
27077|12.0|-24
27079|42.9|11
27081|80.0|5
27083|94.7|9
27107|50.0|-35
27089|134.10000000000002|32
27113|25.0|332
27093|116.8|14
27153|106.8|270
27099|42.9|0
27105|96.8|-21
27159|80.0|0
27125|102.10000000000001|235
27133|80.0|8
27117|10.0|-130
27163|190.2|0
27015|80.0|-141
27135|180.0|-17
29001|144.20000000000002|130
29171|25.0|117
29003|137.4|358
29147|144.20000000000002|103
29005|68.7|18
29173|172.10000000000002|64
29009|200.8|-355
29109|357.90000000000003|-32
29209|330.79999999999995|126
29145|246.10000000000002|-563
29097|399.70000000000005|-990
29011|68.7|-120
29095|1467.6000000000001|-18235
29037|178.9|6424
29015|82.10000000000001|-72
29143|115.5|436
29157|148.7|2
29023|342.1|-126
29223|33.6|-411
29123|82.10000000000001|-174
29165|188.7|-789
29133|325.3|-452
29177|140.8|143
29025|89.2|69
29029|284.2|-382
29105|108.7|-65
29069|96.8|7139
29201|93.7|-571
29033|68.7|-46
29041|180.3|71
29089|68.7|-218
29043|307.4|-1005
29067|90.2|-219
29199|55.0|-14
29047|470.3|-792
29049|52.9|409
29063|25.0|118
29051|140.8|2994
29135|105.0|-345
29053|93.7|-215
29141|72.10000000000001|-451
29161|255.80000000000004|3
29055|111.6|-152
29221|172.5|-818
29215|116.8|-110
29167|135.2|-814
29081|80.0|-91
29079|68.7|241
29075|25.0|-11
29125|137.4|-8
29065|113.7|-83
29169|150.8|486
29091|271.79999999999995|-411
29229|108.7|-208
29155|178.6|1193
29071|206.8|7308
29099|280.8|16024
29139|68.7|79
29077|1060.8|-1815
29117|68.7|-158
29129|25.0|-2
29115|10.0|-225
29101|100.0|-465
29087|68.7|165
29203|96.8|10968
29093|117.30000000000001|-453
29189|1773.65|6743
29187|236.0|-1557
29103|20.0|-5
29107|160.0|-778
29159|200.0|-541
29195|68.7|-24
29121|137.4|1505
29175|206.10000000000002|172
29207|97.10000000000001|657
29227|72.10000000000001|34
29179|97.1|8
29205|42.9|106
29510|1380.0|17379
29217|115.5|-35
28063|185.0|780
28049|1133.15|-9741
28129|563.2|-71
28001|20.0|-1005
28037|134.55|109
28003|248.7|-684
28141|154.4|242
28113|82.3|926
28005|230.8|86
28157|75.5|659
28007|93.6|601
28147|151.0|-143
28097|68.7|-317
28089|534.6|-799
28051|131.8|284
28159|20.0|33
28083|210.2|-577
28019|129.25|38
28009|231.0|76
28145|147.4|-311
28011|265.7|-918
28027|247.10000000000002|1064
28151|264.20000000000005|-1259
28013|128.7|-148
28115|491.40000000000003|-356
28155|88.7|-217
28017|25.0|-642
28043|68.7|-102
28015|80.0|38
28105|68.7|-871
28021|23.4|-472
28029|102.1|-139
28023|295.1|-891
28061|125.0|485
28153|92.10000000000001|-1142
28025|254.60000000000002|-75
28031|349.0|640
28119|73.1|475
47053|157.10000000000002|-2300
28133|68.7|1109
28085|178.9|-801
28077|88.7|-274
28067|368.20000000000005|-1046
28065|207.6|72
28033|278.6|-6223
28093|199.1|648
28137|148.7|-421
28035|83.4|-2444
28091|106.1|799
28131|114.7|-827
28041|201.0|-178
28039|23.4|-1155
28109|180.8|720
28135|305.0|-2397
28045|352.9|532
28059|290.4|634
28047|815.5|2026
28079|97.0|1106
28127|130.5|-562
28121|383.2|-1036
28053|13.4|-234
28163|254.2|-634
28055|26.8|9
28125|37.0|655
28149|173.7|1811
28081|245.7|551
28117|20.0|-1165
28057|108.7|-536
28095|206.3|-916
28101|80.0|-514
28073|182.1|-560
28111|45.0|408
28099|72.10000000000001|1157
28069|69.69999999999999|-344
28075|83.4|219
28071|108.9|-761
28107|214.10000000000002|2557
47119|6.8|-3586
28123|160.8|-580
28139|123.4|-1578
28103|125.9|634
28087|282.90000000000003|-1177
28143|102.3|966
28161|28.4|630
30001|10.0|96
30005|118.4|69
30009|42.9|24
30011|42.9|27
30013|451.9|89
30017|137.4|17
30019|68.7|-64
30023|20.0|-61
30027|72.10000000000001|-115
30047|84.69999999999999|456
30043|68.7|63
30073|68.7|1
30041|83.4|-146
30089|112.5|695
30071|68.7|-12
30105|137.4|-98
30111|553.0|-101
30081|92.3|-299
30083|137.4|-12
30091|137.4|15
30093|152.20000000000002|218
30097|68.7|42
30099|13.4|-43
37001|296.6|-527
37135|554.2|-1215
37081|1300.0|-19491
37033|93.6|2331
37129|391.1|-1666
37003|143.4|-1659
37035|622.9000000000001|-2132
37055|238.9|-1601
37023|318.9|2097
37005|140.8|276
37193|223.10000000000002|-680
37007|270.95|-88
37179|871.4|-9402
37009|40.0|347
37189|75.5|-564
37111|167.9|6
37011|177.4|-117
37147|513.5|-7648
37117|226.50000000000003|105
37013|117.10000000000001|-6083
37095|111.6|172
37031|363.2|-359
37015|135.2|-34
37131|154.4|-260
37181|132.1|-718
37047|574.3000000000001|-802
37051|544.4|-4575
37017|260.7|1363
37163|278.2|776
37141|197.6|1408
37019|460.90000000000003|-633
37021|625.7|-1441
37115|120.0|-1096
37089|195.0|-635
37099|85.5|-155
37037|527.1|-209
37027|93.4|-4259
37097|498.0|-5332
37025|525.5|-1739
37159|459.29999999999995|-6531
37119|1738.1|-1058
37167|170.2|-3153
37071|616.7|-12894
37029|241.75000000000003|3
37133|340.4|841
37049|234.5|-437
37157|342.3|-1778
37045|233.10000000000002|-3738
37125|281.5|785
37151|434.70000000000005|-5024
37113|179.85000000000002|8
37039|203.7|-414
37143|115.0|60
37073|39.05|1840
37043|172.25|37
37061|123.4|-2784
37103|231.3|-740
37079|272.09999999999997|-66
37093|319.20000000000005|5257
37085|420.20000000000005|-2116
37053|86.8|-229
37057|534.4|-8133
37067|667.5|-15346
37059|228.6|-1921
37063|421.6|-11358
37191|329.70000000000005|-2289
37169|161.0|15
37065|235.8|-330
37127|137.4|-1952
37195|422.5|124
37069|362.1|-1145
37183|1595.2500000000002|-25094
37101|478.95|-12135
37077|127.2|-2776
37075|45.0|52
37107|227.4|-1050
37083|274.2|-1135
37105|103.4|11498
37087|166.8|-737
37175|135.0|-70
37177|92.1|-155
37197|68.7|-1302
37199|35.0|424
37153|157.8|671
37123|137.4|42
37137|180.0|-92
37145|86.8|-957
37149|137.4|69
37161|345.2|-304
37165|109.7|-1277
37155|1038.95|5464
37171|197.0|-3373
37185|75.5|-128
37187|45.0|-653
38001|42.9|-33
38003|88.7|131
38073|72.10000000000001|55
38093|168.7|189
38017|556.4|1725
38005|68.7|173
38103|25.0|4
38069|35.0|16
38009|152.1|-92
38079|75.5|240
38049|43.0|134
38011|3.4|18
38101|240.0|-260
38013|68.7|-7
38015|516.4|53
38043|28.4|-4
38077|145.4|-36
38091|67.9|18
38097|68.7|-24
38019|68.7|41
38067|118.7|57
38081|93.7|-10
38021|110.8|52
38023|140.8|-23
38025|53.4|36
38031|68.7|3
38029|72.10000000000001|49
38027|68.7|-72
38033|25.0|19
38035|227.6|55
38037|37.0|49
38041|42.9|-5
38039|50.0|18
38051|25.0|2
38047|68.7|3
38053|122.9|57
38055|97.10000000000001|-31
38083|80.7|61
38057|72.10000000000001|25
38065|50.0|-16
38059|93.7|-103
38061|163.4|-32
38071|100.0|63
38099|86.8|-46
38095|52.9|9
38075|25.0|39
38085|68.7|181
38089|240.0|32
38105|83.4|310
31043|105.0|-211
31119|25.0|2110
31147|80.0|-291
35001|1349.15|-19062
35043|160.8|-2904
35061|200.5|-2745
35053|257.4|602
35057|106.8|-2503
35003|25.0|-61
35017|115.65|-1838
35005|278.6|-4350
35015|123.4|5
35027|108.4|0
35031|267.1|17498
35006|125.2|-15
35007|106.8|-21
35041|228.7|-385
35011|32.25|0
35013|425.2|-15693
35035|296.3|-812
48141|2123.3|-36145
35047|152.1|6343
35019|25.0|0
35021|25.0|9
35023|80.0|170
35029|152.1|-314
35025|217.4|-563
35028|80.0|3
35039|69.7|-509
35033|75.15|897
35037|100.0|-737
35055|180.95|28
35049|425.65|-5452
35045|231.8|-10091
35051|80.0|-714
35059|68.7|473
32510|266.1|-1613
32005|180.0|-1400
32019|194.25|-23
32003|4256.3|-93705
32023|86.8|-220
32007|160.0|-654
32009|6.8|-14
32011|68.7|-10
32027|83.4|29
32013|25.0|155
32015|3.4|43
32017|46.3|26
32029|80.0|-3
32021|40.0|54
32033|80.0|-89
42043|683.95|-1445
39001|140.8|857
39071|205.2|1303
39145|345.2|-1599
39053|86.8|-1209
39011|232.10000000000002|-1285
39063|203.4|-334
39137|122.9|410
39003|308.7|-6149
39005|337.0|527
39139|334.20000000000005|1211
39169|160.0|-966
39103|656.0|-1790
39155|812.4|-1624
39007|363.6|-4479
39099|799.8|-2057
39055|336.8|-1708
39009|172.8|2054
39115|68.7|211
39073|226.8|-1584
39127|143.55|-940
39105|108.9|29
39163|260.2|-361
39091|152.1|480
39065|212.90000000000003|129
39149|255.8|-1369
39013|185.7|280
39067|148.7|-374
39111|72.10000000000001|1429
39081|229.7|4560
39025|397.09999999999997|-6325
39015|106.8|-2543
39061|1581.1|-14007
39017|401.79999999999995|-3335
39165|769.1|-312
39135|111.15|231
39019|90.0|-47
39023|859.15|-6961
39097|237.4|-539
39021|103.4|-1630
39057|537.4|-1872
39027|217.50000000000003|-671
39047|150.85|-1265
39029|192.0|-440
39031|169.20000000000002|464
39083|72.10000000000001|-860
39157|272.9|-736
39077|228.7|-457
39033|308.7|-673
39035|3218.6|3114
39153|1078.8|-37638
39093|664.4|-973
39173|330.2|-2234
39037|228.7|-220
39107|68.7|-243
39039|172.0|-1565
39125|50.2|-881
39041|648.4|-2663
39049|2483.1|-9077
39089|386.5|-2277
39117|224.10000000000002|-1882
39043|226.8|-625
39143|95.8|131
39123|260.0|-366
39045|210.2|-2285
39129|76.5|-2496
39175|100.0|-104
39159|83.4|843
39051|178.6|-1173
39087|137.4|-985
39079|10.0|-205
39085|446.8|-330
39133|354.5|-2056
39113|1106.6|-23588
39059|160.0|-1106
39121|28.4|-65
39119|232.10000000000002|-9334
39147|276.3|-2674
39069|58.3|57
39095|1481.6|-22542
39141|227.75|-4412
39075|93.7|-16
39101|25.0|2125
39109|163.4|31
39167|158.9|-766
39161|100.0|531
39131|109.7|-1623
39171|101.0|-1719
40001|144.20000000000002|1194
40041|118.4|-325
40021|200.4|-503
40079|463.7|61
40003|68.7|-268
40093|72.9|-99
40151|80.0|22
40023|216.0|-189
40005|26.8|-39
40007|35.0|-7
40009|148.7|-300
40129|137.4|-151
40057|68.7|-108
40011|157.4|-607
40013|187.10000000000002|-249
40069|184.35|22
40149|68.7|-572
40015|155.5|4676
40031|367.59999999999997|-995
40039|86.8|-1289
40017|283.70000000000005|-3075
40027|494.70000000000005|-8871
40109|1722.0500000000002|-35264
40073|80.0|-420
40019|72.10000000000001|-223
40085|216.3|-406
40137|356.9|388
40097|83.4|614
40101|220.8|-5622
40145|376.0|-503
40061|92.10000000000001|-28
40025|23.4|4
40087|188.9|-1584
40125|314.4|-665
40029|85.8|130
40123|23.4|-958
40141|72.10000000000001|-237
40033|71.30000000000001|-1
40035|237.4|-698
40037|237.8|-567
40143|1833.4|-25739
40107|215.5|301
40119|158.9|365
40117|148.7|-71
40081|173.4|-474
40113|218.89999999999998|31
40043|60.0|-297
40115|181.20000000000002|842
40045|68.7|-13
40153|137.4|-1112
40047|249.50000000000003|-3077
40053|42.9|353
40049|148.7|-693
40051|148.7|-1461
40071|121.80000000000001|-396
40055|72.10000000000001|-248
40059|62.9|-116
40063|162.3|-168
40121|189.1|-58
40065|178.9|757
40067|25.0|101
40095|167.4|-226
40103|281.6|-402
40131|238.89999999999998|-2165
40075|80.0|-342
40127|150.8|636
40077|75.5|-4238
40089|171.0|-3083
40083|155.5|-1437
40111|93.6|-526
40091|140.8|370
40099|93.7|-16
40105|100.0|114
40147|137.4|-1299
40133|158.9|-1586
40135|230.8|-623
40139|120.0|92
42001|257.4|-128
42133|544.6|-15981
42003|1983.7|-30662
42125|576.7|-1899
42007|449.9|-3633
42129|1014.7|754
42019|441.79999999999995|-564
42005|240.8|-1872
42063|245.5|-1343
42031|137.4|-491
42065|228.7|-888
42073|282.5|2462
42101|5251.7|-63789
42009|133.4|-653
42111|140.0|-249
42013|299.7|-3664
42061|230.2|-169
42021|526.5|-1056
42057|25.0|121
42011|1065.95|-9965
42075|355.2|-910
42077|1166.3000000000002|-3579
42091|2676.5|-1753
42029|835.3|-751
42107|586.0|1710
42071|798.0|4157
42045|1253.2|-2490
42113|35.0|-134
42015|311.6|954
42117|298.40000000000003|832
42089|547.5|-916
42115|326.3|475
42131|31.8|41
42017|1629.6000000000001|-928
42095|729.7|-1306
42085|289.0|2305
42121|177.1|1425
42033|195.5|-507
42047|229.20000000000002|55
42023|3.4|69
42025|398.5|821
42079|1458.2|931
42027|260.0|-2018
42109|108.7|-444
42053|68.7|-36
42081|294.7|-1405
42035|274.8|458
42037|72.10000000000001|-553
42039|252.60000000000002|1882
42049|826.0|-656
42055|524.9000000000001|-6200
42099|137.4|261
42083|152.1|338
42051|482.5|67
42059|110.0|1148
42087|155.5|600
42067|117.1|68
42069|887.0|452
42119|254.50000000000003|385
42105|137.4|107
42127|308.2|-29
42103|228.7|-248
42093|206.10000000000002|-90
42123|177.4|-191
45055|158.60000000000002|1467
45001|181.4|-179
45065|137.4|-927
45073|112.10000000000001|-1547
45059|180.4|-660
45007|489.5|-1900
45037|178.9|-708
45003|506.09999999999997|1232
45025|294.5|-246
45011|115.5|870
45063|617.9|-5230
45045|988.4|-10601
45081|140.8|-3
45005|252.90000000000003|-2662
45049|189.1|-937
45077|532.4|1612
45083|555.9|-13081
45009|108.7|-120
45029|192.5|-1608
45075|365.15|2362
45019|1028.6000000000001|2541
45013|396.2|1073
45053|96.7|-963
45015|409.25|3255
45035|324.6|1094
45017|90.3|284
45021|264.4|-2858
45023|181.65|1462
45091|490.5|-4139
45039|183.7|-2445
45087|278.2|-750
45057|237.0|-3133
45031|163.3|-2809
45061|229.4|321
45085|407.45|-4635
45027|88.9|1206
45089|294.3|0
45041|442.0|-5849
45071|126.8|-1447
45033|211.4|-710
45069|246.50000000000003|172
45067|151.0|-7090
45079|779.5|-14991
45043|92.10000000000001|910
45051|779.0|-7225
45047|182.3|1661
46003|25.0|-15
46015|157.4|-89
46111|148.7|17
46005|42.9|-113
46115|78.7|-9
46007|68.7|-222
46009|85.8|11
46135|160.7|216
46101|100.0|29
46011|25.0|-560
46103|432.9|786
46013|185.0|-8
46037|50.0|0
46073|25.0|48
46063|68.7|-1
46093|103.4|-19
46019|160.0|-133
46021|50.0|-11
46023|72.10000000000001|-230
46043|10.0|-5
46025|46.3|30
46125|68.7|-277
46027|80.0|-12
46083|152.10000000000002|12
46057|116.4|93
46029|12.0|103
46031|100.0|-29
46033|80.0|10
46047|25.0|110
46061|160.0|-14
46051|35.0|-168
46039|42.9|13
46137|80.0|-108
46041|46.3|-49
46119|160.0|11
46035|28.4|104
46067|45.0|-184
46089|25.0|26
46045|25.0|-14
46049|42.9|10
46109|105.7|86
46053|42.9|16
46071|46.3|-80
46117|42.9|-21
46059|42.9|-24
46065|25.0|264
46113|64.5|-226
46075|57.25|3
46079|148.7|-59
46077|42.9|-28
46099|472.00000000000006|799
46081|68.7|131
46127|68.7|-87
46085|72.10000000000001|-54
46091|72.10000000000001|4
46087|50.0|75
46105|3.4|53
46095|32.25|24
46097|20.0|28
46107|50.0|17
46121|100.0|-929
46123|68.7|-102
46129|42.9|107
47001|343.5|-1072
47013|213.6|-1801
47173|185.2|-323
47129|190.4|86
47003|406.1|-1746
47127|90.2|-31
47103|300.5|-268
47017|290.8|-1532
47077|162.10000000000002|-1020
47005|72.10000000000001|-199
47039|85.5|22
47143|233.10000000000002|-185
47007|335.2|444
47139|240.8|-23
47009|366.1|-85
47011|181.20000000000002|2537
47065|2018.5|4293
47151|140.8|695
47177|123.4|-559
47031|216.3|879
47189|140.8|-2410
47041|164.6|-414
47149|648.6|-13441
47019|274.4|572
47179|572.6|-4077
47163|245.7|-3917
47073|308.1|-1782
47055|199.1|553
47021|228.7|-893
47037|2617.2000000000003|-29662
47147|458.4|-1432
47075|375.3|77
47071|190.8|-459
47023|197.8|-245
47109|167.6|-731
47113|137.4|-431
47025|136.6|178
47067|148.7|-157
47027|154.20000000000002|87
47089|275.9|199
47029|112.25|1005
47033|259.2|-181
47097|192.8|-956
47035|218.89999999999998|-2126
47141|26.8|-971
47043|72.10000000000001|-1124
47081|272.1|-1314
47045|184.20000000000002|-1314
47047|205.0|-259
47069|100.5|203
47137|209.50000000000003|-345
47049|20.0|415
47133|357.1|-1037
47051|125.5|621
47131|125.9|-1145
47099|103.4|1248
47057|102.1|695
47063|270.7|1377
47059|268.0|-2556
47061|85.5|-75
47115|220.8|-444
47153|30.2|-18
47121|48.4|-513
47093|1011.8|-7744
47183|155.2|-283
47079|70.0|-528
47101|144.20000000000002|-641
47083|75.5|-372
47085|118.9|371
47161|115.0|-352
47087|137.4|-183
47155|288.40000000000003|-1168
47091|115.5|66
47095|92.10000000000001|23
47181|108.7|7
47105|285.0|-510
47145|73.6|-1943
47111|115.0|507
47159|68.7|9
47165|436.9|-2232
47117|83.4|1026
47167|173.7|-1517
47187|487.2|-2067
47107|226.3|-1069
47123|68.7|806
47185|90.2|-698
47135|77.9|-176
47157|2223.5|-33622
47169|226.9|15
47171|3.4|-331
47175|72.10000000000001|-128
47015|144.20000000000002|-146
48001|454.70000000000005|-202
48213|158.9|1301
48003|25.0|52
48005|297.1|-4610
48241|98.9|-456
48007|165.5|-607
48009|205.7|-61
48503|137.4|152
48439|2728.9|-26255
48077|137.4|12
48381|160.0|-844
48013|125.4|561
48029|2490.1000000000004|18530
48163|118.4|271
48297|207.10000000000002|324
48015|123.9|-144
48157|968.3|9338
48149|268.4|-471
48017|68.7|-91
48019|83.4|97
48265|193.9|2
48453|1463.0500000000002|13273
48021|165.4|-221
48287|88.7|63
48055|242.3|-1081
48099|103.4|-19
48275|72.10000000000001|-12
48409|153.6|-1938
48025|95.5|-476
48491|493.6|-15303
48027|645.6999999999999|-12994
48331|170.2|-812
48145|128.4|-774
48177|72.10000000000001|-73
48493|260.1|-113
48325|126.8|-1660
48091|197.8|625
48187|646.7|-1218
48479|506.0|-10164
48031|100.0|76
48259|75.5|175
48035|298.2|50
48425|300.8|263
48193|35.65|-7
48037|200.0|-4331
48387|100.0|-346
48167|716.5|-8227
48039|470.40000000000003|-1959
48041|481.20000000000005|-1246
48321|165.0|-860
48201|7243.200000000001|88361
48395|83.4|111
48071|197.5|-1500
48043|100.0|-276
48045|20.0|-9
48047|83.4|371
48049|213.45000000000002|106
48083|72.10000000000001|-392
48133|137.4|13
48093|49.699999999999996|159
48051|83.4|559
48299|177.0|205
48053|103.4|-919
48469|263.3|-2278
48057|103.9|415
48417|148.7|-38
48441|291.8|-2256
48061|796.3000000000001|-19117
48215|2013.6000000000001|16022
48489|194.4|-748
48449|203.70000000000002|306
48459|146.8|-2373
48065|3.4|30
48011|25.0|22
48375|315.4|-7764
48343|83.4|325
48315|86.8|-218
48279|68.7|-385
48069|280.0|-73
48291|172.39999999999998|-1011
48073|162.10000000000002|509
48423|480.65|-1783
48401|108.4|1409
48467|237.8|54
48345|80.0|-19
48237|140.8|-277
48337|92.10000000000001|337
48079|137.4|250
48081|91.3|-32
48085|1163.3|-18621
48113|4144.2|-106998
48121|881.45|-778
48231|258.35|378
48397|244.20000000000002|32
48087|75.5|83
48089|90.0|632
48143|110.2|332
48095|68.7|-56
48097|248.4|-1092
48281|98.9|346
48309|470.00000000000006|-3114
48101|20.0|68
48103|75.5|-53
48105|72.10000000000001|-45
48107|46.3|-203
48109|42.9|27
48111|72.10000000000001|-217
48257|398.5|1155
48139|709.5|1088
48367|346.9|-2529
48119|137.4|126
48317|103.9|-146
48123|176.8|-275
48285|120.0|-189
48497|237.70000000000002|3
48125|68.7|58
48507|112.10000000000001|40
48127|53.4|87
48129|68.7|27
48131|165.5|-127
48249|98.9|2274
48059|147.6|-74
48363|25.0|944
48135|454.6|418
48329|193.6|816
48385|86.9|-75
48137|20.0|-17
48229|157.1|-77
48349|294.4|200
48217|153.6|554
48451|242.9|-4015
48221|360.0|-11
48147|153.1|-509
48181|387.5|-875
48433|42.9|19
48151|172.10000000000002|-24
48153|20.0|149
48155|93.7|-7
48473|72.10000000000001|167
48223|220.8|315
48159|182.9|-405
48161|100.0|-584
48165|80.0|-277
48501|23.4|-191
48171|80.0|-253
48267|20.0|-19
48175|72.10000000000001|-22
48393|147.4|14
48295|97.10000000000001|5
48183|322.09999999999997|-3762
48185|155.5|-471
48471|165.7|493
48189|145.9|1133
48303|506.4|-1411
48191|25.0|-107
48333|180.3|65
48233|128.7|-100
48195|10.0|5
48197|20.0|-17
48487|75.5|-531
48199|257.6|485
48245|691.5|-3585
48373|294.3|4
48339|1002.8000000000001|-7868
48457|206.10000000000002|-286
48481|130.2|-1228
48355|642.4|-11505
48203|188.9|1814
48365|165.8|457
48341|88.7|-235
48207|20.0|31
48253|340.0|265
48209|140.8|2853
48211|23.4|-62
48273|28.4|-538
48293|30.2|-190
48219|42.9|863
48499|103.7|-621
48225|83.4|592
48455|140.8|268
48173|209.50000000000003|19
48227|20.0|2679
48379|46.8|-129
48235|140.8|-8
48239|85.5|490
48351|120.5|-120
48403|66.8|-218
48243|25.0|-57
48361|272.8|-1464
48247|225.2|150
48251|446.70000000000005|-598
48255|23.4|-461
48261|3.4|50
48263|137.4|24
48327|42.9|66
48271|42.9|85
48283|23.4|57
48277|174.4|-1749
48411|72.10000000000001|100
48289|163.4|252
48305|255.5|19
48033|3.4|43
48313|28.4|91
48323|179.05|-3350
48319|160.0|5
48311|3.4|-50
48335|25.0|-54
48407|152.1|-574
48421|100.0|-31
48405|167.45|98
48347|103.4|545
48353|3.4|498
48415|25.0|-174
48359|25.0|-69
48117|148.7|-793
48419|83.4|446
48369|68.7|152
48371|100.6|286
48377|125.0|-342
48383|68.7|61
48389|100.0|-188
48391|20.0|46
48399|80.0|-431
48413|68.7|-38
48447|68.7|31
48505|222.3|-271
48427|38.6|-4002
48431|20.0|-15
48435|68.7|-171
48437|88.7|149
48443|13.4|-4
48445|80.0|-262
48063|83.4|397
48461|49.699999999999996|-41
48463|68.7|-12
48465|144.05|-2022
48475|88.7|-292
48477|20.0|340
48483|85.8|7
48485|273.70000000000005|-1059
48495|23.4|-459
48429|100.0|-129
49003|80.0|100
49011|973.3000000000001|249
49035|2752.5|-303
49039|90.0|-25
51001|121.80000000000001|-665
51193|146.8|-295
51029|98.9|-362
51003|407.85|-2076
51079|83.4|-402
51540|152.10000000000002|1215
51065|178.9|270
51125|75.5|179
51510|237.4|-596
51059|1628.5|-15020
51013|360.5|-790
51045|105.0|14
51077|155.5|-107
51135|88.7|-18
51007|115.0|-215
51041|992.7|-5672
51009|80.0|-421
51019|163.4|-488
51037|148.7|103
51011|53.6|-124
51031|89.1|664
51820|25.0|452
51163|95.5|417
51017|42.9|-115
51091|32.25|35
51680|252.6|565
51067|248.2|-821
51161|125.95|-457
51043|78.9|24
51071|95.5|-36
51021|93.7|46
51185|323.1|-267
51770|210.4|3263
51023|264.7|121
51520|82.10000000000001|284
51191|180.4|780
51117|97.5|-50
51025|82.10000000000001|-23
51081|6.8|251
51111|178.89999999999998|321
51027|168.9|-284
51051|88.9|456
51167|137.4|68
51049|68.7|140
51033|137.4|884
51085|147.6|-312
51177|257.6|33
51141|167.6|-170
51035|42.25|544
51063|90.2|5
51197|289.5|-396
51087|609.7|-2355
51127|163.4|-415
51147|88.7|304
51590|286.8|-2441
51550|650.7|-207
51740|381.6|-2190
51810|836.2|-11264
51710|315.6|-7416
51760|848.2|3968
51121|160.0|674
51137|213.6|10
51157|145.2|-210
51047|222.45|-1573
51113|93.7|-165
51195|281.6|709
51053|180.8|-196
51149|23.4|-525
51175|168.7|-258
51057|80.0|219
51097|89.2|-3
51107|503.9|-2986
51610|182.1|3
51187|72.10000000000001|383
51153|690.6|-9446
51061|177.8|459
51179|110.2|-2852
51109|68.7|90
51069|422.40000000000003|626
51171|217.4|250
51073|95.5|257
51119|125.19999999999999|194
51115|68.7|-61
51075|339.5|-170
51083|75.5|-222
51143|252.5|1222
51650|462.4|-5438
51199|450.79999999999995|-137
51800|285.7|764
51165|137.4|-1187
51660|190.0|-1657
51089|157.4|1362
51105|259.2|-589
51670|102.30000000000001|-799
51093|75.5|-145
51181|68.7|-155
51095|140.8|375
51099|25.0|-327
51101|68.7|-125
51103|25.0|12
51133|86.8|-398
51700|319.7|2662
51131|140.8|-470
51159|137.4|-22
51720|80.0|-41
51139|68.7|336
51145|88.7|-127
51730|68.7|2112
51155|85.5|514
51169|122.1|-997
51173|102.1|-676
51183|68.7|-143
51830|68.7|-286
53025|355.2|-2378
53001|92.10000000000001|-407
53003|25.0|173
53005|587.8000000000001|-1344
53039|158.9|-529
53037|337.1|-243
53031|166.8|736
53009|165.5|-111
53015|346.0|837
53059|83.4|676
53013|68.7|-122
53041|132.0|540
53017|173.7|-144
53019|72.10000000000001|73
53065|108.9|227
53027|179.3|-2509
53049|96.8|553
53029|286.1|239
53061|1642.5|-353
53051|96.8|-25
53055|80.0|-122
53057|497.79999999999995|-902
53069|42.9|165
55001|78.1|194
55021|160.0|-355
55141|253.05|-237
55003|95.5|-229
55099|172.10000000000002|82
55129|86.30000000000001|225
55005|221.7|601
55033|372.34999999999997|540
55007|80.0|238
55113|86.8|243
55009|538.1999999999999|-2498
55087|386.8|-4341
55083|130.2|-870
55061|68.7|-65
55011|111.8|283
55121|137.4|273
55013|103.4|144
55095|286.1|-375
55015|204.5|83
55071|274.8|874
55117|468.7|1320
55139|248.7|-1237
55017|240.0|943
55035|200.2|1826
55019|288.7|-487
55119|105.0|-1127
55073|393.5|3496
55053|148.7|-210
55031|187.6|229
55077|168.9|247
55025|918.4|-3035
55027|217.4|210
55047|68.7|-194
55043|142.45|-759
55123|133.4|404
55023|81.95|-388
55105|586.05|-6650
55045|148.7|-156
55055|260.0|-993
55049|147.6|152
55039|369.5|-180
55131|350.0|-1164
55029|100.0|-210
55109|351.59999999999997|-131
55091|32.25|86
55037|68.7|-557
55075|188.6|352
55041|42.9|-258
55085|217.4|-440
55065|80.0|-60
55137|191.6|156
55051|80.0|-301
55081|183.4|-5105
55127|337.4|-1039
55057|88.7|-667
55103|126.30000000000001|897
55059|328.25|5221
55101|439.2|-7875
55063|183.4|-2768
55067|148.7|-157
55069|3.4|-30
55078|152.10000000000002|-28
55079|2167.2000000000003|-26469
55089|762.3000000000001|-1286
55133|971.5999999999999|-1237
55115|118.4|370
55125|100.0|-318
55135|80.0|304
55093|90.0|190
55097|205.0|183
55107|105.0|-1898
55111|170.0|1013
54065|88.7|513
54085|157.6|103
54007|96.8|-19
54021|88.7|82
54013|100.95|85
54027|45.0|429
54043|72.10000000000001|607
54071|30.2|170
